# elastic ep cross section
# energy (MeV), angle (deg), non_rad, rad, born (nb/sr)
700, 0.4, 6.12663e+10, 6.47731e+10, 7.1246e+10
700, 0.41, 5.53818e+10, 5.86022e+10, 6.4545e+10
700, 0.42, 5.01841e+10, 5.31469e+10, 5.86135e+10
700, 0.43, 4.55795e+10, 4.83104e+10, 5.3348e+10
700, 0.44, 4.14888e+10, 4.40103e+10, 4.86606e+10
700, 0.45, 3.7845e+10, 4.01769e+10, 4.4477e+10
700, 0.46, 3.45907e+10, 3.67509e+10, 4.07334e+10
700, 0.47, 3.16774e+10, 3.36814e+10, 3.73755e+10
700, 0.48, 2.9063e+10, 3.0925e+10, 3.43566e+10
700, 0.49, 2.67117e+10, 2.84441e+10, 3.16364e+10
700, 0.5, 2.45923e+10, 2.62064e+10, 2.91802e+10
700, 0.51, 2.26781e+10, 2.41839e+10, 2.69578e+10
700, 0.52, 2.09458e+10, 2.23523e+10, 2.49429e+10
700, 0.53, 1.9375e+10, 2.06904e+10, 2.31128e+10
700, 0.54, 1.7948e+10, 1.91797e+10, 2.14476e+10
700, 0.55, 1.66495e+10, 1.7804e+10, 1.99296e+10
700, 0.56, 1.54657e+10, 1.65492e+10, 1.85436e+10
700, 0.57, 1.43849e+10, 1.54026e+10, 1.72759e+10
700, 0.58, 1.33964e+10, 1.43534e+10, 1.61148e+10
700, 0.59, 1.24909e+10, 1.33918e+10, 1.50496e+10
700, 0.6, 1.16604e+10, 1.25092e+10, 1.40709e+10
700, 0.61, 1.08974e+10, 1.16979e+10, 1.31706e+10
700, 0.62, 1.01955e+10, 1.09511e+10, 1.23411e+10
700, 0.63, 9.54897e+09, 1.02628e+10, 1.15758e+10
700, 0.64, 8.95264e+09, 9.62764e+09, 1.0869e+10
700, 0.65, 8.40192e+09, 9.0407e+09, 1.02153e+10
700, 0.66, 7.89271e+09, 8.49768e+09, 9.61004e+09
700, 0.67, 7.42131e+09, 7.99472e+09, 9.04892e+09
700, 0.68, 6.98442e+09, 7.52832e+09, 8.52816e+09
700, 0.69, 6.57906e+09, 7.09534e+09, 8.04433e+09
700, 0.7, 6.20254e+09, 6.69296e+09, 7.59432e+09
700, 0.71, 5.85245e+09, 6.31862e+09, 7.17534e+09
700, 0.72, 5.52659e+09, 5.97001e+09, 6.78486e+09
700, 0.73, 5.22299e+09, 5.64505e+09, 6.42058e+09
700, 0.74, 4.93986e+09, 5.34184e+09, 6.08042e+09
700, 0.75, 4.67556e+09, 5.05866e+09, 5.76248e+09
700, 0.76, 4.42861e+09, 4.79394e+09, 5.46506e+09
700, 0.77, 4.19768e+09, 4.54627e+09, 5.18658e+09
700, 0.78, 3.98153e+09, 4.31434e+09, 4.92561e+09
700, 0.79, 3.77904e+09, 4.09696e+09, 4.68084e+09
700, 0.8, 3.58921e+09, 3.89307e+09, 4.45109e+09
700, 0.81, 3.41108e+09, 3.70167e+09, 4.23527e+09
700, 0.82, 3.24382e+09, 3.52185e+09, 4.03236e+09
700, 0.83, 3.08663e+09, 3.35279e+09, 3.84146e+09
700, 0.84, 2.9388e+09, 3.19372e+09, 3.66173e+09
700, 0.85, 2.79967e+09, 3.04442e+09, 3.49238e+09
700, 0.86, 2.66864e+09, 2.90283e+09, 3.3327e+09
700, 0.87, 2.54515e+09, 2.76977e+09, 3.18205e+09
700, 0.88, 2.42868e+09, 2.64422e+09, 3.03982e+09
700, 0.89, 2.31876e+09, 2.52568e+09, 2.90544e+09
700, 0.9, 2.21497e+09, 2.4137e+09, 2.7784e+09
700, 0.91, 2.11688e+09, 2.30783e+09, 2.65823e+09
700, 0.92, 2.02414e+09, 2.20769e+09, 2.54449e+09
700, 0.93, 1.93639e+09, 2.1129e+09, 2.43676e+09
700, 0.94, 1.85333e+09, 2.02313e+09, 2.33468e+09
700, 0.95, 1.77465e+09, 1.93807e+09, 2.23788e+09
700, 0.96, 1.70007e+09, 1.85741e+09, 2.14605e+09
700, 0.97, 1.62936e+09, 1.7809e+09, 2.05888e+09
700, 0.98, 1.56226e+09, 1.70827e+09, 1.97609e+09
700, 0.99, 1.49857e+09, 1.63929e+09, 1.89742e+09
700, 1, 1.43807e+09, 1.57376e+09, 1.82262e+09
700, 1.01, 1.38058e+09, 1.51145e+09, 1.75147e+09
700, 1.02, 1.32591e+09, 1.45219e+09, 1.68376e+09
700, 1.03, 1.27391e+09, 1.39579e+09, 1.61929e+09
700, 1.04, 1.22443e+09, 1.3421e+09, 1.55788e+09
700, 1.05, 1.17731e+09, 1.29096e+09, 1.49935e+09
700, 1.06, 1.13242e+09, 1.24222e+09, 1.44354e+09
700, 1.07, 1.08964e+09, 1.19575e+09, 1.3903e+09
700, 1.08, 1.04885e+09, 1.15143e+09, 1.33949e+09
700, 1.09, 1.00994e+09, 1.10914e+09, 1.29099e+09
700, 1.1, 9.72814e+08, 1.06876e+09, 1.24466e+09
700, 1.11, 9.37365e+08, 1.0302e+09, 1.20038e+09
700, 1.12, 9.03508e+08, 9.93361e+08, 1.15806e+09
700, 1.13, 8.71158e+08, 9.58143e+08, 1.11759e+09
700, 1.14, 8.40234e+08, 9.24472e+08, 1.07887e+09
700, 1.15, 8.10664e+08, 8.92261e+08, 1.04181e+09
700, 1.16, 7.82376e+08, 8.61435e+08, 1.00633e+09
700, 1.17, 7.55304e+08, 8.31925e+08, 9.72342e+08
700, 1.18, 7.29387e+08, 8.03664e+08, 9.3978e+08
700, 1.19, 7.04566e+08, 7.76589e+08, 9.08568e+08
700, 1.2, 6.80786e+08, 7.50601e+08, 8.78642e+08
700, 1.21, 6.57996e+08, 7.25764e+08, 8.49937e+08
700, 1.22, 6.36146e+08, 7.01906e+08, 8.22394e+08
700, 1.23, 6.15191e+08, 6.79017e+08, 7.95958e+08
700, 1.24, 5.95086e+08, 6.5705e+08, 7.70575e+08
700, 1.25, 5.75792e+08, 6.35962e+08, 7.46195e+08
700, 1.26, 5.57269e+08, 6.1571e+08, 7.22772e+08
700, 1.27, 5.39481e+08, 5.96256e+08, 7.0026e+08
700, 1.28, 5.22393e+08, 5.77561e+08, 6.78618e+08
700, 1.29, 5.05973e+08, 5.5959e+08, 6.57805e+08
700, 1.3, 4.90189e+08, 5.42311e+08, 6.37783e+08
700, 1.31, 4.75012e+08, 5.25691e+08, 6.18517e+08
700, 1.32, 4.60415e+08, 5.09702e+08, 5.99973e+08
700, 1.33, 4.46371e+08, 4.94313e+08, 5.82118e+08
700, 1.34, 4.32856e+08, 4.79499e+08, 5.64923e+08
700, 1.35, 4.19845e+08, 4.65234e+08, 5.48357e+08
700, 1.36, 4.07317e+08, 4.51493e+08, 5.32394e+08
700, 1.37, 3.9525e+08, 4.38255e+08, 5.17007e+08
700, 1.38, 3.83624e+08, 4.25496e+08, 5.02172e+08
700, 1.39, 3.7242e+08, 4.13197e+08, 4.87865e+08
700, 1.4, 3.6162e+08, 4.01338e+08, 4.74063e+08
700, 1.41, 3.51206e+08, 3.89899e+08, 4.60746e+08
700, 1.42, 3.41162e+08, 3.78864e+08, 4.47893e+08
700, 1.43, 3.31473e+08, 3.68215e+08, 4.35485e+08
700, 1.44, 3.22123e+08, 3.57936e+08, 4.23504e+08
700, 1.45, 3.13099e+08, 3.48012e+08, 4.11931e+08
700, 1.46, 3.04387e+08, 3.38429e+08, 4.00751e+08
700, 1.47, 2.95973e+08, 3.29172e+08, 3.89948e+08
700, 1.48, 2.87847e+08, 3.20228e+08, 3.79506e+08
700, 1.49, 2.79997e+08, 3.11585e+08, 3.69411e+08
700, 1.5, 2.7241e+08, 3.03231e+08, 3.59649e+08
700, 1.51, 2.65077e+08, 2.95154e+08, 3.50207e+08
700, 1.52, 2.57988e+08, 2.87343e+08, 3.41073e+08
700, 1.53, 2.51133e+08, 2.79787e+08, 3.32235e+08
700, 1.54, 2.44503e+08, 2.72478e+08, 3.23681e+08
700, 1.55, 2.38089e+08, 2.65405e+08, 3.154e+08
700, 1.56, 2.31882e+08, 2.58559e+08, 3.07382e+08
700, 1.57, 2.25876e+08, 2.51931e+08, 2.99618e+08
700, 1.58, 2.20061e+08, 2.45514e+08, 2.92096e+08
700, 1.59, 2.14431e+08, 2.39299e+08, 2.84809e+08
700, 1.6, 2.08979e+08, 2.33279e+08, 2.77748e+08
700, 1.61, 2.03698e+08, 2.27447e+08, 2.70905e+08
700, 1.62, 1.98582e+08, 2.21794e+08, 2.6427e+08
700, 1.63, 1.93625e+08, 2.16316e+08, 2.57837e+08
700, 1.64, 1.8882e+08, 2.11005e+08, 2.51599e+08
700, 1.65, 1.84163e+08, 2.05856e+08, 2.45548e+08
700, 1.66, 1.79647e+08, 2.00862e+08, 2.39678e+08
700, 1.67, 1.75269e+08, 1.96018e+08, 2.33982e+08
700, 1.68, 1.71022e+08, 1.91319e+08, 2.28454e+08
700, 1.69, 1.66902e+08, 1.86759e+08, 2.23089e+08
700, 1.7, 1.62904e+08, 1.82333e+08, 2.17879e+08
700, 1.71, 1.59025e+08, 1.78038e+08, 2.12821e+08
700, 1.72, 1.5526e+08, 1.73868e+08, 2.07909e+08
700, 1.73, 1.51605e+08, 1.69818e+08, 2.03138e+08
700, 1.74, 1.48057e+08, 1.65886e+08, 1.98502e+08
700, 1.75, 1.44611e+08, 1.62066e+08, 1.93998e+08
700, 1.76, 1.41263e+08, 1.58355e+08, 1.89621e+08
700, 1.77, 1.38012e+08, 1.5475e+08, 1.85366e+08
700, 1.78, 1.34853e+08, 1.51246e+08, 1.8123e+08
700, 1.79, 1.31784e+08, 1.4784e+08, 1.77209e+08
700, 1.8, 1.288e+08, 1.44529e+08, 1.73299e+08
700, 1.81, 1.259e+08, 1.4131e+08, 1.69495e+08
700, 1.82, 1.23081e+08, 1.3818e+08, 1.65796e+08
700, 1.83, 1.2034e+08, 1.35136e+08, 1.62197e+08
700, 1.84, 1.17674e+08, 1.32174e+08, 1.58694e+08
700, 1.85, 1.15081e+08, 1.29293e+08, 1.55286e+08
700, 1.86, 1.12559e+08, 1.2649e+08, 1.51969e+08
700, 1.87, 1.10105e+08, 1.23762e+08, 1.48739e+08
700, 1.88, 1.07717e+08, 1.21107e+08, 1.45595e+08
700, 1.89, 1.05393e+08, 1.18523e+08, 1.42534e+08
700, 1.9, 1.03131e+08, 1.16007e+08, 1.39552e+08
700, 1.91, 1.00929e+08, 1.13557e+08, 1.36648e+08
700, 1.92, 9.87853e+07, 1.11171e+08, 1.33819e+08
700, 1.93, 9.66976e+07, 1.08847e+08, 1.31063e+08
700, 1.94, 9.46645e+07, 1.06583e+08, 1.28378e+08
700, 1.95, 9.26841e+07, 1.04378e+08, 1.2576e+08
700, 1.96, 9.0755e+07, 1.02229e+08, 1.23209e+08
700, 1.97, 8.88755e+07, 1.00135e+08, 1.20723e+08
700, 1.98, 8.7044e+07, 9.80941e+07, 1.18298e+08
700, 1.99, 8.52592e+07, 9.61047e+07, 1.15934e+08
700, 2, 8.35196e+07, 9.41653e+07, 1.13629e+08
700, 2.01, 8.18239e+07, 9.22744e+07, 1.11381e+08
700, 2.02, 8.01707e+07, 9.04305e+07, 1.09188e+08
700, 2.03, 7.85588e+07, 8.86323e+07, 1.07049e+08
700, 2.04, 7.69869e+07, 8.68783e+07, 1.04962e+08
700, 2.05, 7.54539e+07, 8.51673e+07, 1.02925e+08
700, 2.06, 7.39586e+07, 8.34981e+07, 1.00938e+08
700, 2.07, 7.24999e+07, 8.18694e+07, 9.89979e+07
700, 2.08, 7.10768e+07, 8.02801e+07, 9.71045e+07
700, 2.09, 6.96882e+07, 7.8729e+07, 9.5256e+07
700, 2.1, 6.83331e+07, 7.7215e+07, 9.34513e+07
700, 2.11, 6.70106e+07, 7.57371e+07, 9.1689e+07
700, 2.12, 6.57197e+07, 7.42943e+07, 8.99681e+07
700, 2.13, 6.44596e+07, 7.28855e+07, 8.82873e+07
700, 2.14, 6.32293e+07, 7.15098e+07, 8.66455e+07
700, 2.15, 6.2028e+07, 7.01662e+07, 8.50417e+07
700, 2.16, 6.08549e+07, 6.88539e+07, 8.34747e+07
700, 2.17, 5.97093e+07, 6.75721e+07, 8.19437e+07
700, 2.18, 5.85902e+07, 6.63198e+07, 8.04475e+07
700, 2.19, 5.74972e+07, 6.50963e+07, 7.89853e+07
700, 2.2, 5.64293e+07, 6.39007e+07, 7.75562e+07
700, 2.21, 5.53859e+07, 6.27323e+07, 7.61591e+07
700, 2.22, 5.43664e+07, 6.15904e+07, 7.47934e+07
700, 2.23, 5.337e+07, 6.04743e+07, 7.34581e+07
700, 2.24, 5.23963e+07, 5.93832e+07, 7.21524e+07
700, 2.25, 5.14445e+07, 5.83165e+07, 7.08756e+07
700, 2.26, 5.0514e+07, 5.72736e+07, 6.96268e+07
700, 2.27, 4.96044e+07, 5.62538e+07, 6.84054e+07
700, 2.28, 4.8715e+07, 5.52564e+07, 6.72107e+07
700, 2.29, 4.78453e+07, 5.4281e+07, 6.60418e+07
700, 2.3, 4.69948e+07, 5.33269e+07, 6.48983e+07
700, 2.31, 4.6163e+07, 5.23936e+07, 6.37793e+07
700, 2.32, 4.53493e+07, 5.14806e+07, 6.26844e+07
700, 2.33, 4.45534e+07, 5.05872e+07, 6.16128e+07
700, 2.34, 4.37748e+07, 4.97131e+07, 6.05639e+07
700, 2.35, 4.3013e+07, 4.88576e+07, 5.95373e+07
700, 2.36, 4.22676e+07, 4.80205e+07, 5.85323e+07
700, 2.37, 4.15381e+07, 4.72009e+07, 5.75484e+07
700, 2.38, 4.08242e+07, 4.6399e+07, 5.6585e+07
700, 2.39, 4.01255e+07, 4.56138e+07, 5.56417e+07
700, 2.4, 3.94415e+07, 4.48451e+07, 5.4718e+07
700, 2.41, 3.8772e+07, 4.40924e+07, 5.38133e+07
700, 2.42, 3.81165e+07, 4.33554e+07, 5.29272e+07
700, 2.43, 3.74747e+07, 4.26336e+07, 5.20592e+07
700, 2.44, 3.68462e+07, 4.19268e+07, 5.12089e+07
700, 2.45, 3.62308e+07, 4.12344e+07, 5.03759e+07
700, 2.46, 3.56281e+07, 4.05563e+07, 4.95598e+07
700, 2.47, 3.50378e+07, 3.98919e+07, 4.876e+07
700, 2.48, 3.44595e+07, 3.9241e+07, 4.79763e+07
700, 2.49, 3.38931e+07, 3.86033e+07, 4.72083e+07
700, 2.5, 3.33382e+07, 3.79775e+07, 4.64556e+07
700, 2.51, 3.27945e+07, 3.73662e+07, 4.57178e+07
700, 2.52, 3.22617e+07, 3.67661e+07, 4.49945e+07
700, 2.53, 3.17397e+07, 3.61779e+07, 4.42855e+07
700, 2.54, 3.12281e+07, 3.56014e+07, 4.35903e+07
700, 2.55, 3.07267e+07, 3.50363e+07, 4.29088e+07
700, 2.56, 3.02352e+07, 3.44823e+07, 4.22405e+07
700, 2.57, 2.97535e+07, 3.39392e+07, 4.15851e+07
700, 2.58, 2.92812e+07, 3.34067e+07, 4.09423e+07
700, 2.59, 2.88182e+07, 3.28845e+07, 4.03119e+07
700, 2.6, 2.83643e+07, 3.23724e+07, 3.96936e+07
700, 2.61, 2.79192e+07, 3.18702e+07, 3.90871e+07
700, 2.62, 2.74827e+07, 3.13777e+07, 3.84921e+07
700, 2.63, 2.70547e+07, 3.08946e+07, 3.79083e+07
700, 2.64, 2.66349e+07, 3.04208e+07, 3.73356e+07
700, 2.65, 2.62232e+07, 2.99559e+07, 3.67736e+07
700, 2.66, 2.58193e+07, 2.94998e+07, 3.62221e+07
700, 2.67, 2.54231e+07, 2.90524e+07, 3.56809e+07
700, 2.68, 2.50344e+07, 2.86133e+07, 3.51498e+07
700, 2.69, 2.46531e+07, 2.81825e+07, 3.46285e+07
700, 2.7, 2.42789e+07, 2.77597e+07, 3.41168e+07
700, 2.71, 2.39118e+07, 2.73448e+07, 3.36145e+07
700, 2.72, 2.35515e+07, 2.69375e+07, 3.31214e+07
700, 2.73, 2.3198e+07, 2.65378e+07, 3.26372e+07
700, 2.74, 2.2851e+07, 2.61454e+07, 3.21619e+07
700, 2.75, 2.25104e+07, 2.57602e+07, 3.16952e+07
700, 2.76, 2.21761e+07, 2.53821e+07, 3.12369e+07
700, 2.77, 2.18479e+07, 2.50108e+07, 3.07869e+07
700, 2.78, 2.15257e+07, 2.46463e+07, 3.03449e+07
700, 2.79, 2.12094e+07, 2.42883e+07, 2.99108e+07
700, 2.8, 2.08989e+07, 2.39365e+07, 2.94844e+07
700, 2.81, 2.05939e+07, 2.35916e+07, 2.90656e+07
700, 2.82, 2.02945e+07, 2.32526e+07, 2.86542e+07
700, 2.83, 2.00005e+07, 2.29196e+07, 2.825e+07
700, 2.84, 1.97117e+07, 2.25925e+07, 2.78529e+07
700, 2.85, 1.9428e+07, 2.22712e+07, 2.74627e+07
700, 2.86, 1.91494e+07, 2.19555e+07, 2.70793e+07
700, 2.87, 1.88758e+07, 2.16454e+07, 2.67026e+07
700, 2.88, 1.8607e+07, 2.13408e+07, 2.63324e+07
700, 2.89, 1.83429e+07, 2.10414e+07, 2.59686e+07
700, 2.9, 1.80834e+07, 2.07469e+07, 2.5611e+07
700, 2.91, 1.78285e+07, 2.04582e+07, 2.52596e+07
700, 2.92, 1.7578e+07, 2.01741e+07, 2.49141e+07
700, 2.93, 1.73319e+07, 1.98949e+07, 2.45746e+07
700, 2.94, 1.709e+07, 1.96205e+07, 2.42407e+07
700, 2.95, 1.68523e+07, 1.93508e+07, 2.39125e+07
700, 2.96, 1.66187e+07, 1.90857e+07, 2.35899e+07
700, 2.97, 1.63891e+07, 1.88251e+07, 2.32726e+07
700, 2.98, 1.61634e+07, 1.85689e+07, 2.29607e+07
700, 2.99, 1.59416e+07, 1.83171e+07, 2.26539e+07
700, 3, 1.57235e+07, 1.80694e+07, 2.23523e+07
700, 3.01, 1.55091e+07, 1.78259e+07, 2.20556e+07
700, 3.02, 1.52983e+07, 1.75865e+07, 2.17638e+07
700, 3.03, 1.50911e+07, 1.73511e+07, 2.14769e+07
700, 3.04, 1.48873e+07, 1.71195e+07, 2.11946e+07
700, 3.05, 1.46869e+07, 1.68918e+07, 2.0917e+07
700, 3.06, 1.44899e+07, 1.66679e+07, 2.06438e+07
700, 3.07, 1.42961e+07, 1.64476e+07, 2.03751e+07
700, 3.08, 1.41056e+07, 1.62309e+07, 2.01108e+07
700, 3.09, 1.39181e+07, 1.60178e+07, 1.98507e+07
700, 3.1, 1.37338e+07, 1.58081e+07, 1.95948e+07
700, 3.11, 1.35524e+07, 1.56019e+07, 1.9343e+07
700, 3.12, 1.33741e+07, 1.53989e+07, 1.90952e+07
700, 3.13, 1.31986e+07, 1.51993e+07, 1.88514e+07
700, 3.14, 1.3026e+07, 1.50028e+07, 1.86114e+07
700, 3.15, 1.28561e+07, 1.48095e+07, 1.83752e+07
700, 3.16, 1.2689e+07, 1.46193e+07, 1.81428e+07
700, 3.17, 1.25246e+07, 1.44321e+07, 1.7914e+07
700, 3.18, 1.23628e+07, 1.42479e+07, 1.76888e+07
700, 3.19, 1.22036e+07, 1.40666e+07, 1.74671e+07
700, 3.2, 1.20469e+07, 1.38878e+07, 1.72489e+07
700, 3.21, 1.18928e+07, 1.37125e+07, 1.7034e+07
700, 3.22, 1.1741e+07, 1.35396e+07, 1.68225e+07
700, 3.23, 1.15917e+07, 1.33694e+07, 1.66143e+07
700, 3.24, 1.14447e+07, 1.32019e+07, 1.64092e+07
700, 3.25, 1.13e+07, 1.3037e+07, 1.62073e+07
700, 3.26, 1.11575e+07, 1.28746e+07, 1.60085e+07
700, 3.27, 1.10173e+07, 1.27147e+07, 1.58127e+07
700, 3.28, 1.08793e+07, 1.25573e+07, 1.56199e+07
700, 3.29, 1.07433e+07, 1.24023e+07, 1.543e+07
700, 3.3, 1.06095e+07, 1.22497e+07, 1.5243e+07
700, 3.31, 1.04778e+07, 1.20994e+07, 1.50588e+07
700, 3.32, 1.03481e+07, 1.19513e+07, 1.48774e+07
700, 3.33, 1.02203e+07, 1.18056e+07, 1.46987e+07
700, 3.34, 1.00945e+07, 1.1662e+07, 1.45226e+07
700, 3.35, 9.97064e+06, 1.15206e+07, 1.43492e+07
700, 3.36, 9.84864e+06, 1.13813e+07, 1.41784e+07
700, 3.37, 9.72848e+06, 1.12441e+07, 1.401e+07
700, 3.38, 9.61013e+06, 1.1109e+07, 1.38442e+07
700, 3.39, 9.49356e+06, 1.09758e+07, 1.36808e+07
700, 3.4, 9.37874e+06, 1.08447e+07, 1.35198e+07
700, 3.41, 9.26564e+06, 1.07154e+07, 1.33611e+07
700, 3.42, 9.15422e+06, 1.05881e+07, 1.32048e+07
700, 3.43, 9.04445e+06, 1.04627e+07, 1.30508e+07
700, 3.44, 8.93632e+06, 1.03391e+07, 1.28989e+07
700, 3.45, 8.82977e+06, 1.02173e+07, 1.27493e+07
700, 3.46, 8.7248e+06, 1.00973e+07, 1.26018e+07
700, 3.47, 8.62137e+06, 9.97905e+06, 1.24565e+07
700, 3.48, 8.51946e+06, 9.8625e+06, 1.23132e+07
700, 3.49, 8.41903e+06, 9.74764e+06, 1.2172e+07
700, 3.5, 8.32007e+06, 9.63444e+06, 1.20328e+07
700, 3.51, 8.22254e+06, 9.52286e+06, 1.18955e+07
700, 3.52, 8.12643e+06, 9.41289e+06, 1.17603e+07
700, 3.53, 8.0317e+06, 9.30449e+06, 1.16269e+07
700, 3.54, 7.93834e+06, 9.19764e+06, 1.14954e+07
700, 3.55, 7.84632e+06, 9.0923e+06, 1.13657e+07
700, 3.56, 7.75561e+06, 8.98846e+06, 1.12379e+07
700, 3.57, 7.66621e+06, 8.88609e+06, 1.11119e+07
700, 3.58, 7.57807e+06, 8.78517e+06, 1.09876e+07
700, 3.59, 7.49119e+06, 8.68566e+06, 1.0865e+07
700, 3.6, 7.40554e+06, 8.58755e+06, 1.07442e+07
700, 3.61, 7.32109e+06, 8.49082e+06, 1.0625e+07
700, 3.62, 7.23784e+06, 8.39543e+06, 1.05074e+07
700, 3.63, 7.15576e+06, 8.30137e+06, 1.03915e+07
700, 3.64, 7.07482e+06, 8.20861e+06, 1.02772e+07
700, 3.65, 6.99503e+06, 7.96585e+06, 1.01644e+07
700, 3.66, 6.91633e+06, 8.02694e+06, 1.00532e+07
700, 3.67, 6.83873e+06, 7.93797e+06, 9.94343e+06
700, 3.68, 6.76221e+06, 7.85022e+06, 9.83519e+06
700, 3.69, 6.68674e+06, 7.76368e+06, 9.72841e+06
700, 3.7, 6.61232e+06, 7.67832e+06, 9.62308e+06
700, 3.71, 6.53892e+06, 7.59412e+06, 9.51916e+06
700, 3.72, 6.46652e+06, 7.51106e+06, 9.41664e+06
700, 3.73, 6.39512e+06, 7.42913e+06, 9.31549e+06
700, 3.74, 6.32469e+06, 7.34831e+06, 9.21569e+06
700, 3.75, 6.25522e+06, 7.26857e+06, 9.11722e+06
700, 3.76, 6.18668e+06, 7.18991e+06, 9.02005e+06
700, 3.77, 6.11908e+06, 7.1123e+06, 8.92418e+06
700, 3.78, 6.05239e+06, 7.03573e+06, 8.82956e+06
700, 3.79, 5.9866e+06, 6.96018e+06, 8.7362e+06
700, 3.8, 5.92169e+06, 6.88564e+06, 8.64406e+06
700, 3.81, 5.85765e+06, 6.81208e+06, 8.55313e+06
700, 3.82, 5.79446e+06, 6.7395e+06, 8.46338e+06
700, 3.83, 5.73212e+06, 6.66787e+06, 8.37481e+06
700, 3.84, 5.67061e+06, 6.59719e+06, 8.28739e+06
700, 3.85, 5.60991e+06, 6.52743e+06, 8.2011e+06
700, 3.86, 5.55001e+06, 6.45859e+06, 8.11593e+06
700, 3.87, 5.4909e+06, 6.39065e+06, 8.03185e+06
700, 3.88, 5.43257e+06, 6.32359e+06, 7.94886e+06
700, 3.89, 5.37501e+06, 6.25741e+06, 7.86693e+06
700, 3.9, 5.3182e+06, 6.19208e+06, 7.78606e+06
700, 3.91, 5.26213e+06, 6.12759e+06, 7.70621e+06
700, 3.92, 5.20679e+06, 6.06394e+06, 7.62739e+06
700, 3.93, 5.15217e+06, 6.00111e+06, 7.54956e+06
700, 3.94, 5.09825e+06, 5.93909e+06, 7.47272e+06
700, 3.95, 5.04504e+06, 5.87785e+06, 7.39685e+06
700, 3.96, 4.99251e+06, 5.8174e+06, 7.32194e+06
700, 3.97, 4.94065e+06, 5.75772e+06, 7.24797e+06
700, 3.98, 4.88946e+06, 5.69879e+06, 7.17493e+06
700, 3.99, 4.83892e+06, 5.64062e+06, 7.10281e+06
700, 4, 4.78903e+06, 5.58318e+06, 7.03158e+06
700, 4.01, 4.73978e+06, 5.52646e+06, 6.96124e+06
700, 4.02, 4.69115e+06, 5.47045e+06, 6.89178e+06
700, 4.03, 4.64313e+06, 5.41516e+06, 6.82318e+06
700, 4.04, 4.59573e+06, 5.36054e+06, 6.75542e+06
700, 4.05, 4.54892e+06, 5.30662e+06, 6.6885e+06
700, 4.06, 4.5027e+06, 5.25335e+06, 6.62241e+06
700, 4.07, 4.45706e+06, 5.20077e+06, 6.55712e+06
700, 4.08, 4.41199e+06, 5.14883e+06, 6.49263e+06
700, 4.09, 4.36748e+06, 5.09753e+06, 6.42894e+06
700, 4.1, 4.32353e+06, 5.04686e+06, 6.36601e+06
700, 4.11, 4.28012e+06, 4.99682e+06, 6.30386e+06
700, 4.12, 4.23725e+06, 4.94739e+06, 6.24245e+06
700, 4.13, 4.19491e+06, 4.89856e+06, 6.18179e+06
700, 4.14, 4.1531e+06, 4.85034e+06, 6.12187e+06
700, 4.15, 4.11179e+06, 4.8027e+06, 6.06266e+06
700, 4.16, 4.071e+06, 4.75564e+06, 6.00416e+06
700, 4.17, 4.03071e+06, 4.70915e+06, 5.94637e+06
700, 4.18, 3.9909e+06, 4.66322e+06, 5.88926e+06
700, 4.19, 3.95158e+06, 4.61785e+06, 5.83284e+06
700, 4.2, 3.91275e+06, 4.57303e+06, 5.77709e+06
700, 4.21, 3.87438e+06, 4.52874e+06, 5.722e+06
700, 4.22, 3.83647e+06, 4.48499e+06, 5.66756e+06
700, 4.23, 3.79903e+06, 4.44175e+06, 5.61376e+06
700, 4.24, 3.76203e+06, 4.39903e+06, 5.5606e+06
700, 4.25, 3.72548e+06, 4.35683e+06, 5.50807e+06
700, 4.26, 3.68937e+06, 4.31512e+06, 5.45615e+06
700, 4.27, 3.65369e+06, 4.27391e+06, 5.40484e+06
700, 4.28, 3.61844e+06, 4.23318e+06, 5.35412e+06
700, 4.29, 3.5836e+06, 4.19294e+06, 5.304e+06
700, 4.3, 3.54918e+06, 4.15316e+06, 5.25446e+06
700, 4.31, 3.51517e+06, 4.11386e+06, 5.2055e+06
700, 4.32, 3.48156e+06, 4.07501e+06, 5.1571e+06
700, 4.33, 3.44835e+06, 4.03661e+06, 5.10926e+06
700, 4.34, 3.41553e+06, 3.99868e+06, 5.06197e+06
700, 4.35, 3.38309e+06, 3.96118e+06, 5.01523e+06
700, 4.36, 3.35103e+06, 3.92411e+06, 4.96902e+06
700, 4.37, 3.31935e+06, 3.88748e+06, 4.92334e+06
700, 4.38, 3.28804e+06, 3.85126e+06, 4.87818e+06
700, 4.39, 3.25709e+06, 3.81547e+06, 4.83353e+06
700, 4.4, 3.22651e+06, 3.78008e+06, 4.78939e+06
700, 4.41, 3.19627e+06, 3.7451e+06, 4.74576e+06
700, 4.42, 3.16639e+06, 3.71053e+06, 4.70261e+06
700, 4.43, 3.13685e+06, 3.67634e+06, 4.65996e+06
700, 4.44, 3.10765e+06, 3.64255e+06, 4.61778e+06
700, 4.45, 3.07879e+06, 3.60914e+06, 4.57608e+06
700, 4.46, 3.05025e+06, 3.57611e+06, 4.53484e+06
700, 4.47, 3.02205e+06, 3.54346e+06, 4.49407e+06
700, 4.48, 2.99416e+06, 3.51117e+06, 4.45375e+06
700, 4.49, 2.9666e+06, 3.47925e+06, 4.41388e+06
700, 4.5, 2.93934e+06, 3.44769e+06, 4.37445e+06
700, 4.51, 2.9124e+06, 3.41648e+06, 4.33546e+06
700, 4.52, 2.88576e+06, 3.38562e+06, 4.2969e+06
700, 4.53, 2.85942e+06, 3.3551e+06, 4.25877e+06
700, 4.54, 2.83337e+06, 3.32493e+06, 4.22106e+06
700, 4.55, 2.80762e+06, 3.29509e+06, 4.18376e+06
700, 4.56, 2.78216e+06, 3.26558e+06, 4.14687e+06
700, 4.57, 2.75699e+06, 3.2364e+06, 4.11038e+06
700, 4.58, 2.73209e+06, 3.20754e+06, 4.07429e+06
700, 4.59, 2.70747e+06, 3.179e+06, 4.0386e+06
700, 4.6, 2.68313e+06, 3.15078e+06, 4.00329e+06
700, 4.61, 2.65905e+06, 3.12286e+06, 3.96837e+06
700, 4.62, 2.63524e+06, 3.09526e+06, 3.93383e+06
700, 4.63, 2.6117e+06, 3.06795e+06, 3.89965e+06
700, 4.64, 2.58841e+06, 3.04094e+06, 3.86585e+06
700, 4.65, 2.56538e+06, 3.01422e+06, 3.83241e+06
700, 4.66, 2.54261e+06, 2.9878e+06, 3.79933e+06
700, 4.67, 2.52008e+06, 2.96166e+06, 3.7666e+06
700, 4.68, 2.4978e+06, 2.93581e+06, 3.73423e+06
700, 4.69, 2.47576e+06, 2.91023e+06, 3.7022e+06
700, 4.7, 2.45396e+06, 2.88493e+06, 3.67051e+06
700, 4.71, 2.4324e+06, 2.8599e+06, 3.63915e+06
700, 4.72, 2.41107e+06, 2.83514e+06, 3.60813e+06
700, 4.73, 2.38998e+06, 2.81065e+06, 3.57744e+06
700, 4.74, 2.36911e+06, 2.78641e+06, 3.54707e+06
700, 4.75, 2.34846e+06, 2.76244e+06, 3.51702e+06
700, 4.76, 2.32804e+06, 2.73872e+06, 3.48728e+06
700, 4.77, 2.30784e+06, 2.71525e+06, 3.45786e+06
700, 4.78, 2.28785e+06, 2.69203e+06, 3.42875e+06
700, 4.79, 2.26807e+06, 2.66906e+06, 3.39994e+06
700, 4.8, 2.24851e+06, 2.64633e+06, 3.37143e+06
700, 4.81, 2.22916e+06, 2.62384e+06, 3.34321e+06
700, 4.82, 2.21001e+06, 2.60158e+06, 3.31529e+06
700, 4.83, 2.19106e+06, 2.57956e+06, 3.28766e+06
700, 4.84, 2.17231e+06, 2.55777e+06, 3.26032e+06
700, 4.85, 2.15376e+06, 2.53621e+06, 3.23326e+06
700, 4.86, 2.13541e+06, 2.51487e+06, 3.20647e+06
700, 4.87, 2.11725e+06, 2.49375e+06, 3.17996e+06
700, 4.88, 2.09928e+06, 2.47285e+06, 3.15372e+06
700, 4.89, 2.0815e+06, 2.45217e+06, 3.12776e+06
700, 4.9, 2.0639e+06, 2.43171e+06, 3.10205e+06
700, 4.91, 2.04649e+06, 2.41145e+06, 3.07661e+06
700, 4.92, 2.02926e+06, 2.3914e+06, 3.05143e+06
700, 4.93, 2.0122e+06, 2.37156e+06, 3.0265e+06
700, 4.94, 1.99533e+06, 2.35193e+06, 3.00183e+06
700, 4.95, 1.97862e+06, 2.33249e+06, 2.9774e+06
700, 4.96, 1.9621e+06, 2.31325e+06, 2.95322e+06
700, 4.97, 1.94574e+06, 2.29421e+06, 2.92929e+06
700, 4.98, 1.92955e+06, 2.27536e+06, 2.90559e+06
700, 4.99, 1.91352e+06, 2.25671e+06, 2.88214e+06
700, 5, 1.89766e+06, 2.23824e+06, 2.85891e+06
700, 5.01, 1.88196e+06, 2.21996e+06, 2.83592e+06
700, 5.02, 1.86642e+06, 2.20186e+06, 2.81316e+06
700, 5.03, 1.85104e+06, 2.18395e+06, 2.79063e+06
700, 5.04, 1.83582e+06, 2.16622e+06, 2.76832e+06
700, 5.05, 1.82075e+06, 2.14866e+06, 2.74623e+06
700, 5.06, 1.80583e+06, 2.13128e+06, 2.72436e+06
700, 5.07, 1.79106e+06, 2.11408e+06, 2.70271e+06
700, 5.08, 1.77645e+06, 2.09704e+06, 2.68126e+06
700, 5.09, 1.76198e+06, 2.08018e+06, 2.66003e+06
700, 5.1, 1.74765e+06, 2.06348e+06, 2.63901e+06
700, 5.11, 1.73347e+06, 2.04695e+06, 2.6182e+06
700, 5.12, 1.71943e+06, 2.03058e+06, 2.59758e+06
700, 5.13, 1.70553e+06, 2.01438e+06, 2.57717e+06
700, 5.14, 1.69177e+06, 1.99833e+06, 2.55696e+06
700, 5.15, 1.67814e+06, 1.98244e+06, 2.53695e+06
700, 5.16, 1.66465e+06, 1.96671e+06, 2.51712e+06
700, 5.17, 1.6513e+06, 1.95113e+06, 2.49749e+06
700, 5.18, 1.63807e+06, 1.93571e+06, 2.47806e+06
700, 5.19, 1.62498e+06, 1.92044e+06, 2.4588e+06
700, 5.2, 1.61202e+06, 1.90531e+06, 2.43974e+06
700, 5.21, 1.59918e+06, 1.89033e+06, 2.42085e+06
700, 5.22, 1.58647e+06, 1.8755e+06, 2.40215e+06
700, 5.23, 1.57388e+06, 1.86081e+06, 2.38363e+06
700, 5.24, 1.56142e+06, 1.84626e+06, 2.36528e+06
700, 5.25, 1.54908e+06, 1.83186e+06, 2.34711e+06
700, 5.26, 1.53686e+06, 1.81759e+06, 2.32911e+06
700, 5.27, 1.52475e+06, 1.80346e+06, 2.31129e+06
700, 5.28, 1.51277e+06, 1.78947e+06, 2.29363e+06
700, 5.29, 1.5009e+06, 1.77561e+06, 2.27614e+06
700, 5.3, 1.48914e+06, 1.76188e+06, 2.25881e+06
700, 5.31, 1.4775e+06, 1.74827e+06, 2.24165e+06
700, 5.32, 1.46597e+06, 1.73482e+06, 2.22465e+06
700, 5.33, 1.45456e+06, 1.72149e+06, 2.20781e+06
700, 5.34, 1.44325e+06, 1.70827e+06, 2.19113e+06
700, 5.35, 1.43205e+06, 1.69518e+06, 2.1746e+06
700, 5.36, 1.42095e+06, 1.68222e+06, 2.15823e+06
700, 5.37, 1.40997e+06, 1.66938e+06, 2.14201e+06
700, 5.38, 1.39908e+06, 1.65666e+06, 2.12594e+06
700, 5.39, 1.38831e+06, 1.64406e+06, 2.11002e+06
700, 5.4, 1.37763e+06, 1.63158e+06, 2.09425e+06
700, 5.41, 1.36705e+06, 1.61922e+06, 2.07863e+06
700, 5.42, 1.35658e+06, 1.60697e+06, 2.06315e+06
700, 5.43, 1.3462e+06, 1.59484e+06, 2.04781e+06
700, 5.44, 1.33592e+06, 1.58282e+06, 2.03261e+06
700, 5.45, 1.32574e+06, 1.57091e+06, 2.01756e+06
700, 5.46, 1.31565e+06, 1.55911e+06, 2.00264e+06
700, 5.47, 1.30566e+06, 1.54742e+06, 1.98786e+06
700, 5.48, 1.29576e+06, 1.53584e+06, 1.97321e+06
700, 5.49, 1.28596e+06, 1.52437e+06, 1.9587e+06
700, 5.5, 1.27624e+06, 1.513e+06, 1.94432e+06
700, 5.51, 1.26662e+06, 1.50174e+06, 1.93007e+06
700, 5.52, 1.25708e+06, 1.49058e+06, 1.91595e+06
700, 5.53, 1.24853e+06, 1.47157e+06, 1.90195e+06
700, 5.54, 1.23828e+06, 1.46857e+06, 1.88809e+06
700, 5.55, 1.229e+06, 1.45771e+06, 1.87435e+06
700, 5.56, 1.21982e+06, 1.44696e+06, 1.86073e+06
700, 5.57, 1.21071e+06, 1.4363e+06, 1.84724e+06
700, 5.58, 1.20169e+06, 1.42574e+06, 1.83386e+06
700, 5.59, 1.19276e+06, 1.41527e+06, 1.82061e+06
700, 5.6, 1.1839e+06, 1.4049e+06, 1.80748e+06
700, 5.61, 1.17513e+06, 1.39462e+06, 1.79446e+06
700, 5.62, 1.16644e+06, 1.38444e+06, 1.78156e+06
700, 5.63, 1.15782e+06, 1.37435e+06, 1.76877e+06
700, 5.64, 1.14929e+06, 1.36435e+06, 1.7561e+06
700, 5.65, 1.14083e+06, 1.35444e+06, 1.74354e+06
700, 5.66, 1.13244e+06, 1.34461e+06, 1.73109e+06
700, 5.67, 1.12414e+06, 1.33488e+06, 1.71875e+06
700, 5.68, 1.11591e+06, 1.32523e+06, 1.70652e+06
700, 5.69, 1.10775e+06, 1.31567e+06, 1.6944e+06
700, 5.7, 1.09967e+06, 1.30619e+06, 1.68239e+06
700, 5.71, 1.09166e+06, 1.2968e+06, 1.67048e+06
700, 5.72, 1.08372e+06, 1.2875e+06, 1.65867e+06
700, 5.73, 1.07585e+06, 1.27827e+06, 1.64697e+06
700, 5.74, 1.06805e+06, 1.26913e+06, 1.63537e+06
700, 5.75, 1.06032e+06, 1.26006e+06, 1.62387e+06
700, 5.76, 1.05266e+06, 1.25108e+06, 1.61247e+06
700, 5.77, 1.04507e+06, 1.24217e+06, 1.60117e+06
700, 5.78, 1.03755e+06, 1.23335e+06, 1.58997e+06
700, 5.79, 1.03009e+06, 1.2246e+06, 1.57887e+06
700, 5.8, 1.0227e+06, 1.21593e+06, 1.56786e+06
700, 5.81, 1.01538e+06, 1.20733e+06, 1.55694e+06
700, 5.82, 1.00811e+06, 1.19881e+06, 1.54613e+06
700, 5.83, 1.00092e+06, 1.19036e+06, 1.5354e+06
700, 5.84, 993783, 1.18199e+06, 1.52476e+06
700, 5.85, 986712, 1.17369e+06, 1.51422e+06
700, 5.86, 979702, 1.16546e+06, 1.50377e+06
700, 5.87, 972754, 1.1573e+06, 1.49341e+06
700, 5.88, 965866, 1.14921e+06, 1.48313e+06
700, 5.89, 959039, 1.14119e+06, 1.47294e+06
700, 5.9, 952270, 1.13324e+06, 1.46284e+06
700, 5.91, 945561, 1.12536e+06, 1.45283e+06
700, 5.92, 938910, 1.11755e+06, 1.4429e+06
700, 5.93, 932316, 1.10981e+06, 1.43305e+06
700, 5.94, 925779, 1.10213e+06, 1.42329e+06
700, 5.95, 919299, 1.09451e+06, 1.41361e+06
700, 5.96, 912874, 1.08696e+06, 1.40401e+06
700, 5.97, 906505, 1.07948e+06, 1.39449e+06
700, 5.98, 900190, 1.07206e+06, 1.38505e+06
700, 5.99, 893930, 1.0647e+06, 1.37569e+06
700, 6, 887723, 1.0574e+06, 1.36641e+06
700, 6.01, 881569, 1.05017e+06, 1.35721e+06
700, 6.02, 875467, 1.04299e+06, 1.34808e+06
700, 6.03, 869418, 1.03588e+06, 1.33903e+06
700, 6.04, 863420, 1.02883e+06, 1.33005e+06
700, 6.05, 857473, 1.02184e+06, 1.32115e+06
700, 6.06, 851576, 1.0149e+06, 1.31232e+06
700, 6.07, 845729, 1.00802e+06, 1.30357e+06
700, 6.08, 839931, 1.0012e+06, 1.29488e+06
700, 6.09, 834183, 994441, 1.28627e+06
700, 6.1, 828483, 987735, 1.27773e+06
700, 6.11, 822830, 981084, 1.26926e+06
700, 6.12, 817225, 974489, 1.26086e+06
700, 6.13, 811667, 967949, 1.25253e+06
700, 6.14, 806156, 961462, 1.24427e+06
700, 6.15, 800690, 955029, 1.23607e+06
700, 6.16, 795271, 948650, 1.22794e+06
700, 6.17, 789896, 942322, 1.21988e+06
700, 6.18, 784566, 936047, 1.21188e+06
700, 6.19, 779280, 929824, 1.20395e+06
700, 6.2, 774038, 923651, 1.19608e+06
700, 6.21, 768839, 917529, 1.18827e+06
700, 6.22, 763683, 911457, 1.18053e+06
700, 6.23, 758570, 905435, 1.17285e+06
700, 6.24, 753499, 899461, 1.16523e+06
700, 6.25, 748470, 893537, 1.15768e+06
700, 6.26, 743481, 887660, 1.15018e+06
700, 6.27, 738534, 881831, 1.14274e+06
700, 6.28, 733627, 876049, 1.13537e+06
700, 6.29, 728760, 870314, 1.12805e+06
700, 6.3, 723933, 864625, 1.12079e+06
700, 6.31, 719146, 858982, 1.11359e+06
700, 6.32, 714397, 853385, 1.10644e+06
700, 6.33, 709687, 847832, 1.09936e+06
700, 6.34, 705014, 842324, 1.09232e+06
700, 6.35, 700380, 836860, 1.08535e+06
700, 6.36, 695783, 831440, 1.07843e+06
700, 6.37, 691224, 826063, 1.07156e+06
700, 6.38, 686700, 820729, 1.06475e+06
700, 6.39, 682214, 815438, 1.05799e+06
700, 6.4, 677763, 810188, 1.05128e+06
700, 6.41, 673348, 804980, 1.04463e+06
700, 6.42, 668969, 799814, 1.03803e+06
700, 6.43, 664624, 794688, 1.03148e+06
700, 6.44, 660314, 789603, 1.02498e+06
700, 6.45, 656039, 784557, 1.01853e+06
700, 6.46, 651797, 779552, 1.01214e+06
700, 6.47, 647589, 774586, 1.00579e+06
700, 6.48, 643415, 769659, 999489
700, 6.49, 639273, 764772, 993239
700, 6.5, 635165, 759920, 987037
700, 6.51, 631089, 755108, 980883
700, 6.52, 627045, 750333, 974777
700, 6.53, 623032, 745596, 968717
700, 6.54, 619052, 740895, 962705
700, 6.55, 615102, 736231, 956738
700, 6.56, 611184, 731603, 950817
700, 6.57, 607296, 727011, 944941
700, 6.58, 603439, 722454, 939110
700, 6.59, 599612, 717933, 933323
700, 6.6, 595814, 713446, 927581
700, 6.61, 592049, 708997, 921882
700, 6.62, 588307, 704576, 916226
700, 6.63, 584598, 700194, 910614
700, 6.64, 580917, 695842, 905044
700, 6.65, 577264, 691525, 899516
700, 6.66, 573640, 687241, 894029
700, 6.67, 570044, 682990, 888584
700, 6.68, 566475, 678771, 883180
700, 6.69, 562934, 674584, 877817
700, 6.7, 559420, 670429, 872494
700, 6.71, 555933, 666306, 867210
700, 6.72, 552473, 662213, 861966
700, 6.73, 549039, 658152, 856762
700, 6.74, 545631, 654121, 851596
700, 6.75, 542250, 650121, 846469
700, 6.76, 538894, 646151, 841379
700, 6.77, 535563, 642211, 836328
700, 6.78, 532258, 638300, 831314
700, 6.79, 528978, 634419, 826337
700, 6.8, 525723, 630567, 821397
700, 6.81, 522492, 626743, 816494
700, 6.82, 519286, 622948, 811626
700, 6.83, 516103, 619182, 806795
700, 6.84, 512945, 615443, 801998
700, 6.85, 509811, 611733, 797238
700, 6.86, 506700, 608049, 792512
700, 6.87, 503612, 604393, 787820
700, 6.88, 500547, 600765, 783163
700, 6.89, 497506, 597163, 778540
700, 6.9, 494487, 593587, 773951
700, 6.91, 491490, 590038, 769395
700, 6.92, 488516, 586515, 764872
700, 6.93, 485564, 583018, 760382
700, 6.94, 482634, 579547, 755924
700, 6.95, 479725, 576101, 751499
700, 6.96, 476838, 572680, 747106
700, 6.97, 473972, 569284, 742744
700, 6.98, 471128, 565913, 738414
700, 6.99, 468304, 562567, 734115
700, 7, 465502, 559245, 729847
700, 7.01, 462719, 555947, 725610
700, 7.02, 459957, 552673, 721403
700, 7.03, 457216, 549423, 717226
700, 7.04, 454494, 546196, 713079
700, 7.05, 451793, 542993, 708961
700, 7.06, 449111, 539812, 704873
700, 7.07, 446448, 536655, 700814
700, 7.08, 443805, 533520, 696784
700, 7.09, 441181, 530408, 692782
700, 7.1, 438577, 527319, 688809
700, 7.11, 435991, 524251, 684864
700, 7.12, 433423, 521205, 680946
700, 7.13, 430875, 518182, 677057
700, 7.14, 428344, 515179, 673195
700, 7.15, 425832, 512198, 669359
700, 7.16, 423338, 509239, 665551
700, 7.17, 420862, 506300, 661770
700, 7.18, 418404, 503382, 658015
700, 7.19, 415963, 500485, 654287
700, 7.2, 413540, 497609, 650584
700, 7.21, 411134, 494752, 646908
700, 7.22, 408745, 491916, 643257
700, 7.23, 406373, 489100, 639631
700, 7.24, 404019, 486304, 636031
700, 7.25, 401680, 483527, 632455
700, 7.26, 399359, 480740, 628905
700, 7.27, 397054, 478033, 625379
700, 7.28, 394765, 475314, 621877
700, 7.29, 392492, 472615, 618400
700, 7.3, 390236, 469934, 614946
700, 7.31, 387995, 467272, 611517
700, 7.32, 385770, 464628, 608111
700, 7.33, 383561, 462003, 604728
700, 7.34, 381368, 459396, 601368
700, 7.35, 379189, 456808, 598032
700, 7.36, 377026, 454237, 594718
700, 7.37, 374878, 451684, 591427
700, 7.38, 372745, 449149, 588159
700, 7.39, 370627, 446631, 584913
700, 7.4, 368524, 444130, 581688
700, 7.41, 366435, 441647, 578486
700, 7.42, 364361, 439181, 575306
700, 7.43, 362301, 436731, 572147
700, 7.44, 360256, 434299, 569009
700, 7.45, 358225, 431883, 565893
700, 7.46, 356207, 429484, 562797
700, 7.47, 354204, 427101, 559723
700, 7.48, 352215, 424734, 556669
700, 7.49, 350239, 422383, 553636
700, 7.5, 348276, 420049, 550623
1400, 0.4, 1.40761e+10, 1.5292e+10, 1.78052e+10
1400, 0.41, 1.27185e+10, 1.38309e+10, 1.61303e+10
1400, 0.42, 1.15198e+10, 1.25398e+10, 1.46477e+10
1400, 0.43, 1.04583e+10, 1.13953e+10, 1.33315e+10
1400, 0.44, 9.51569e+09, 1.03781e+10, 1.216e+10
1400, 0.45, 8.67636e+09, 9.47154e+09, 1.11143e+10
1400, 0.46, 7.92709e+09, 8.65452e+09, 1.01786e+10
1400, 0.47, 7.25655e+09, 7.93599e+09, 9.33933e+09
1400, 0.48, 6.65506e+09, 7.28462e+09, 8.58479e+09
1400, 0.49, 6.11429e+09, 6.6985e+09, 7.90492e+09
1400, 0.5, 5.62705e+09, 6.16998e+09, 7.29103e+09
1400, 0.51, 5.18712e+09, 5.69239e+09, 6.73557e+09
1400, 0.52, 4.78913e+09, 5.25998e+09, 6.23201e+09
1400, 0.53, 4.42838e+09, 4.86772e+09, 5.77463e+09
1400, 0.54, 4.10077e+09, 4.51123e+09, 5.35845e+09
1400, 0.55, 3.80275e+09, 4.18668e+09, 4.97908e+09
1400, 0.56, 3.53116e+09, 3.89069e+09, 4.63268e+09
1400, 0.57, 3.28325e+09, 3.62032e+09, 4.31589e+09
1400, 0.58, 3.0566e+09, 3.37295e+09, 4.02571e+09
1400, 0.59, 2.84906e+09, 3.14628e+09, 3.75951e+09
1400, 0.6, 2.65874e+09, 2.93826e+09, 3.51495e+09
1400, 0.61, 2.48396e+09, 2.7471e+09, 3.28994e+09
1400, 0.62, 2.32323e+09, 2.57118e+09, 3.08265e+09
1400, 0.63, 2.17521e+09, 2.40907e+09, 2.89143e+09
1400, 0.64, 2.03873e+09, 2.25949e+09, 2.7148e+09
1400, 0.65, 1.91273e+09, 2.1213e+09, 2.55146e+09
1400, 0.66, 1.79625e+09, 1.99347e+09, 2.40021e+09
1400, 0.67, 1.68845e+09, 1.8751e+09, 2.25999e+09
1400, 0.68, 1.58858e+09, 1.76535e+09, 2.12987e+09
1400, 0.69, 1.49593e+09, 1.66349e+09, 2.00897e+09
1400, 0.7, 1.4099e+09, 1.56884e+09, 1.89653e+09
1400, 0.71, 1.32993e+09, 1.4808e+09, 1.79185e+09
1400, 0.72, 1.25552e+09, 1.39883e+09, 1.69428e+09
1400, 0.73, 1.18621e+09, 1.32243e+09, 1.60326e+09
1400, 0.74, 1.12158e+09, 1.25116e+09, 1.51827e+09
1400, 0.75, 1.06127e+09, 1.18461e+09, 1.43884e+09
1400, 0.76, 1.00494e+09, 1.12241e+09, 1.36453e+09
1400, 0.77, 9.52271e+08, 1.06422e+09, 1.29495e+09
1400, 0.78, 9.02986e+08, 1.00974e+09, 1.22975e+09
1400, 0.79, 8.56829e+08, 9.58689e+08, 1.1686e+09
1400, 0.8, 8.13566e+08, 9.10811e+08, 1.11121e+09
1400, 0.81, 7.72982e+08, 8.65874e+08, 1.05729e+09
1400, 0.82, 7.34881e+08, 8.23663e+08, 1.0066e+09
1400, 0.83, 6.99085e+08, 7.83983e+08, 9.58911e+08
1400, 0.84, 6.65427e+08, 7.46654e+08, 9.14011e+08
1400, 0.85, 6.33759e+08, 7.11513e+08, 8.71707e+08
1400, 0.86, 6.03939e+08, 6.78406e+08, 8.31821e+08
1400, 0.87, 5.75842e+08, 6.47195e+08, 7.94189e+08
1400, 0.88, 5.4935e+08, 6.17752e+08, 7.5866e+08
1400, 0.89, 5.24353e+08, 5.89957e+08, 7.25095e+08
1400, 0.9, 5.00753e+08, 5.63701e+08, 6.93364e+08
1400, 0.91, 4.78458e+08, 5.38884e+08, 6.63348e+08
1400, 0.92, 4.57381e+08, 5.15413e+08, 6.34939e+08
1400, 0.93, 4.37445e+08, 4.932e+08, 6.08033e+08
1400, 0.94, 4.18576e+08, 4.72166e+08, 5.82536e+08
1400, 0.95, 4.00706e+08, 4.52237e+08, 5.58361e+08
1400, 0.96, 3.83774e+08, 4.33343e+08, 5.35426e+08
1400, 0.97, 3.6772e+08, 4.15423e+08, 5.13656e+08
1400, 0.98, 3.52492e+08, 3.98415e+08, 4.9298e+08
1400, 0.99, 3.38039e+08, 3.82265e+08, 4.73333e+08
1400, 1, 3.24314e+08, 3.66921e+08, 4.54654e+08
1400, 1.01, 3.11273e+08, 3.52337e+08, 4.36887e+08
1400, 1.02, 2.98877e+08, 3.38467e+08, 4.19979e+08
1400, 1.03, 2.87088e+08, 3.25269e+08, 4.0388e+08
1400, 1.04, 2.7587e+08, 3.12706e+08, 3.88544e+08
1400, 1.05, 2.65191e+08, 3.00741e+08, 3.73929e+08
1400, 1.06, 2.55021e+08, 2.8934e+08, 3.59994e+08
1400, 1.07, 2.4533e+08, 2.78469e+08, 3.46701e+08
1400, 1.08, 2.36091e+08, 2.68108e+08, 3.34016e+08
1400, 1.09, 2.27281e+08, 2.58219e+08, 3.21905e+08
1400, 1.1, 2.18874e+08, 2.4878e+08, 3.10337e+08
1400, 1.11, 2.1085e+08, 2.39766e+08, 2.99284e+08
1400, 1.12, 2.03188e+08, 2.31154e+08, 2.88718e+08
1400, 1.13, 1.95868e+08, 2.22925e+08, 2.78614e+08
1400, 1.14, 1.88872e+08, 2.14932e+08, 2.68948e+08
1400, 1.15, 1.82184e+08, 2.0753e+08, 2.59696e+08
1400, 1.16, 1.75787e+08, 2.00329e+08, 2.50839e+08
1400, 1.17, 1.69666e+08, 1.93436e+08, 2.42355e+08
1400, 1.18, 1.63808e+08, 1.86836e+08, 2.34227e+08
1400, 1.19, 1.58198e+08, 1.80514e+08, 2.26436e+08
1400, 1.2, 1.52825e+08, 1.74455e+08, 2.18966e+08
1400, 1.21, 1.47676e+08, 1.68647e+08, 2.11802e+08
1400, 1.22, 1.42741e+08, 1.63078e+08, 2.04927e+08
1400, 1.23, 1.38008e+08, 1.57736e+08, 1.98329e+08
1400, 1.24, 1.33469e+08, 1.52609e+08, 1.91994e+08
1400, 1.25, 1.29113e+08, 1.47689e+08, 1.8591e+08
1400, 1.26, 1.24932e+08, 1.42964e+08, 1.80064e+08
1400, 1.27, 1.20918e+08, 1.38425e+08, 1.74446e+08
1400, 1.28, 1.17062e+08, 1.34064e+08, 1.69045e+08
1400, 1.29, 1.13358e+08, 1.29873e+08, 1.63851e+08
1400, 1.3, 1.09798e+08, 1.25844e+08, 1.58855e+08
1400, 1.31, 1.06376e+08, 1.21969e+08, 1.54048e+08
1400, 1.32, 1.03085e+08, 1.18241e+08, 1.4942e+08
1400, 1.33, 9.99189e+07, 1.14653e+08, 1.44965e+08
1400, 1.34, 9.68727e+07, 1.112e+08, 1.40675e+08
1400, 1.35, 9.39409e+07, 1.07876e+08, 1.36542e+08
1400, 1.36, 9.11183e+07, 1.04674e+08, 1.32559e+08
1400, 1.37, 8.84e+07, 1.01589e+08, 1.2872e+08
1400, 1.38, 8.57816e+07, 9.86171e+07, 1.25019e+08
1400, 1.39, 8.32586e+07, 9.57521e+07, 1.2145e+08
1400, 1.4, 8.0827e+07, 9.29898e+07, 1.18007e+08
1400, 1.41, 7.84828e+07, 9.03259e+07, 1.14685e+08
1400, 1.42, 7.62223e+07, 8.77562e+07, 1.11479e+08
1400, 1.43, 7.4042e+07, 8.52768e+07, 1.08384e+08
1400, 1.44, 7.19384e+07, 8.28838e+07, 1.05395e+08
1400, 1.45, 6.99084e+07, 8.05738e+07, 1.02509e+08
1400, 1.46, 6.79489e+07, 7.83432e+07, 9.97202e+07
1400, 1.47, 6.6057e+07, 7.61889e+07, 9.70257e+07
1400, 1.48, 6.423e+07, 7.41077e+07, 9.44214e+07
1400, 1.49, 6.24652e+07, 7.20968e+07, 9.19038e+07
1400, 1.5, 6.07601e+07, 7.01532e+07, 8.94693e+07
1400, 1.51, 5.91123e+07, 6.82743e+07, 8.71148e+07
1400, 1.52, 5.75195e+07, 6.64575e+07, 8.48371e+07
1400, 1.53, 5.59795e+07, 6.47004e+07, 8.26332e+07
1400, 1.54, 5.44904e+07, 6.30007e+07, 8.05002e+07
1400, 1.55, 5.305e+07, 6.13561e+07, 7.84355e+07
1400, 1.56, 5.16564e+07, 5.97646e+07, 7.64364e+07
1400, 1.57, 5.0308e+07, 5.8224e+07, 7.45004e+07
1400, 1.58, 4.90028e+07, 5.67324e+07, 7.26253e+07
1400, 1.59, 4.77394e+07, 5.52881e+07, 7.08086e+07
1400, 1.6, 4.65161e+07, 5.38891e+07, 6.90483e+07
1400, 1.61, 4.53314e+07, 5.25339e+07, 6.73422e+07
1400, 1.62, 4.41838e+07, 5.12207e+07, 6.56884e+07
1400, 1.63, 4.3072e+07, 4.99481e+07, 6.40849e+07
1400, 1.64, 4.19946e+07, 4.87145e+07, 6.25299e+07
1400, 1.65, 4.09505e+07, 4.75186e+07, 6.10217e+07
1400, 1.66, 3.99383e+07, 4.63589e+07, 5.95586e+07
1400, 1.67, 3.89569e+07, 4.52342e+07, 5.81389e+07
1400, 1.68, 3.80052e+07, 4.41432e+07, 5.67612e+07
1400, 1.69, 3.70821e+07, 4.30846e+07, 5.5424e+07
1400, 1.7, 3.61866e+07, 4.20575e+07, 5.41259e+07
1400, 1.71, 3.53178e+07, 4.10605e+07, 5.28654e+07
1400, 1.72, 3.44746e+07, 4.00928e+07, 5.16413e+07
1400, 1.73, 3.36563e+07, 3.91532e+07, 5.04523e+07
1400, 1.74, 3.28618e+07, 3.82408e+07, 4.92973e+07
1400, 1.75, 3.20905e+07, 3.73546e+07, 4.81751e+07
1400, 1.76, 3.13414e+07, 3.64939e+07, 4.70845e+07
1400, 1.77, 3.06139e+07, 3.56576e+07, 4.60245e+07
1400, 1.78, 2.99071e+07, 3.4845e+07, 4.49942e+07
1400, 1.79, 2.92205e+07, 3.40552e+07, 4.39924e+07
1400, 1.8, 2.85532e+07, 3.32876e+07, 4.30182e+07
1400, 1.81, 2.79048e+07, 3.25413e+07, 4.20708e+07
1400, 1.82, 2.72744e+07, 3.18157e+07, 4.11493e+07
1400, 1.83, 2.66616e+07, 3.11101e+07, 4.02528e+07
1400, 1.84, 2.60657e+07, 3.04238e+07, 3.93804e+07
1400, 1.85, 2.54863e+07, 2.97561e+07, 3.85316e+07
1400, 1.86, 2.49227e+07, 2.91067e+07, 3.77054e+07
1400, 1.87, 2.43744e+07, 2.84747e+07, 3.69012e+07
1400, 1.88, 2.3841e+07, 2.78597e+07, 3.61182e+07
1400, 1.89, 2.3322e+07, 2.7261e+07, 3.53558e+07
1400, 1.9, 2.28169e+07, 2.66783e+07, 3.46134e+07
1400, 1.91, 2.23252e+07, 2.61109e+07, 3.38903e+07
1400, 1.92, 2.18466e+07, 2.55584e+07, 3.31859e+07
1400, 1.93, 2.13807e+07, 2.50204e+07, 3.24997e+07
1400, 1.94, 2.09261e+07, 2.44956e+07, 3.1831e+07
1400, 1.95, 2.0485e+07, 2.39859e+07, 3.11795e+07
1400, 1.96, 2.00546e+07, 2.34885e+07, 3.05444e+07
1400, 1.97, 1.96354e+07, 2.30039e+07, 2.99254e+07
1400, 1.98, 1.92269e+07, 2.25316e+07, 2.93219e+07
1400, 1.99, 1.88289e+07, 2.20713e+07, 2.87335e+07
1400, 2, 1.8441e+07, 2.16226e+07, 2.81598e+07
1400, 2.01, 1.8063e+07, 2.11852e+07, 2.76002e+07
1400, 2.02, 1.76945e+07, 2.07587e+07, 2.70544e+07
1400, 2.03, 1.73353e+07, 2.03428e+07, 2.6522e+07
1400, 2.04, 1.6985e+07, 1.99372e+07, 2.60026e+07
1400, 2.05, 1.66435e+07, 1.95416e+07, 2.54958e+07
1400, 2.06, 1.63104e+07, 1.91557e+07, 2.50013e+07
1400, 2.07, 1.59855e+07, 1.87792e+07, 2.45186e+07
1400, 2.08, 1.56686e+07, 1.84118e+07, 2.40475e+07
1400, 2.09, 1.53594e+07, 1.80533e+07, 2.35876e+07
1400, 2.1, 1.50577e+07, 1.77034e+07, 2.31386e+07
1400, 2.11, 1.47634e+07, 1.73619e+07, 2.27002e+07
1400, 2.12, 1.44761e+07, 1.70285e+07, 2.2272e+07
1400, 2.13, 1.41957e+07, 1.6703e+07, 2.18539e+07
1400, 2.14, 1.39219e+07, 1.63852e+07, 2.14456e+07
1400, 2.15, 1.36547e+07, 1.60749e+07, 2.10466e+07
1400, 2.16, 1.33938e+07, 1.57718e+07, 2.06569e+07
1400, 2.17, 1.3139e+07, 1.54758e+07, 2.02761e+07
1400, 2.18, 1.28902e+07, 1.51867e+07, 1.9904e+07
1400, 2.19, 1.26472e+07, 1.49042e+07, 1.95404e+07
1400, 2.2, 1.24098e+07, 1.46282e+07, 1.9185e+07
1400, 2.21, 1.21779e+07, 1.43585e+07, 1.88376e+07
1400, 2.22, 1.19513e+07, 1.4095e+07, 1.8498e+07
1400, 2.23, 1.173e+07, 1.38374e+07, 1.8166e+07
1400, 2.24, 1.15136e+07, 1.35856e+07, 1.78414e+07
1400, 2.25, 1.13022e+07, 1.33395e+07, 1.7524e+07
1400, 2.26, 1.10956e+07, 1.30989e+07, 1.72136e+07
1400, 2.27, 1.08936e+07, 1.28636e+07, 1.69099e+07
1400, 2.28, 1.06961e+07, 1.26336e+07, 1.66129e+07
1400, 2.29, 1.05031e+07, 1.24086e+07, 1.63224e+07
1400, 2.3, 1.03143e+07, 1.21886e+07, 1.60382e+07
1400, 2.31, 1.01297e+07, 1.19734e+07, 1.57601e+07
1400, 2.32, 9.94914e+06, 1.17629e+07, 1.5488e+07
1400, 2.33, 9.77257e+06, 1.15565e+07, 1.52217e+07
1400, 2.34, 9.59985e+06, 1.13555e+07, 1.4961e+07
1400, 2.35, 9.43089e+06, 1.11583e+07, 1.47059e+07
1400, 2.36, 9.26558e+06, 1.09654e+07, 1.44562e+07
1400, 2.37, 9.10384e+06, 1.07766e+07, 1.42118e+07
1400, 2.38, 8.94558e+06, 1.05918e+07, 1.39724e+07
1400, 2.39, 8.79069e+06, 1.04109e+07, 1.37381e+07
1400, 2.4, 8.63911e+06, 1.02338e+07, 1.35086e+07
1400, 2.41, 8.49075e+06, 1.00604e+07, 1.32839e+07
1400, 2.42, 8.34551e+06, 9.8907e+06, 1.30638e+07
1400, 2.43, 8.20334e+06, 9.7245e+06, 1.28482e+07
1400, 2.44, 8.06414e+06, 9.56174e+06, 1.2637e+07
1400, 2.45, 7.92785e+06, 9.40235e+06, 1.24301e+07
1400, 2.46, 7.79439e+06, 9.24623e+06, 1.22274e+07
1400, 2.47, 7.6637e+06, 9.09331e+06, 1.20289e+07
1400, 2.48, 7.5357e+06, 8.94351e+06, 1.18343e+07
1400, 2.49, 7.41033e+06, 8.79675e+06, 1.16436e+07
1400, 2.5, 7.28752e+06, 8.65297e+06, 1.14567e+07
1400, 2.51, 7.16722e+06, 8.51209e+06, 1.12735e+07
1400, 2.52, 7.04936e+06, 8.37403e+06, 1.10939e+07
1400, 2.53, 6.93388e+06, 8.23874e+06, 1.09179e+07
1400, 2.54, 6.82073e+06, 8.10615e+06, 1.07454e+07
1400, 2.55, 6.70986e+06, 7.97619e+06, 1.05762e+07
1400, 2.56, 6.60119e+06, 7.84879e+06, 1.04103e+07
1400, 2.57, 6.49469e+06, 7.72388e+06, 1.02477e+07
1400, 2.58, 6.39031e+06, 7.60147e+06, 1.00882e+07
1400, 2.59, 6.28799e+06, 7.48144e+06, 9.93172e+06
1400, 2.6, 6.18768e+06, 7.36375e+06, 9.77829e+06
1400, 2.61, 6.08934e+06, 7.24833e+06, 9.62779e+06
1400, 2.62, 5.99292e+06, 7.13515e+06, 9.48016e+06
1400, 2.63, 5.89837e+06, 7.02414e+06, 9.33533e+06
1400, 2.64, 5.80567e+06, 6.91527e+06, 9.19324e+06
1400, 2.65, 5.71475e+06, 6.80847e+06, 9.05383e+06
1400, 2.66, 5.62558e+06, 6.70371e+06, 8.91703e+06
1400, 2.67, 5.53813e+06, 6.60094e+06, 8.78279e+06
1400, 2.68, 5.45234e+06, 6.50011e+06, 8.65106e+06
1400, 2.69, 5.36819e+06, 6.40118e+06, 8.52177e+06
1400, 2.7, 5.28563e+06, 6.30411e+06, 8.39487e+06
1400, 2.71, 5.20464e+06, 6.20885e+06, 8.27031e+06
1400, 2.72, 5.12517e+06, 6.11537e+06, 8.14803e+06
1400, 2.73, 5.04719e+06, 6.02362e+06, 8.028e+06
1400, 2.74, 4.97067e+06, 5.93357e+06, 7.91015e+06
1400, 2.75, 4.89558e+06, 5.84518e+06, 7.79444e+06
1400, 2.76, 4.82188e+06, 5.75842e+06, 7.68083e+06
1400, 2.77, 4.74954e+06, 5.67324e+06, 7.56927e+06
1400, 2.78, 4.67854e+06, 5.58961e+06, 7.45971e+06
1400, 2.79, 4.60884e+06, 5.5075e+06, 7.35211e+06
1400, 2.8, 4.54042e+06, 5.42689e+06, 7.24644e+06
1400, 2.81, 4.47324e+06, 5.34772e+06, 7.14264e+06
1400, 2.82, 4.40729e+06, 5.26998e+06, 7.04068e+06
1400, 2.83, 4.34253e+06, 5.19363e+06, 6.94053e+06
1400, 2.84, 4.27894e+06, 5.11865e+06, 6.84213e+06
1400, 2.85, 4.2165e+06, 5.04499e+06, 6.74546e+06
1400, 2.86, 4.15517e+06, 4.97265e+06, 6.65048e+06
1400, 2.87, 4.09494e+06, 4.90158e+06, 6.55716e+06
1400, 2.88, 4.03578e+06, 4.83177e+06, 6.46545e+06
1400, 2.89, 3.97767e+06, 4.76318e+06, 6.37533e+06
1400, 2.9, 3.92059e+06, 4.69579e+06, 6.28677e+06
1400, 2.91, 3.86452e+06, 4.62958e+06, 6.19973e+06
1400, 2.92, 3.80943e+06, 4.56451e+06, 6.11417e+06
1400, 2.93, 3.75531e+06, 4.50058e+06, 6.03008e+06
1400, 2.94, 3.70213e+06, 4.43774e+06, 5.94742e+06
1400, 2.95, 3.64987e+06, 4.37599e+06, 5.86616e+06
1400, 2.96, 3.59852e+06, 4.3153e+06, 5.78627e+06
1400, 2.97, 3.54806e+06, 4.25564e+06, 5.70772e+06
1400, 2.98, 3.49847e+06, 4.19634e+06, 5.6305e+06
1400, 2.99, 3.44973e+06, 4.13935e+06, 5.55457e+06
1400, 3, 3.40182e+06, 4.08268e+06, 5.4799e+06
1400, 3.01, 3.35473e+06, 4.02697e+06, 5.40647e+06
1400, 3.02, 3.30844e+06, 3.97219e+06, 5.33426e+06
1400, 3.03, 3.26293e+06, 3.91833e+06, 5.26325e+06
1400, 3.04, 3.21819e+06, 3.86537e+06, 5.1934e+06
1400, 3.05, 3.17421e+06, 3.81329e+06, 5.12469e+06
1400, 3.06, 3.13096e+06, 3.76207e+06, 5.05711e+06
1400, 3.07, 3.08844e+06, 3.71171e+06, 4.99064e+06
1400, 3.08, 3.04662e+06, 3.66217e+06, 4.92524e+06
1400, 3.09, 3.0055e+06, 3.61345e+06, 4.8609e+06
1400, 3.1, 2.96507e+06, 3.56552e+06, 4.7976e+06
1400, 3.11, 2.9253e+06, 3.51838e+06, 4.73532e+06
1400, 3.12, 2.88618e+06, 3.47201e+06, 4.67404e+06
1400, 3.13, 2.84771e+06, 3.42638e+06, 4.61374e+06
1400, 3.14, 2.80986e+06, 3.3815e+06, 4.55439e+06
1400, 3.15, 2.77263e+06, 3.33734e+06, 4.496e+06
1400, 3.16, 2.73601e+06, 3.29389e+06, 4.43852e+06
1400, 3.17, 2.69998e+06, 3.25114e+06, 4.38196e+06
1400, 3.18, 2.66454e+06, 3.20906e+06, 4.32629e+06
1400, 3.19, 2.62966e+06, 3.16766e+06, 4.27149e+06
1400, 3.2, 2.59535e+06, 3.12692e+06, 4.21754e+06
1400, 3.21, 2.56158e+06, 3.08682e+06, 4.16444e+06
1400, 3.22, 2.52836e+06, 3.04736e+06, 4.11217e+06
1400, 3.23, 2.49566e+06, 3.00851e+06, 4.0607e+06
1400, 3.24, 2.46348e+06, 2.97028e+06, 4.01003e+06
1400, 3.25, 2.43181e+06, 2.93264e+06, 3.96015e+06
1400, 3.26, 2.40064e+06, 2.89559e+06, 3.91102e+06
1400, 3.27, 2.36996e+06, 2.85912e+06, 3.86266e+06
1400, 3.28, 2.33976e+06, 2.82321e+06, 3.81503e+06
1400, 3.29, 2.31003e+06, 2.78786e+06, 3.76812e+06
1400, 3.3, 2.28076e+06, 2.75305e+06, 3.72193e+06
1400, 3.31, 2.25195e+06, 2.71877e+06, 3.67643e+06
1400, 3.32, 2.22359e+06, 2.68503e+06, 3.63163e+06
1400, 3.33, 2.19566e+06, 2.65179e+06, 3.58749e+06
1400, 3.34, 2.16817e+06, 2.61906e+06, 3.54402e+06
1400, 3.35, 2.1411e+06, 2.58683e+06, 3.5012e+06
1400, 3.36, 2.11444e+06, 2.55509e+06, 3.45902e+06
1400, 3.37, 2.08819e+06, 2.52383e+06, 3.41747e+06
1400, 3.38, 2.06233e+06, 2.49294e+06, 3.37653e+06
1400, 3.39, 2.03687e+06, 2.4627e+06, 3.3362e+06
1400, 3.4, 2.0118e+06, 2.43283e+06, 3.29646e+06
1400, 3.41, 1.9871e+06, 2.40339e+06, 3.25731e+06
1400, 3.42, 1.96278e+06, 2.3744e+06, 3.21873e+06
1400, 3.43, 1.93882e+06, 2.34584e+06, 3.18071e+06
1400, 3.44, 1.91522e+06, 2.3177e+06, 3.14325e+06
1400, 3.45, 1.89197e+06, 2.28997e+06, 3.10633e+06
1400, 3.46, 1.86907e+06, 2.26265e+06, 3.06995e+06
1400, 3.47, 1.8465e+06, 2.23574e+06, 3.03409e+06
1400, 3.48, 1.82427e+06, 2.20921e+06, 2.99875e+06
1400, 3.49, 1.80237e+06, 2.18308e+06, 2.96392e+06
1400, 3.5, 1.78079e+06, 2.15732e+06, 2.92959e+06
1400, 3.51, 1.75953e+06, 2.13194e+06, 2.89575e+06
1400, 3.52, 1.73858e+06, 2.10692e+06, 2.86239e+06
1400, 3.53, 1.71793e+06, 2.08226e+06, 2.8295e+06
1400, 3.54, 1.69759e+06, 2.05796e+06, 2.79708e+06
1400, 3.55, 1.67754e+06, 2.03401e+06, 2.76512e+06
1400, 3.56, 1.65778e+06, 2.0104e+06, 2.73361e+06
1400, 3.57, 1.6383e+06, 1.98713e+06, 2.70254e+06
1400, 3.58, 1.61911e+06, 1.96419e+06, 2.67191e+06
1400, 3.59, 1.60019e+06, 1.94157e+06, 2.64171e+06
1400, 3.6, 1.58154e+06, 1.91928e+06, 2.61192e+06
1400, 3.61, 1.56316e+06, 1.8973e+06, 2.58255e+06
1400, 3.62, 1.54504e+06, 1.87562e+06, 2.55359e+06
1400, 3.63, 1.52717e+06, 1.85426e+06, 2.52503e+06
1400, 3.64, 1.50956e+06, 1.83319e+06, 2.49686e+06
1400, 3.65, 1.4922e+06, 1.81241e+06, 2.46908e+06
1400, 3.66, 1.47508e+06, 1.79193e+06, 2.44168e+06
1400, 3.67, 1.4582e+06, 1.77173e+06, 2.41466e+06
1400, 3.68, 1.44156e+06, 1.7518e+06, 2.388e+06
1400, 3.69, 1.42516e+06, 1.73216e+06, 2.36171e+06
1400, 3.7, 1.40898e+06, 1.71278e+06, 2.33577e+06
1400, 3.71, 1.39302e+06, 1.69367e+06, 2.31019e+06
1400, 3.72, 1.37729e+06, 1.67483e+06, 2.28495e+06
1400, 3.73, 1.36177e+06, 1.65624e+06, 2.26005e+06
1400, 3.74, 1.34647e+06, 1.6379e+06, 2.23548e+06
1400, 3.75, 1.33138e+06, 1.61981e+06, 2.21125e+06
1400, 3.76, 1.31649e+06, 1.60197e+06, 2.18733e+06
1400, 3.77, 1.30181e+06, 1.58437e+06, 2.16374e+06
1400, 3.78, 1.28733e+06, 1.567e+06, 2.14046e+06
1400, 3.79, 1.27305e+06, 1.54988e+06, 2.11749e+06
1400, 3.8, 1.25896e+06, 1.53298e+06, 2.09482e+06
1400, 3.81, 1.24506e+06, 1.5163e+06, 2.07245e+06
1400, 3.82, 1.23135e+06, 1.49985e+06, 2.05038e+06
1400, 3.83, 1.21783e+06, 1.48362e+06, 2.02859e+06
1400, 3.84, 1.20448e+06, 1.4676e+06, 2.00709e+06
1400, 3.85, 1.19132e+06, 1.4518e+06, 1.98587e+06
1400, 3.86, 1.17833e+06, 1.4362e+06, 1.96493e+06
1400, 3.87, 1.16551e+06, 1.42081e+06, 1.94426e+06
1400, 3.88, 1.15286e+06, 1.40563e+06, 1.92385e+06
1400, 3.89, 1.14039e+06, 1.39064e+06, 1.90371e+06
1400, 3.9, 1.12807e+06, 1.37585e+06, 1.88383e+06
1400, 3.91, 1.11592e+06, 1.36125e+06, 1.86421e+06
1400, 3.92, 1.10393e+06, 1.34684e+06, 1.84484e+06
1400, 3.93, 1.0921e+06, 1.33249e+06, 1.82571e+06
1400, 3.94, 1.08042e+06, 1.31858e+06, 1.80683e+06
1400, 3.95, 1.0689e+06, 1.30472e+06, 1.78819e+06
1400, 3.96, 1.05752e+06, 1.29104e+06, 1.76978e+06
1400, 3.97, 1.0463e+06, 1.27754e+06, 1.75161e+06
1400, 3.98, 1.03522e+06, 1.26421e+06, 1.73367e+06
1400, 3.99, 1.02428e+06, 1.25106e+06, 1.71596e+06
1400, 4, 1.01348e+06, 1.23807e+06, 1.69847e+06
1400, 4.01, 1.00283e+06, 1.22524e+06, 1.68119e+06
1400, 4.02, 992305, 1.21258e+06, 1.66414e+06
1400, 4.03, 981920, 1.20008e+06, 1.64729e+06
1400, 4.04, 971668, 1.18774e+06, 1.63066e+06
1400, 4.05, 961546, 1.17555e+06, 1.61423e+06
1400, 4.06, 951554, 1.16351e+06, 1.59801e+06
1400, 4.07, 941688, 1.15163e+06, 1.58198e+06
1400, 4.08, 931947, 1.1399e+06, 1.56616e+06
1400, 4.09, 922329, 1.12831e+06, 1.55053e+06
1400, 4.1, 912833, 1.11686e+06, 1.53509e+06
1400, 4.11, 903456, 1.10556e+06, 1.51984e+06
1400, 4.12, 894197, 1.0944e+06, 1.50478e+06
1400, 4.13, 885053, 1.08338e+06, 1.4899e+06
1400, 4.14, 876024, 1.07249e+06, 1.4752e+06
1400, 4.15, 867108, 1.06174e+06, 1.46068e+06
1400, 4.16, 858302, 1.05112e+06, 1.44633e+06
1400, 4.17, 849605, 1.04063e+06, 1.43216e+06
1400, 4.18, 841016, 1.03027e+06, 1.41816e+06
1400, 4.19, 832533, 1.02003e+06, 1.40433e+06
1400, 4.2, 824155, 1.00992e+06, 1.39066e+06
1400, 4.21, 815879, 999930, 1.37716e+06
1400, 4.22, 807705, 990062, 1.36382e+06
1400, 4.23, 799631, 980314, 1.35063e+06
1400, 4.24, 791656, 970684, 1.33761e+06
1400, 4.25, 783777, 961142, 1.32473e+06
1400, 4.26, 775995, 951766, 1.31201e+06
1400, 4.27, 768306, 942480, 1.29944e+06
1400, 4.28, 760711, 933303, 1.28702e+06
1400, 4.29, 753207, 924236, 1.27475e+06
1400, 4.3, 745794, 915276, 1.26261e+06
1400, 4.31, 738470, 906423, 1.25062e+06
1400, 4.32, 731233, 897674, 1.23877e+06
1400, 4.33, 724083, 889029, 1.22706e+06
1400, 4.34, 717018, 880486, 1.21548e+06
1400, 4.35, 710038, 872043, 1.20404e+06
1400, 4.36, 703140, 863699, 1.19273e+06
1400, 4.37, 696324, 855453, 1.18155e+06
1400, 4.38, 689589, 847304, 1.1705e+06
1400, 4.39, 682933, 839066, 1.15958e+06
1400, 4.4, 676355, 831288, 1.14878e+06
1400, 4.41, 669855, 823420, 1.1381e+06
1400, 4.42, 663431, 815643, 1.12755e+06
1400, 4.43, 657082, 807955, 1.11712e+06
1400, 4.44, 650807, 800356, 1.1068e+06
1400, 4.45, 644605, 792845, 1.0966e+06
1400, 4.46, 638476, 785420, 1.08652e+06
1400, 4.47, 632417, 778080, 1.07655e+06
1400, 4.48, 626429, 770824, 1.0667e+06
1400, 4.49, 620509, 763650, 1.05695e+06
1400, 4.5, 614658, 756559, 1.04731e+06
1400, 4.51, 608874, 749547, 1.03778e+06
1400, 4.52, 603157, 742616, 1.02836e+06
1400, 4.53, 597504, 735762, 1.01904e+06
1400, 4.54, 591917, 728986, 1.00983e+06
1400, 4.55, 586393, 722287, 1.00072e+06
1400, 4.56, 580932, 715662, 991708
1400, 4.57, 575533, 709112, 982797
1400, 4.58, 570195, 702635, 973984
1400, 4.59, 564917, 696231, 965268
1400, 4.6, 559699, 689897, 956648
1400, 4.61, 554540, 683635, 948122
1400, 4.62, 549438, 677441, 939689
1400, 4.63, 544394, 671317, 931348
1400, 4.64, 539406, 665260, 923098
1400, 4.65, 534474, 659269, 914938
1400, 4.66, 529597, 653345, 906866
1400, 4.67, 524774, 647486, 898881
1400, 4.68, 520004, 641691, 890982
1400, 4.69, 515287, 635959, 883169
1400, 4.7, 510623, 630290, 875439
1400, 4.71, 506009, 624682, 867793
1400, 4.72, 501447, 619136, 860228
1400, 4.73, 496934, 613649, 852744
1400, 4.74, 492471, 608222, 845340
1400, 4.75, 488057, 602854, 838015
1400, 4.76, 483691, 597543, 830767
1400, 4.77, 479373, 592290, 823596
1400, 4.78, 475101, 587093, 816502
1400, 4.79, 470876, 581952, 809481
1400, 4.8, 466696, 576865, 802535
1400, 4.81, 462562, 571833, 795662
1400, 4.82, 458472, 566855, 788861
1400, 4.83, 454426, 561929, 782131
1400, 4.84, 450424, 557056, 775472
1400, 4.85, 446464, 552234, 768882
1400, 4.86, 442547, 547463, 762360
1400, 4.87, 438672, 542743, 755906
1400, 4.88, 434838, 538072, 749520
1400, 4.89, 431045, 533450, 743199
1400, 4.9, 427292, 528877, 736943
1400, 4.91, 423578, 524351, 730752
1400, 4.92, 419904, 519873, 724625
1400, 4.93, 416269, 515441, 718560
1400, 4.94, 412672, 511056, 712558
1400, 4.95, 409113, 506716, 706617
1400, 4.96, 405591, 502421, 700736
1400, 4.97, 402106, 498170, 694915
1400, 4.98, 398657, 493963, 689154
1400, 4.99, 395244, 489800, 683451
1400, 5, 391867, 485679, 677806
1400, 5.01, 388525, 481601, 672218
1400, 5.02, 385218, 477564, 666686
1400, 5.03, 381944, 473569, 661210
1400, 5.04, 378705, 469614, 655788
1400, 5.05, 375499, 465700, 650422
1400, 5.06, 372326, 461825, 645109
1400, 5.07, 369185, 457990, 639849
1400, 5.08, 366077, 454193, 634641
1400, 5.09, 363001, 450435, 629485
1400, 5.1, 359955, 446715, 624381
1400, 5.11, 356941, 443031, 619327
1400, 5.12, 353958, 439386, 614323
1400, 5.13, 351005, 435777, 609368
1400, 5.14, 348082, 432204, 604463
1400, 5.15, 345188, 428666, 599605
1400, 5.16, 342324, 425164, 594796
1400, 5.17, 339488, 421697, 590033
1400, 5.18, 336681, 418264, 585317
1400, 5.19, 333902, 414865, 580647
1400, 5.2, 331151, 411500, 576023
1400, 5.21, 328427, 408168, 571443
1400, 5.22, 325731, 404869, 566909
1400, 5.23, 323062, 401602, 562418
1400, 5.24, 320419, 398368, 557970
1400, 5.25, 317802, 395165, 553566
1400, 5.26, 315211, 391994, 549204
1400, 5.27, 312646, 388853, 544884
1400, 5.28, 310107, 385743, 540605
1400, 5.29, 307592, 382664, 536367
1400, 5.3, 305102, 379614, 532170
1400, 5.31, 302636, 376592, 528013
1400, 5.32, 300195, 373603, 523896
1400, 5.33, 297777, 370641, 519818
1400, 5.34, 295384, 367708, 515779
1400, 5.35, 293013, 364803, 511778
1400, 5.36, 290666, 361926, 507815
1400, 5.37, 288341, 359076, 503889
1400, 5.38, 286039, 356254, 500000
1400, 5.39, 283759, 353459, 496148
1400, 5.4, 281501, 350690, 492333
1400, 5.41, 279265, 347948, 488553
1400, 5.42, 277051, 345232, 484808
1400, 5.43, 274858, 342541, 481098
1400, 5.44, 272686, 339876, 477424
1400, 5.45, 270534, 337237, 473783
1400, 5.46, 268404, 334622, 470176
1400, 5.47, 266293, 332032, 466603
1400, 5.48, 264203, 329466, 463062
1400, 5.49, 262132, 326924, 459555
1400, 5.5, 260082, 324407, 456080
1400, 5.51, 258050, 321913, 452637
1400, 5.52, 256038, 318944, 449225
1400, 5.53, 254045, 316994, 445845
1400, 5.54, 252071, 314569, 442496
1400, 5.55, 250115, 312166, 439178
1400, 5.56, 248178, 309786, 435890
1400, 5.57, 246259, 307428, 432632
1400, 5.58, 244358, 305092, 429404
1400, 5.59, 242474, 302777, 426205
1400, 5.6, 240608, 300483, 423035
1400, 5.61, 238760, 298211, 419894
1400, 5.62, 236929, 295959, 416781
1400, 5.63, 235114, 293729, 413696
1400, 5.64, 233317, 291518, 410639
1400, 5.65, 231536, 289328, 407610
1400, 5.66, 229772, 287158, 404608
1400, 5.67, 228024, 285007, 401633
1400, 5.68, 226292, 282877, 398684
1400, 5.69, 224576, 280765, 395762
1400, 5.7, 222876, 278673, 392866
1400, 5.71, 221191, 276600, 389996
1400, 5.72, 219522, 274544, 387151
1400, 5.73, 217868, 272508, 384331
1400, 5.74, 216229, 270490, 381537
1400, 5.75, 214605, 268490, 378767
1400, 5.76, 212995, 266509, 376022
1400, 5.77, 211401, 264545, 373301
1400, 5.78, 209820, 262598, 370604
1400, 5.79, 208254, 260668, 367930
1400, 5.8, 206703, 258747, 365280
1400, 5.81, 205165, 256862, 362654
1400, 5.82, 203641, 254984, 360050
1400, 5.83, 202130, 253122, 357469
1400, 5.84, 200634, 251278, 354910
1400, 5.85, 199150, 249449, 352374
1400, 5.86, 197680, 247636, 349860
1400, 5.87, 196223, 245840, 347368
1400, 5.88, 194779, 244059, 344897
1400, 5.89, 193348, 242294, 342448
1400, 5.9, 191930, 240544, 340020
1400, 5.91, 190524, 238810, 337612
1400, 5.92, 189130, 237091, 335226
1400, 5.93, 187749, 235387, 332860
1400, 5.94, 186380, 233698, 330514
1400, 5.95, 185023, 232023, 328188
1400, 5.96, 183678, 230363, 325883
1400, 5.97, 182345, 228717, 323596
1400, 5.98, 181024, 227086, 321330
1400, 5.99, 179714, 225468, 319083
1400, 6, 178415, 223865, 316854
1400, 6.01, 177128, 222276, 314645
1400, 6.02, 175852, 220700, 312455
1400, 6.03, 174588, 219137, 310283
1400, 6.04, 173334, 217588, 308129
1400, 6.05, 172091, 216053, 305993
1400, 6.06, 170859, 214530, 303876
1400, 6.07, 169637, 213021, 301776
1400, 6.08, 168426, 211524, 299694
1400, 6.09, 167226, 210040, 297629
1400, 6.1, 166036, 208569, 295582
1400, 6.11, 164856, 207110, 293552
1400, 6.12, 163686, 205663, 291538
1400, 6.13, 162526, 204229, 289542
1400, 6.14, 161376, 202807, 287562
1400, 6.15, 160236, 201397, 285598
1400, 6.16, 159106, 199998, 283651
1400, 6.17, 157985, 198612, 281720
1400, 6.18, 156874, 197237, 279804
1400, 6.19, 155772, 195873, 277905
1400, 6.2, 154679, 194521, 276021
1400, 6.21, 153596, 193181, 274153
1400, 6.22, 152522, 191851, 272300
1400, 6.23, 151457, 190533, 270462
1400, 6.24, 150401, 189225, 268640
1400, 6.25, 149354, 187928, 266832
1400, 6.26, 148315, 186642, 265039
1400, 6.27, 147286, 185367, 263260
1400, 6.28, 146265, 184102, 261497
1400, 6.29, 145252, 182843, 259747
1400, 6.3, 144248, 181604, 258012
1400, 6.31, 143252, 180370, 256290
1400, 6.32, 142265, 179147, 254583
1400, 6.33, 141286, 177933, 252889
1400, 6.34, 140314, 176730, 251209
1400, 6.35, 139351, 175536, 249543
1400, 6.36, 138396, 174352, 247890
1400, 6.37, 137449, 173177, 246250
1400, 6.38, 136510, 172013, 244623
1400, 6.39, 135578, 170857, 243010
1400, 6.4, 134654, 169711, 241409
1400, 6.41, 133738, 168574, 239821
1400, 6.42, 132829, 167447, 238246
1400, 6.43, 131927, 166329, 236683
1400, 6.44, 131033, 165219, 235133
1400, 6.45, 130146, 164119, 233595
1400, 6.46, 129267, 163027, 232069
1400, 6.47, 128394, 161944, 230555
1400, 6.48, 127529, 160870, 229053
1400, 6.49, 126671, 159805, 227563
1400, 6.5, 125819, 158748, 226085
1400, 6.51, 124975, 157699, 224618
1400, 6.52, 124137, 156659, 223163
1400, 6.53, 123307, 155627, 221720
1400, 6.54, 122482, 154603, 220287
1400, 6.55, 121665, 153588, 218866
1400, 6.56, 120854, 152580, 217456
1400, 6.57, 120049, 151581, 216057
1400, 6.58, 119251, 150589, 214669
1400, 6.59, 118460, 149605, 213291
1400, 6.6, 117674, 148629, 211925
1400, 6.61, 116895, 147661, 210569
1400, 6.62, 116122, 146700, 209223
1400, 6.63, 115356, 145747, 207888
1400, 6.64, 114595, 144801, 206563
1400, 6.65, 113840, 143863, 205248
1400, 6.66, 113092, 142932, 203944
1400, 6.67, 112349, 142008, 202649
1400, 6.68, 111612, 141091, 201365
1400, 6.69, 110881, 140182, 200090
1400, 6.7, 110156, 139280, 198825
1400, 6.71, 109436, 138385, 197570
1400, 6.72, 108722, 137496, 196324
1400, 6.73, 108014, 136615, 195088
1400, 6.74, 107311, 135740, 193861
1400, 6.75, 106614, 134872, 192644
1400, 6.76, 105922, 134009, 191435
1400, 6.77, 105236, 133156, 190236
1400, 6.78, 104555, 132308, 189046
1400, 6.79, 103879, 131466, 187865
1400, 6.8, 103208, 130631, 186693
1400, 6.81, 102543, 129803, 185530
1400, 6.82, 101883, 128980, 184375
1400, 6.83, 101228, 128164, 183229
1400, 6.84, 100578, 127351, 182092
1400, 6.85, 99932.8, 126551, 180964
1400, 6.86, 99292.7, 125753, 179843
1400, 6.87, 98657.6, 124961, 178731
1400, 6.88, 98027.4, 124176, 177628
1400, 6.89, 97402, 123396, 176533
1400, 6.9, 96781.3, 122622, 175445
1400, 6.91, 96165.5, 121855, 174366
1400, 6.92, 95554.3, 121093, 173295
1400, 6.93, 94947.8, 120336, 172232
1400, 6.94, 94345.9, 119586, 171177
1400, 6.95, 93748.6, 118841, 170129
1400, 6.96, 93155.9, 118101, 169090
1400, 6.97, 92567.6, 117367, 168057
1400, 6.98, 91983.8, 116639, 167033
1400, 6.99, 91404.4, 115916, 166016
1400, 7, 90829.4, 115198, 165007
1400, 7.01, 90258.7, 114486, 164005
1400, 7.02, 89692.3, 113779, 163010
1400, 7.03, 89130.2, 113077, 162022
1400, 7.04, 88572.4, 112381, 161042
1400, 7.05, 88018.7, 111690, 160069
1400, 7.06, 87469.1, 111004, 159103
1400, 7.07, 86923.7, 110322, 158144
1400, 7.08, 86382.4, 109646, 157192
1400, 7.09, 85845.1, 108975, 156247
1400, 7.1, 85311.8, 108309, 155309
1400, 7.11, 84782.4, 107648, 154378
1400, 7.12, 84257.1, 106991, 153453
1400, 7.13, 83735.6, 106340, 152535
1400, 7.14, 83218, 105693, 151623
1400, 7.15, 82704.2, 105051, 150719
1400, 7.16, 82194.2, 104413, 149820
1400, 7.17, 81688, 103781, 148928
1400, 7.18, 81185.5, 103152, 148043
1400, 7.19, 80686.7, 102529, 147164
1400, 7.2, 80191.7, 101910, 146291
1400, 7.21, 79700.2, 101295, 145424
1400, 7.22, 79212.3, 100685, 144564
1400, 7.23, 78728.1, 100079, 143710
1400, 7.24, 78247.4, 99478.1, 142862
1400, 7.25, 77770.1, 98881.1, 142019
1400, 7.26, 77296.4, 98288.5, 141183
1400, 7.27, 76826.2, 97700, 140353
1400, 7.28, 76359.3, 97115.9, 139529
1400, 7.29, 75895.9, 96535.9, 138710
1400, 7.3, 75435.8, 95960.1, 137897
1400, 7.31, 74979.1, 95388.4, 137090
1400, 7.32, 74525.6, 94820.8, 136289
1400, 7.33, 74075.5, 94257.2, 135493
1400, 7.34, 73628.6, 93697.7, 134703
1400, 7.35, 73185, 93142.1, 133919
1400, 7.36, 72744.5, 92590.5, 133139
1400, 7.37, 72307.2, 92042.9, 132366
1400, 7.38, 71873.1, 91498.1, 131598
1400, 7.39, 71442.1, 90959.2, 130835
1400, 7.4, 71014.1, 90423, 130077
1400, 7.41, 70589.3, 89890.7, 129325
1400, 7.42, 70167.5, 89362.2, 128578
1400, 7.43, 69748.6, 88837.4, 127836
1400, 7.44, 69332.8, 88316.2, 127099
1400, 7.45, 68920, 87798.8, 126368
1400, 7.46, 68510.1, 87281.3, 125641
1400, 7.47, 68103.1, 86774.8, 124920
1400, 7.48, 67699, 86268.1, 124203
1400, 7.49, 67297.8, 85765, 123492
1400, 7.5, 66899.4, 85265.5, 122785
2100, 0.4, 5.89721e+09, 6.52621e+09, 7.90888e+09
2100, 0.41, 5.32671e+09, 5.90143e+09, 7.16467e+09
2100, 0.42, 4.82316e+09, 5.3494e+09, 6.50595e+09
2100, 0.43, 4.37738e+09, 4.86019e+09, 5.9212e+09
2100, 0.44, 3.98163e+09, 4.42544e+09, 5.40067e+09
2100, 0.45, 3.62935e+09, 4.03806e+09, 4.93609e+09
2100, 0.46, 3.31494e+09, 3.69199e+09, 4.52038e+09
2100, 0.47, 3.03365e+09, 3.38208e+09, 4.14752e+09
2100, 0.48, 2.78139e+09, 3.10388e+09, 3.81231e+09
2100, 0.49, 2.55465e+09, 2.85361e+09, 3.51027e+09
2100, 0.5, 2.35041e+09, 2.62795e+09, 3.23755e+09
2100, 0.51, 2.16605e+09, 2.42409e+09, 2.99079e+09
2100, 0.52, 1.9993e+09, 2.23954e+09, 2.7671e+09
2100, 0.53, 1.8482e+09, 2.07215e+09, 2.56392e+09
2100, 0.54, 1.71101e+09, 1.92005e+09, 2.37904e+09
2100, 0.55, 1.58624e+09, 1.78159e+09, 2.21052e+09
2100, 0.56, 1.47256e+09, 1.65535e+09, 2.05665e+09
2100, 0.57, 1.36882e+09, 1.54004e+09, 1.91594e+09
2100, 0.58, 1.27399e+09, 1.43456e+09, 1.78705e+09
2100, 0.59, 1.18718e+09, 1.33792e+09, 1.66881e+09
2100, 0.6, 1.1076e+09, 1.24925e+09, 1.56018e+09
2100, 0.61, 1.03452e+09, 1.16778e+09, 1.46025e+09
2100, 0.62, 9.67337e+08, 1.09281e+09, 1.36818e+09
2100, 0.63, 9.05481e+08, 1.02373e+09, 1.28325e+09
2100, 0.64, 8.48457e+08, 9.60009e+08, 1.20481e+09
2100, 0.65, 7.95822e+08, 9.01144e+08, 1.13226e+09
2100, 0.66, 7.47177e+08, 8.46693e+08, 1.06509e+09
2100, 0.67, 7.02167e+08, 7.96294e+08, 1.00283e+09
2100, 0.68, 6.60472e+08, 7.49565e+08, 9.4504e+08
2100, 0.69, 6.21805e+08, 7.06198e+08, 8.91354e+08
2100, 0.7, 5.85906e+08, 6.65908e+08, 8.41423e+08
2100, 0.71, 5.52543e+08, 6.28439e+08, 7.94937e+08
2100, 0.72, 5.21503e+08, 5.93555e+08, 7.51614e+08
2100, 0.73, 4.92598e+08, 5.61048e+08, 7.112e+08
2100, 0.74, 4.65653e+08, 5.30726e+08, 6.73464e+08
2100, 0.75, 4.40512e+08, 5.02415e+08, 6.38195e+08
2100, 0.76, 4.17032e+08, 4.75958e+08, 6.05202e+08
2100, 0.77, 3.95085e+08, 4.51212e+08, 5.74312e+08
2100, 0.78, 3.74552e+08, 4.28046e+08, 5.45366e+08
2100, 0.79, 3.55325e+08, 4.0634e+08, 5.18219e+08
2100, 0.8, 3.37307e+08, 3.85986e+08, 4.92738e+08
2100, 0.81, 3.20409e+08, 3.66885e+08, 4.68802e+08
2100, 0.82, 3.04547e+08, 3.48945e+08, 4.46301e+08
2100, 0.83, 2.89648e+08, 3.32083e+08, 4.25131e+08
2100, 0.84, 2.75641e+08, 3.16222e+08, 4.05201e+08
2100, 0.85, 2.62464e+08, 3.01292e+08, 3.86423e+08
2100, 0.86, 2.5006e+08, 2.87228e+08, 3.6872e+08
2100, 0.87, 2.38373e+08, 2.73971e+08, 3.52017e+08
2100, 0.88, 2.27357e+08, 2.61467e+08, 3.36248e+08
2100, 0.89, 2.16964e+08, 2.49664e+08, 3.21351e+08
2100, 0.9, 2.07153e+08, 2.38516e+08, 3.07269e+08
2100, 0.91, 1.97887e+08, 2.2798e+08, 2.93948e+08
2100, 0.92, 1.89128e+08, 2.18016e+08, 2.81341e+08
2100, 0.93, 1.80845e+08, 2.08588e+08, 2.69401e+08
2100, 0.94, 1.73007e+08, 1.99662e+08, 2.58087e+08
2100, 0.95, 1.65586e+08, 1.91205e+08, 2.47359e+08
2100, 0.96, 1.58554e+08, 1.83188e+08, 2.37183e+08
2100, 0.97, 1.51889e+08, 1.75586e+08, 2.27523e+08
2100, 0.98, 1.45568e+08, 1.68371e+08, 2.1835e+08
2100, 0.99, 1.39569e+08, 1.61522e+08, 2.09633e+08
2100, 1, 1.33874e+08, 1.55015e+08, 2.01346e+08
2100, 1.01, 1.28463e+08, 1.48829e+08, 1.93464e+08
2100, 1.02, 1.23321e+08, 1.42949e+08, 1.85963e+08
2100, 1.03, 1.18432e+08, 1.37354e+08, 1.78822e+08
2100, 1.04, 1.1378e+08, 1.32029e+08, 1.72019e+08
2100, 1.05, 1.09352e+08, 1.26958e+08, 1.65536e+08
2100, 1.06, 1.05136e+08, 1.22126e+08, 1.59355e+08
2100, 1.07, 1.01119e+08, 1.17521e+08, 1.53459e+08
2100, 1.08, 9.72909e+07, 1.13129e+08, 1.47833e+08
2100, 1.09, 9.36403e+07, 1.0894e+08, 1.42462e+08
2100, 1.1, 9.01579e+07, 1.04941e+08, 1.37332e+08
2100, 1.11, 8.68344e+07, 1.01124e+08, 1.3243e+08
2100, 1.12, 8.36612e+07, 9.74767e+07, 1.27745e+08
2100, 1.13, 8.06303e+07, 9.39918e+07, 1.23264e+08
2100, 1.14, 7.77343e+07, 9.06602e+07, 1.18978e+08
2100, 1.15, 7.49658e+07, 8.7474e+07, 1.14876e+08
2100, 1.16, 7.23184e+07, 8.44257e+07, 1.10949e+08
2100, 1.17, 6.97858e+07, 8.15082e+07, 1.07188e+08
2100, 1.18, 6.7362e+07, 7.87148e+07, 1.03584e+08
2100, 1.19, 6.50415e+07, 7.60393e+07, 1.0013e+08
2100, 1.2, 6.28192e+07, 7.34758e+07, 9.68188e+07
2100, 1.21, 6.069e+07, 7.10187e+07, 9.36427e+07
2100, 1.22, 5.86495e+07, 6.86628e+07, 9.05955e+07
2100, 1.23, 5.66931e+07, 6.64031e+07, 8.76709e+07
2100, 1.24, 5.48169e+07, 6.4235e+07, 8.48631e+07
2100, 1.25, 5.30169e+07, 6.2154e+07, 8.21664e+07
2100, 1.26, 5.12894e+07, 6.01561e+07, 7.95757e+07
2100, 1.27, 4.96311e+07, 5.82373e+07, 7.7086e+07
2100, 1.28, 4.80386e+07, 5.63939e+07, 7.46926e+07
2100, 1.29, 4.65088e+07, 5.46223e+07, 7.23911e+07
2100, 1.3, 4.50388e+07, 5.29192e+07, 7.01773e+07
2100, 1.31, 4.36258e+07, 5.12816e+07, 6.80473e+07
2100, 1.32, 4.22673e+07, 4.97063e+07, 6.59971e+07
2100, 1.33, 4.09607e+07, 4.81907e+07, 6.40234e+07
2100, 1.34, 3.97036e+07, 4.67319e+07, 6.21226e+07
2100, 1.35, 3.8494e+07, 4.53276e+07, 6.02916e+07
2100, 1.36, 3.73295e+07, 4.39752e+07, 5.85274e+07
2100, 1.37, 3.62084e+07, 4.26725e+07, 5.6827e+07
2100, 1.38, 3.51285e+07, 4.14174e+07, 5.51877e+07
2100, 1.39, 3.40882e+07, 4.02077e+07, 5.36069e+07
2100, 1.4, 3.30857e+07, 3.90415e+07, 5.2082e+07
2100, 1.41, 3.21194e+07, 3.7917e+07, 5.06108e+07
2100, 1.42, 3.11878e+07, 3.68324e+07, 4.9191e+07
2100, 1.43, 3.02893e+07, 3.5786e+07, 4.78205e+07
2100, 1.44, 2.94226e+07, 3.47762e+07, 4.64971e+07
2100, 1.45, 2.85863e+07, 3.38015e+07, 4.52191e+07
2100, 1.46, 2.77793e+07, 3.28604e+07, 4.39845e+07
2100, 1.47, 2.70001e+07, 3.19516e+07, 4.27916e+07
2100, 1.48, 2.62479e+07, 3.10737e+07, 4.16386e+07
2100, 1.49, 2.55213e+07, 3.02256e+07, 4.05241e+07
2100, 1.5, 2.48194e+07, 2.9406e+07, 3.94465e+07
2100, 1.51, 2.41412e+07, 2.86137e+07, 3.84043e+07
2100, 1.52, 2.34858e+07, 2.78477e+07, 3.73962e+07
2100, 1.53, 2.28522e+07, 2.7094e+07, 3.64208e+07
2100, 1.54, 2.22396e+07, 2.63905e+07, 3.54768e+07
2100, 1.55, 2.16471e+07, 2.56974e+07, 3.45631e+07
2100, 1.56, 2.10741e+07, 2.50267e+07, 3.36785e+07
2100, 1.57, 2.05196e+07, 2.43774e+07, 3.28219e+07
2100, 1.58, 1.9983e+07, 2.3749e+07, 3.19922e+07
2100, 1.59, 1.94637e+07, 2.31406e+07, 3.11885e+07
2100, 1.6, 1.89609e+07, 2.25513e+07, 3.04097e+07
2100, 1.61, 1.84741e+07, 2.19805e+07, 2.96549e+07
2100, 1.62, 1.80026e+07, 2.14274e+07, 2.89234e+07
2100, 1.63, 1.75458e+07, 2.08916e+07, 2.82141e+07
2100, 1.64, 1.71033e+07, 2.03721e+07, 2.75263e+07
2100, 1.65, 1.66745e+07, 1.98687e+07, 2.68593e+07
2100, 1.66, 1.62589e+07, 1.93805e+07, 2.62122e+07
2100, 1.67, 1.5856e+07, 1.89071e+07, 2.55844e+07
2100, 1.68, 1.54653e+07, 1.84479e+07, 2.49752e+07
2100, 1.69, 1.50865e+07, 1.80025e+07, 2.43839e+07
2100, 1.7, 1.4719e+07, 1.75703e+07, 2.381e+07
2100, 1.71, 1.43625e+07, 1.71508e+07, 2.32527e+07
2100, 1.72, 1.40166e+07, 1.67437e+07, 2.27115e+07
2100, 1.73, 1.36809e+07, 1.63485e+07, 2.2186e+07
2100, 1.74, 1.33551e+07, 1.59648e+07, 2.16754e+07
2100, 1.75, 1.30388e+07, 1.5592e+07, 2.11794e+07
2100, 1.76, 1.27317e+07, 1.52302e+07, 2.06974e+07
2100, 1.77, 1.24335e+07, 1.48786e+07, 2.02289e+07
2100, 1.78, 1.21438e+07, 1.45366e+07, 1.97736e+07
2100, 1.79, 1.18624e+07, 1.42051e+07, 1.93309e+07
2100, 1.8, 1.15891e+07, 1.38824e+07, 1.89004e+07
2100, 1.81, 1.13234e+07, 1.35688e+07, 1.84819e+07
2100, 1.82, 1.10652e+07, 1.32639e+07, 1.80747e+07
2100, 1.83, 1.08142e+07, 1.29675e+07, 1.76787e+07
2100, 1.84, 1.05702e+07, 1.26792e+07, 1.72933e+07
2100, 1.85, 1.0333e+07, 1.23988e+07, 1.69184e+07
2100, 1.86, 1.01023e+07, 1.2126e+07, 1.65535e+07
2100, 1.87, 9.87789e+06, 1.18606e+07, 1.61983e+07
2100, 1.88, 9.65961e+06, 1.16023e+07, 1.58525e+07
2100, 1.89, 9.44724e+06, 1.1351e+07, 1.55158e+07
2100, 1.9, 9.24059e+06, 1.11063e+07, 1.5188e+07
2100, 1.91, 9.03949e+06, 1.08682e+07, 1.48687e+07
2100, 1.92, 8.84375e+06, 1.06363e+07, 1.45577e+07
2100, 1.93, 8.65321e+06, 1.04105e+07, 1.42548e+07
2100, 1.94, 8.4677e+06, 1.01906e+07, 1.39596e+07
2100, 1.95, 8.28706e+06, 9.97645e+06, 1.3672e+07
2100, 1.96, 8.11115e+06, 9.7678e+06, 1.33917e+07
2100, 1.97, 7.93982e+06, 9.56351e+06, 1.31185e+07
2100, 1.98, 7.77292e+06, 9.36645e+06, 1.28522e+07
2100, 1.99, 7.61032e+06, 9.17331e+06, 1.25925e+07
2100, 2, 7.45189e+06, 8.98528e+06, 1.23394e+07
2100, 2.01, 7.2975e+06, 8.80189e+06, 1.20925e+07
2100, 2.02, 7.14703e+06, 8.6231e+06, 1.18517e+07
2100, 2.03, 7.00036e+06, 8.4486e+06, 1.16168e+07
2100, 2.04, 6.85738e+06, 8.27878e+06, 1.13877e+07
2100, 2.05, 6.71798e+06, 8.11299e+06, 1.11642e+07
2100, 2.06, 6.58205e+06, 7.95126e+06, 1.0946e+07
2100, 2.07, 6.44948e+06, 7.79354e+06, 1.07332e+07
2100, 2.08, 6.32019e+06, 7.63902e+06, 1.05254e+07
2100, 2.09, 6.19408e+06, 7.48948e+06, 1.03226e+07
2100, 2.1, 6.07105e+06, 7.34295e+06, 1.01246e+07
2100, 2.11, 5.95101e+06, 7.19993e+06, 9.93135e+06
2100, 2.12, 5.83387e+06, 7.06035e+06, 9.74262e+06
2100, 2.13, 5.71956e+06, 6.92408e+06, 9.55831e+06
2100, 2.14, 5.608e+06, 6.79105e+06, 9.3783e+06
2100, 2.15, 5.4991e+06, 6.66117e+06, 9.20248e+06
2100, 2.16, 5.39278e+06, 6.53433e+06, 9.03072e+06
2100, 2.17, 5.28899e+06, 6.41046e+06, 8.86292e+06
2100, 2.18, 5.18764e+06, 6.28947e+06, 8.69896e+06
2100, 2.19, 5.08867e+06, 6.17129e+06, 8.53874e+06
2100, 2.2, 4.99201e+06, 6.05584e+06, 8.38216e+06
2100, 2.21, 4.8976e+06, 5.94304e+06, 8.22913e+06
2100, 2.22, 4.80537e+06, 5.83251e+06, 8.07954e+06
2100, 2.23, 4.71527e+06, 5.72512e+06, 7.9333e+06
2100, 2.24, 4.62724e+06, 5.61986e+06, 7.79033e+06
2100, 2.25, 4.54121e+06, 5.51697e+06, 7.65053e+06
2100, 2.26, 4.45715e+06, 5.4164e+06, 7.51383e+06
2100, 2.27, 4.37499e+06, 5.31807e+06, 7.38014e+06
2100, 2.28, 4.29468e+06, 5.22192e+06, 7.24938e+06
2100, 2.29, 4.21618e+06, 5.12794e+06, 7.12148e+06
2100, 2.3, 4.13943e+06, 5.03602e+06, 6.99636e+06
2100, 2.31, 4.0644e+06, 4.94613e+06, 6.87395e+06
2100, 2.32, 3.99102e+06, 4.8582e+06, 6.75417e+06
2100, 2.33, 3.91927e+06, 4.77213e+06, 6.63697e+06
2100, 2.34, 3.84909e+06, 4.68805e+06, 6.52228e+06
2100, 2.35, 3.78045e+06, 4.60574e+06, 6.41003e+06
2100, 2.36, 3.71331e+06, 4.52519e+06, 6.30016e+06
2100, 2.37, 3.64763e+06, 4.44638e+06, 6.19261e+06
2100, 2.38, 3.58337e+06, 4.36924e+06, 6.08732e+06
2100, 2.39, 3.52049e+06, 4.29376e+06, 5.98424e+06
2100, 2.4, 3.45896e+06, 4.21987e+06, 5.88331e+06
2100, 2.41, 3.39875e+06, 4.14754e+06, 5.78447e+06
2100, 2.42, 3.33981e+06, 4.07673e+06, 5.68768e+06
2100, 2.43, 3.28213e+06, 4.00741e+06, 5.59289e+06
2100, 2.44, 3.22567e+06, 3.93953e+06, 5.50004e+06
2100, 2.45, 3.17039e+06, 3.87306e+06, 5.40909e+06
2100, 2.46, 3.11627e+06, 3.80797e+06, 5.31999e+06
2100, 2.47, 3.06328e+06, 3.74422e+06, 5.2327e+06
2100, 2.48, 3.01139e+06, 3.68177e+06, 5.14717e+06
2100, 2.49, 2.96057e+06, 3.62061e+06, 5.06336e+06
2100, 2.5, 2.91081e+06, 3.56069e+06, 4.98123e+06
2100, 2.51, 2.86206e+06, 3.50199e+06, 4.90074e+06
2100, 2.52, 2.81431e+06, 3.44447e+06, 4.82186e+06
2100, 2.53, 2.76754e+06, 3.38811e+06, 4.74453e+06
2100, 2.54, 2.72171e+06, 3.33289e+06, 4.66874e+06
2100, 2.55, 2.67682e+06, 3.27876e+06, 4.59443e+06
2100, 2.56, 2.63282e+06, 3.22572e+06, 4.52158e+06
2100, 2.57, 2.58971e+06, 3.17372e+06, 4.45015e+06
2100, 2.58, 2.54747e+06, 3.12275e+06, 4.3801e+06
2100, 2.59, 2.50606e+06, 3.07279e+06, 4.31142e+06
2100, 2.6, 2.46547e+06, 3.0238e+06, 4.24406e+06
2100, 2.61, 2.42569e+06, 2.97578e+06, 4.17799e+06
2100, 2.62, 2.38669e+06, 2.92868e+06, 4.11319e+06
2100, 2.63, 2.34846e+06, 2.88242e+06, 4.04963e+06
2100, 2.64, 2.31098e+06, 2.83721e+06, 3.98727e+06
2100, 2.65, 2.27422e+06, 2.7928e+06, 3.92609e+06
2100, 2.66, 2.23818e+06, 2.74923e+06, 3.86607e+06
2100, 2.67, 2.20284e+06, 2.7065e+06, 3.80718e+06
2100, 2.68, 2.16818e+06, 2.66458e+06, 3.74939e+06
2100, 2.69, 2.13418e+06, 2.62346e+06, 3.69267e+06
2100, 2.7, 2.10083e+06, 2.58311e+06, 3.63702e+06
2100, 2.71, 2.06812e+06, 2.54352e+06, 3.58239e+06
2100, 2.72, 2.03603e+06, 2.50468e+06, 3.52877e+06
2100, 2.73, 2.00455e+06, 2.46656e+06, 3.47614e+06
2100, 2.74, 1.97366e+06, 2.42915e+06, 3.42447e+06
2100, 2.75, 1.94335e+06, 2.39244e+06, 3.37375e+06
2100, 2.76, 1.91361e+06, 2.35641e+06, 3.32395e+06
2100, 2.77, 1.88443e+06, 2.32104e+06, 3.27505e+06
2100, 2.78, 1.85579e+06, 2.28632e+06, 3.22704e+06
2100, 2.79, 1.82768e+06, 2.25223e+06, 3.17989e+06
2100, 2.8, 1.80009e+06, 2.21877e+06, 3.13359e+06
2100, 2.81, 1.773e+06, 2.18592e+06, 3.08812e+06
2100, 2.82, 1.74641e+06, 2.15366e+06, 3.04345e+06
2100, 2.83, 1.72031e+06, 2.12198e+06, 2.99958e+06
2100, 2.84, 1.69469e+06, 2.09087e+06, 2.95649e+06
2100, 2.85, 1.66953e+06, 2.06033e+06, 2.91416e+06
2100, 2.86, 1.64482e+06, 2.03032e+06, 2.87257e+06
2100, 2.87, 1.62056e+06, 2.00085e+06, 2.83171e+06
2100, 2.88, 1.59674e+06, 1.97191e+06, 2.79156e+06
2100, 2.89, 1.57334e+06, 1.94347e+06, 2.75211e+06
2100, 2.9, 1.55036e+06, 1.91554e+06, 2.71335e+06
2100, 2.91, 1.52779e+06, 1.8881e+06, 2.67525e+06
2100, 2.92, 1.50563e+06, 1.86113e+06, 2.63781e+06
2100, 2.93, 1.48385e+06, 1.83465e+06, 2.60102e+06
2100, 2.94, 1.46245e+06, 1.80862e+06, 2.56485e+06
2100, 2.95, 1.44143e+06, 1.78304e+06, 2.52931e+06
2100, 2.96, 1.42078e+06, 1.75791e+06, 2.49436e+06
2100, 2.97, 1.40049e+06, 1.7332e+06, 2.46001e+06
2100, 2.98, 1.38056e+06, 1.70893e+06, 2.42624e+06
2100, 2.99, 1.36097e+06, 1.68506e+06, 2.39304e+06
2100, 3, 1.34171e+06, 1.66161e+06, 2.36039e+06
2100, 3.01, 1.32279e+06, 1.63855e+06, 2.32829e+06
2100, 3.02, 1.30419e+06, 1.61588e+06, 2.29673e+06
2100, 3.03, 1.28591e+06, 1.5936e+06, 2.26569e+06
2100, 3.04, 1.26795e+06, 1.57169e+06, 2.23516e+06
2100, 3.05, 1.25029e+06, 1.55015e+06, 2.20514e+06
2100, 3.06, 1.23292e+06, 1.52897e+06, 2.17562e+06
2100, 3.07, 1.21586e+06, 1.50815e+06, 2.14657e+06
2100, 3.08, 1.19907e+06, 1.48767e+06, 2.11801e+06
2100, 3.09, 1.18258e+06, 1.46753e+06, 2.08991e+06
2100, 3.1, 1.16635e+06, 1.44772e+06, 2.06226e+06
2100, 3.11, 1.1504e+06, 1.42824e+06, 2.03506e+06
2100, 3.12, 1.13471e+06, 1.40908e+06, 2.00831e+06
2100, 3.13, 1.11929e+06, 1.39023e+06, 1.98198e+06
2100, 3.14, 1.10411e+06, 1.37169e+06, 1.95608e+06
2100, 3.15, 1.08919e+06, 1.35345e+06, 1.93059e+06
2100, 3.16, 1.07452e+06, 1.33551e+06, 1.90551e+06
2100, 3.17, 1.06008e+06, 1.31786e+06, 1.88083e+06
2100, 3.18, 1.04588e+06, 1.30049e+06, 1.85653e+06
2100, 3.19, 1.03191e+06, 1.2834e+06, 1.83263e+06
2100, 3.2, 1.01817e+06, 1.26659e+06, 1.8091e+06
2100, 3.21, 1.00465e+06, 1.25004e+06, 1.78594e+06
2100, 3.22, 991346, 1.23376e+06, 1.76314e+06
2100, 3.23, 978259, 1.21773e+06, 1.7407e+06
2100, 3.24, 965381, 1.20196e+06, 1.71861e+06
2100, 3.25, 952709, 1.18644e+06, 1.69686e+06
2100, 3.26, 940239, 1.17117e+06, 1.67545e+06
2100, 3.27, 927968, 1.15613e+06, 1.65436e+06
2100, 3.28, 915891, 1.14133e+06, 1.63361e+06
2100, 3.29, 904005, 1.12676e+06, 1.61317e+06
2100, 3.3, 892306, 1.11242e+06, 1.59304e+06
2100, 3.31, 880792, 1.09829e+06, 1.57323e+06
2100, 3.32, 869457, 1.08439e+06, 1.55371e+06
2100, 3.33, 858300, 1.0707e+06, 1.53449e+06
2100, 3.34, 847316, 1.05723e+06, 1.51556e+06
2100, 3.35, 836503, 1.04395e+06, 1.49691e+06
2100, 3.36, 825858, 1.03089e+06, 1.47855e+06
2100, 3.37, 815377, 1.01802e+06, 1.46046e+06
2100, 3.38, 805057, 1.00534e+06, 1.44264e+06
2100, 3.39, 794896, 992863, 1.42509e+06
2100, 3.4, 784891, 980570, 1.4078e+06
2100, 3.41, 775038, 968463, 1.39076e+06
2100, 3.42, 765336, 956536, 1.37398e+06
2100, 3.43, 755781, 944791, 1.35744e+06
2100, 3.44, 746370, 933220, 1.34115e+06
2100, 3.45, 737102, 921821, 1.3251e+06
2100, 3.46, 727973, 910592, 1.30928e+06
2100, 3.47, 718981, 899530, 1.29369e+06
2100, 3.48, 710124, 888631, 1.27833e+06
2100, 3.49, 701399, 877892, 1.26319e+06
2100, 3.5, 692804, 867311, 1.24827e+06
2100, 3.51, 684337, 856886, 1.23356e+06
2100, 3.52, 675995, 846613, 1.21907e+06
2100, 3.53, 667777, 836490, 1.20478e+06
2100, 3.54, 659679, 826514, 1.1907e+06
2100, 3.55, 651701, 816683, 1.17682e+06
2100, 3.56, 643840, 806993, 1.16314e+06
2100, 3.57, 636093, 797444, 1.14965e+06
2100, 3.58, 628459, 788032, 1.13635e+06
2100, 3.59, 620936, 778755, 1.12324e+06
2100, 3.6, 613523, 769611, 1.11031e+06
2100, 3.61, 606216, 760597, 1.09757e+06
2100, 3.62, 599015, 751711, 1.085e+06
2100, 3.63, 591918, 742952, 1.07261e+06
2100, 3.64, 584922, 734317, 1.06039e+06
2100, 3.65, 578026, 725803, 1.04835e+06
2100, 3.66, 571229, 713081, 1.03646e+06
2100, 3.67, 564529, 709134, 1.02475e+06
2100, 3.68, 557923, 700974, 1.01319e+06
2100, 3.69, 551412, 692929, 1.00179e+06
2100, 3.7, 544992, 684995, 990552
2100, 3.71, 538663, 677172, 979465
2100, 3.72, 532422, 669457, 968529
2100, 3.73, 526269, 661849, 957741
2100, 3.74, 520202, 654346, 947100
2100, 3.75, 514220, 646946, 936603
2100, 3.76, 508321, 639648, 926247
2100, 3.77, 502503, 632449, 916031
2100, 3.78, 496767, 625349, 905953
2100, 3.79, 491109, 618346, 896009
2100, 3.8, 485529, 611438, 886198
2100, 3.81, 480026, 604623, 876518
2100, 3.82, 474598, 597900, 866966
2100, 3.83, 469245, 591268, 857542
2100, 3.84, 463964, 584726, 848241
2100, 3.85, 458756, 578271, 839064
2100, 3.86, 453617, 571902, 830007
2100, 3.87, 448549, 565619, 821070
2100, 3.88, 443549, 559419, 812249
2100, 3.89, 438616, 553302, 803544
2100, 3.9, 433749, 547265, 794952
2100, 3.91, 428948, 541309, 786472
2100, 3.92, 424211, 535431, 778101
2100, 3.93, 419537, 529630, 769840
2100, 3.94, 414925, 523906, 761684
2100, 3.95, 410375, 518256, 753634
2100, 3.96, 405884, 512680, 745687
2100, 3.97, 401453, 507177, 737842
2100, 3.98, 397080, 501746, 730098
2100, 3.99, 392765, 496385, 722452
2100, 4, 388507, 491093, 714903
2100, 4.01, 384304, 485869, 707450
2100, 4.02, 380156, 480713, 700092
2100, 4.03, 376062, 475051, 692826
2100, 4.04, 372021, 470598, 685652
2100, 4.05, 368032, 465638, 678569
2100, 4.06, 364096, 460741, 671574
2100, 4.07, 360209, 455899, 664666
2100, 4.08, 356373, 451132, 657845
2100, 4.09, 352586, 446419, 651109
2100, 4.1, 348848, 441766, 644457
2100, 4.11, 345157, 437171, 637887
2100, 4.12, 341514, 432634, 631398
2100, 4.13, 337917, 428151, 624990
2100, 4.14, 334365, 423730, 618660
2100, 4.15, 330859, 419361, 612408
2100, 4.16, 327397, 415047, 606233
2100, 4.17, 323978, 410786, 600133
2100, 4.18, 320602, 406578, 594108
2100, 4.19, 317269, 402422, 588156
2100, 4.2, 313978, 398318, 582276
2100, 4.21, 310727, 394264, 576467
2100, 4.22, 307517, 390260, 570729
2100, 4.23, 304348, 386306, 565060
2100, 4.24, 301217, 382399, 559460
2100, 4.25, 298125, 378540, 553926
2100, 4.26, 295072, 374729, 548459
2100, 4.27, 292056, 370963, 543057
2100, 4.28, 289077, 367244, 537720
2100, 4.29, 286134, 363569, 532446
2100, 4.3, 283228, 359939, 527235
2100, 4.31, 280357, 356351, 522086
2100, 4.32, 277522, 352809, 516997
2100, 4.33, 274720, 349308, 511969
2100, 4.34, 271953, 345849, 506999
2100, 4.35, 269219, 342432, 502089
2100, 4.36, 266519, 339055, 497235
2100, 4.37, 263850, 335718, 492439
2100, 4.38, 261214, 332421, 487698
2100, 4.39, 258610, 329163, 483013
2100, 4.4, 256037, 325944, 478382
2100, 4.41, 253495, 322762, 473805
2100, 4.42, 250982, 319618, 469281
2100, 4.43, 248500, 316511, 464809
2100, 4.44, 246048, 313440, 460389
2100, 4.45, 243624, 310406, 456019
2100, 4.46, 241229, 307406, 451700
2100, 4.47, 238863, 304442, 447430
2100, 4.48, 236524, 301512, 443209
2100, 4.49, 234213, 298616, 439036
2100, 4.5, 231929, 295753, 434910
2100, 4.51, 229671, 292923, 430832
2100, 4.52, 227440, 290127, 426799
2100, 4.53, 225235, 287362, 422812
2100, 4.54, 223056, 284629, 418871
2100, 4.55, 220902, 281927, 414973
2100, 4.56, 218773, 279256, 411119
2100, 4.57, 216669, 276616, 407309
2100, 4.58, 214589, 274006, 403541
2100, 4.59, 212532, 271425, 399816
2100, 4.6, 210500, 268874, 396131
2100, 4.61, 208491, 266351, 392488
2100, 4.62, 206504, 263857, 388885
2100, 4.63, 204541, 261391, 385323
2100, 4.64, 202600, 258953, 381799
2100, 4.65, 200681, 256542, 378315
2100, 4.66, 198783, 254158, 374868
2100, 4.67, 196908, 251801, 371460
2100, 4.68, 195053, 249470, 368089
2100, 4.69, 193220, 247161, 364755
2100, 4.7, 191407, 244886, 361458
2100, 4.71, 189614, 242631, 358196
2100, 4.72, 187842, 240402, 354970
2100, 4.73, 186089, 238198, 351778
2100, 4.74, 184356, 236013, 348622
2100, 4.75, 182642, 233861, 345499
2100, 4.76, 180948, 231728, 342411
2100, 4.77, 179272, 229619, 339355
2100, 4.78, 177615, 227533, 336333
2100, 4.79, 175976, 225469, 333343
2100, 4.8, 174355, 223429, 330384
2100, 4.81, 172752, 221410, 327458
2100, 4.82, 171167, 219413, 324563
2100, 4.83, 169599, 217438, 321698
2100, 4.84, 168048, 215484, 318864
2100, 4.85, 166515, 213551, 316060
2100, 4.86, 164998, 211639, 313286
2100, 4.87, 163497, 209748, 310541
2100, 4.88, 162013, 207876, 307825
2100, 4.89, 160545, 206025, 305138
2100, 4.9, 159093, 204194, 302478
2100, 4.91, 157657, 202382, 299847
2100, 4.92, 156236, 200590, 297243
2100, 4.93, 154831, 198816, 294667
2100, 4.94, 153440, 197061, 292117
2100, 4.95, 152065, 195325, 289594
2100, 4.96, 150704, 193608, 287097
2100, 4.97, 149358, 191908, 284626
2100, 4.98, 148026, 190226, 282181
2100, 4.99, 146708, 188562, 279760
2100, 5, 145405, 186915, 277365
2100, 5.01, 144115, 185286, 274994
2100, 5.02, 142839, 183673, 272648
2100, 5.03, 141576, 182078, 270326
2100, 5.04, 140327, 180499, 268028
2100, 5.05, 139091, 178936, 265753
2100, 5.06, 137868, 177390, 263501
2100, 5.07, 136657, 175860, 261272
2100, 5.08, 135460, 174345, 259066
2100, 5.09, 134275, 172846, 256882
2100, 5.1, 133102, 171363, 254720
2100, 5.11, 131941, 169894, 252580
2100, 5.12, 130793, 168441, 250462
2100, 5.13, 129656, 167003, 248365
2100, 5.14, 128532, 165579, 246289
2100, 5.15, 127419, 164170, 244234
2100, 5.16, 126317, 162775, 242200
2100, 5.17, 125227, 161395, 240185
2100, 5.18, 124148, 160028, 238191
2100, 5.19, 123080, 158675, 236217
2100, 5.2, 122023, 157336, 234263
2100, 5.21, 120977, 156011, 232327
2100, 5.22, 119942, 154699, 230411
2100, 5.23, 118917, 153400, 228514
2100, 5.24, 117902, 152114, 226636
2100, 5.25, 116898, 150841, 224776
2100, 5.26, 115904, 149580, 222935
2100, 5.27, 114920, 148333, 221111
2100, 5.28, 113946, 147097, 219306
2100, 5.29, 112982, 145874, 217518
2100, 5.3, 112028, 144663, 215747
2100, 5.31, 111083, 143465, 213994
2100, 5.32, 110148, 142278, 212258
2100, 5.33, 109222, 141101, 210539
2100, 5.34, 108305, 139939, 208836
2100, 5.35, 107398, 138787, 207150
2100, 5.36, 106500, 137646, 205481
2100, 5.37, 105610, 136516, 203827
2100, 5.38, 104729, 135397, 202189
2100, 5.39, 103858, 134289, 200567
2100, 5.4, 102994, 133193, 198961
2100, 5.41, 102140, 132107, 197370
2100, 5.42, 101293, 131031, 195794
2100, 5.43, 100455, 129966, 194233
2100, 5.44, 99625.7, 128911, 192688
2100, 5.45, 98804.2, 127867, 191156
2100, 5.46, 97990.7, 126832, 189640
2100, 5.47, 97185.2, 125808, 188138
2100, 5.48, 96387.5, 124791, 186650
2100, 5.49, 95597.7, 123788, 185176
2100, 5.5, 94815.5, 122793, 183716
2100, 5.51, 94040.9, 121807, 182270
2100, 5.52, 93273.9, 120831, 180837
2100, 5.53, 92514.3, 119864, 179418
2100, 5.54, 91762, 118904, 178012
2100, 5.55, 91017, 117958, 176620
2100, 5.56, 90279.2, 117018, 175240
2100, 5.57, 89548.5, 116087, 173873
2100, 5.58, 88824.9, 115166, 172519
2100, 5.59, 88108.1, 114252, 171178
2100, 5.6, 87398.3, 113348, 169849
2100, 5.61, 86695.2, 112452, 168532
2100, 5.62, 85998.9, 111565, 167228
2100, 5.63, 85309.1, 110686, 165935
2100, 5.64, 84626, 109815, 164655
2100, 5.65, 83949.3, 108952, 163386
2100, 5.66, 83279.1, 108097, 162129
2100, 5.67, 82615.2, 107250, 160884
2100, 5.68, 81957.6, 106411, 159650
2100, 5.69, 81306.2, 105581, 158427
2100, 5.7, 80661, 104757, 157215
2100, 5.71, 80021.8, 103942, 156015
2100, 5.72, 79388.6, 103134, 154825
2100, 5.73, 78761.4, 102333, 153646
2100, 5.74, 78140.1, 101540, 152478
2100, 5.75, 77524.5, 100749, 151321
2100, 5.76, 76914.7, 99972.6, 150174
2100, 5.77, 76310.7, 99203.5, 149037
2100, 5.78, 75712.2, 98439, 147911
2100, 5.79, 75119.3, 97681.6, 146794
2100, 5.8, 74531.9, 96931.1, 145688
2100, 5.81, 73949.9, 96187.1, 144592
2100, 5.82, 73373.3, 95450.5, 143506
2100, 5.83, 72802.1, 94720.2, 142429
2100, 5.84, 72236.1, 93996.8, 141362
2100, 5.85, 71675.3, 93279.8, 140304
2100, 5.86, 71119.7, 92569.4, 139256
2100, 5.87, 70569.2, 91865.3, 138217
2100, 5.88, 70023.7, 91167.6, 137188
2100, 5.89, 69483.2, 90476.2, 136167
2100, 5.9, 68947.7, 89791.1, 135156
2100, 5.91, 68417, 89112, 134153
2100, 5.92, 67891.2, 88439.2, 133160
2100, 5.93, 67370.2, 87772.3, 132175
2100, 5.94, 66853.9, 87111.3, 131199
2100, 5.95, 66342.3, 86456.3, 130231
2100, 5.96, 65835.3, 85807.2, 129272
2100, 5.97, 65332.9, 85163, 128321
2100, 5.98, 64835, 84526.2, 127379
2100, 5.99, 64341.6, 83894.2, 126444
2100, 6, 63852.7, 83267.8, 125518
2100, 6.01, 63368.1, 82647, 124600
2100, 6.02, 62888, 82031.6, 123690
2100, 6.03, 62412.1, 81421.7, 122788
2100, 6.04, 61940.4, 80817.2, 121894
2100, 6.05, 61473, 80218, 121008
2100, 6.06, 61009.8, 79620.7, 120129
2100, 6.07, 60550.6, 79035.3, 119257
2100, 6.08, 60095.6, 78451.7, 118394
2100, 6.09, 59644.6, 77873.3, 117537
2100, 6.1, 59197.6, 77299.9, 116688
2100, 6.11, 58754.6, 76731.4, 115847
2100, 6.12, 58315.4, 76168, 115012
2100, 6.13, 57880.2, 75609.4, 114185
2100, 6.14, 57448.8, 75055.8, 113365
2100, 6.15, 57021.2, 74506.8, 112551
2100, 6.16, 56597.3, 73962.7, 111745
2100, 6.17, 56177.2, 73423.3, 110946
2100, 6.18, 55760.7, 72888.5, 110153
2100, 6.19, 55347.9, 72358.3, 109367
2100, 6.2, 54938.7, 71832.7, 108587
2100, 6.21, 54533.1, 71311.6, 107815
2100, 6.22, 54131, 70795, 107049
2100, 6.23, 53732.4, 70282.9, 106289
2100, 6.24, 53337.3, 69775.1, 105535
2100, 6.25, 52945.6, 69271.6, 104788
2100, 6.26, 52557.3, 68772.5, 104048
2100, 6.27, 52172.3, 68277.6, 103313
2100, 6.28, 51790.7, 67786.9, 102585
2100, 6.29, 51412.4, 67300.4, 101862
2100, 6.3, 51037.3, 66818, 101146
2100, 6.31, 50665.5, 66339.7, 100436
2100, 6.32, 50296.8, 65865.3, 99731.5
2100, 6.33, 49931.3, 65395.2, 99033
2100, 6.34, 49569, 64929, 98340.2
2100, 6.35, 49209.7, 64466.6, 97653.2
2100, 6.36, 48853.6, 64008.2, 96971.9
2100, 6.37, 48500.4, 63553.6, 96296.3
2100, 6.38, 48150.3, 63102.8, 95626.2
2100, 6.39, 47803.1, 62655.8, 94961.6
2100, 6.4, 47458.9, 62212.6, 94302.5
2100, 6.41, 47117.6, 61773, 93648.8
2100, 6.42, 46779.2, 61337.1, 93000.4
2100, 6.43, 46443.7, 60904.9, 92357.4
2100, 6.44, 46111, 60476.2, 91719.7
2100, 6.45, 45781.1, 60051.1, 91087.1
2100, 6.46, 45454, 59629.6, 90459.8
2100, 6.47, 45129.6, 59211.5, 89837.5
2100, 6.48, 44807.9, 58796.9, 89220.3
2100, 6.49, 44489, 58385.7, 88608.1
2100, 6.5, 44172.7, 57977.9, 88000.9
2100, 6.51, 43859.1, 57573.5, 87398.6
2100, 6.52, 43548.1, 57172.4, 86801.2
2100, 6.53, 43239.7, 56774.6, 86208.7
2100, 6.54, 42933.9, 56380.1, 85620.9
2100, 6.55, 42630.6, 55988.8, 85037.8
2100, 6.56, 42329.8, 55600.7, 84459.4
2100, 6.57, 42031.5, 55215.8, 83885.7
2100, 6.58, 41735.7, 54834, 83316.6
2100, 6.59, 41442.4, 54455.3, 82752.1
2100, 6.6, 41151.4, 54079.7, 82192
2100, 6.61, 40862.9, 53707.2, 81636.5
2100, 6.62, 40576.8, 53337.7, 81085.4
2100, 6.63, 40293, 52971.2, 80538.7
2100, 6.64, 40011.5, 52607.7, 79996.3
2100, 6.65, 39732.4, 52247.1, 79458.3
2100, 6.66, 39455.5, 51889.4, 78924.5
2100, 6.67, 39180.9, 51534.6, 78395
2100, 6.68, 38908.5, 51182.6, 77869.6
2100, 6.69, 38638.4, 50833.5, 77348.5
2100, 6.7, 38370.5, 50487.2, 76831.4
2100, 6.71, 38104.8, 50143.7, 76318.4
2100, 6.72, 37841.2, 49802.9, 75809.5
2100, 6.73, 37579.7, 49464.7, 75304.5
2100, 6.74, 37320.4, 49129.6, 74803.6
2100, 6.75, 37063.2, 48796.9, 74306.5
2100, 6.76, 36808.1, 48466.9, 73813.4
2100, 6.77, 36555, 48139.5, 73324.1
2100, 6.78, 36304, 47814.7, 72838.7
2100, 6.79, 36055, 47492.5, 72357
2100, 6.8, 35808, 47172.9, 71879.1
2100, 6.81, 35563, 46855.8, 71404.9
2100, 6.82, 35319.9, 46541.1, 70934.4
2100, 6.83, 35078.8, 46229, 70467.6
2100, 6.84, 34839.7, 45919.4, 70004.4
2100, 6.85, 34602.4, 45612.1, 69544.8
2100, 6.86, 34367.1, 45307.3, 69088.7
2100, 6.87, 34133.6, 45004.9, 68636.1
2100, 6.88, 33902, 44704.9, 68187.1
2100, 6.89, 33672.2, 44407.2, 67741.5
2100, 6.9, 33444.2, 44111.9, 67299.4
2100, 6.91, 33218.1, 43818.8, 66860.6
2100, 6.92, 32993.7, 43528.1, 66425.2
2100, 6.93, 32771.2, 43239.6, 65993.2
2100, 6.94, 32550.4, 42953.4, 65564.4
2100, 6.95, 32331.3, 42668.4, 65139
2100, 6.96, 32113.9, 42378.9, 64716.8
2100, 6.97, 31898.3, 42107.9, 64297.8
2100, 6.98, 31684.4, 41830.5, 63882
2100, 6.99, 31472.1, 41555.2, 63469.4
2100, 7, 31261.6, 41282, 63059.9
2100, 7.01, 31052.6, 41010.9, 62653.5
2100, 7.02, 30845.3, 40742, 62250.2
2100, 7.03, 30639.6, 40475.1, 61849.9
2100, 7.04, 30435.6, 40210.2, 61452.7
2100, 7.05, 30233.1, 39947.4, 61058.5
2100, 7.06, 30032.2, 39686.6, 60667.3
2100, 7.07, 29832.9, 39427.8, 60279
2100, 7.08, 29635.1, 39171, 59893.6
2100, 7.09, 29438.8, 38916.1, 59511.1
2100, 7.1, 29244.1, 38663.2, 59131.5
2100, 7.11, 29050.8, 38412.3, 58754.8
2100, 7.12, 28859.1, 38163.2, 58380.9
2100, 7.13, 28668.9, 35188.7, 58009.7
2100, 7.14, 28480.1, 37670.7, 57641.4
2100, 7.15, 28292.7, 37427.3, 57275.8
2100, 7.16, 28106.9, 37185.7, 56912.9
2100, 7.17, 27922.4, 36945.9, 56552.7
2100, 7.18, 27739.4, 36708, 56195.2
2100, 7.19, 27557.7, 36471.8, 55840.3
2100, 7.2, 27377.5, 36237.5, 55488.1
2100, 7.21, 27198.6, 36004.9, 55138.5
2100, 7.22, 27021.1, 35774, 54791.5
2100, 7.23, 26844.9, 35544.9, 54447
2100, 7.24, 26670.1, 35317.5, 54105.1
2100, 7.25, 26496.7, 35091.8, 53765.7
2100, 7.26, 26324.5, 34867.8, 53428.8
2100, 7.27, 26153.6, 34645.4, 53094.4
2100, 7.28, 25984.1, 34424.8, 52762.5
2100, 7.29, 25815.8, 34205.8, 52433
2100, 7.3, 25648.8, 33988.4, 52105.8
2100, 7.31, 25483.1, 33772.6, 51781.1
2100, 7.32, 25318.6, 33558, 51458.8
2100, 7.33, 25155.4, 33345.9, 51138.8
2100, 7.34, 24993.3, 33134.9, 50821.2
2100, 7.35, 24832.5, 32925.4, 50505.8
2100, 7.36, 24673, 32717.4, 50192.8
2100, 7.37, 24514.6, 32511.2, 49882
2100, 7.38, 24357.4, 32306.4, 49573.5
2100, 7.39, 24201.3, 32103, 49267.3
2100, 7.4, 24046.5, 31901.2, 48963.2
2100, 7.41, 23892.8, 31700.9, 48661.3
2100, 7.42, 23740.2, 31502, 48361.7
2100, 7.43, 23588.8, 31304.6, 48064.2
2100, 7.44, 23438.5, 31108.7, 47768.8
2100, 7.45, 23289.3, 30914.1, 47475.6
2100, 7.46, 23141.2, 30721, 47184.4
2100, 7.47, 22994.3, 30529.3, 46895.4
2100, 7.48, 22848.4, 30339.1, 46608.4
2100, 7.49, 22703.6, 30150.2, 46323.5
2100, 7.5, 22559.9, 29962.6, 46040.7
