# Target distribution for empty target run
# Calculation is done with Comsol by Yang Zhang (Duke University)
# output is target gas density along beam line
# Notice, this is in target chamber coordinates, where z = 0 is the target cell center.
# In the survey coordinate, target cell center is at z = 8.89 cm
# z (cm)   density (H_2/cm^3)
-80.3   2.59E+11
-80.26894967    4.30E+11
-80.23789933    4.35E+11
-80.206849  4.41E+11
-80.17579867    4.47E+11
-80.14474834    4.52E+11
-80.113698  4.57E+11
-80.08264767    4.62E+11
-80.05159734    4.67E+11
-80.020547  4.71E+11
-79.98949667    4.75E+11
-79.95844634    4.78E+11
-79.92403454    4.81E+11
-79.88962273    4.85E+11
-79.85521093    4.87E+11
-79.82079913    4.90E+11
-79.78638733    4.92E+11
-79.75197553    4.94E+11
-79.71756373    4.96E+11
-79.68315192    4.98E+11
-79.64874012    4.99E+11
-79.61432832    5.01E+11
-79.57991652    5.02E+11
-79.53995175    5.03E+11
-79.49998699    5.04E+11
-79.46002222    5.05E+11
-79.42005746    5.06E+11
-79.38009269    5.07E+11
-79.34012792    5.08E+11
-79.30016316    5.09E+11
-79.26019839    5.09E+11
-79.22023363    5.10E+11
-79.18026886    5.10E+11
-79.1403041 5.11E+11
-79.09388615    5.11E+11
-79.0474682 5.12E+11
-79.00105026    5.12E+11
-78.95463231    5.12E+11
-78.90821437    5.13E+11
-78.86179642    5.13E+11
-78.81537847    5.13E+11
-78.76896053    5.14E+11
-78.72254258    5.14E+11
-78.67612463    5.14E+11
-78.62970669    5.14E+11
-78.57579353    5.14E+11
-78.52188037    5.15E+11
-78.46796721    5.15E+11
-78.41405405    5.15E+11
-78.3601409 5.15E+11
-78.30622774    5.15E+11
-78.25231458    5.15E+11
-78.19840142    5.15E+11
-78.14448826    5.16E+11
-78.0905751 5.16E+11
-78.03666194    5.16E+11
-77.97404328    5.16E+11
-77.91142462    5.16E+11
-77.84880596    5.16E+11
-77.7861873 5.16E+11
-77.72356863    5.16E+11
-77.66094997    5.16E+11
-77.59833131    5.16E+11
-77.53571265    5.16E+11
-77.47309399    5.16E+11
-77.41047532    5.16E+11
-77.34785666    5.16E+11
-77.27512678    5.16E+11
-77.20239689    5.16E+11
-77.12966701    5.16E+11
-77.05693713    5.16E+11
-76.98420724    5.16E+11
-76.91147736    5.16E+11
-76.83874748    5.16E+11
-76.76601759    5.16E+11
-76.69328771    5.16E+11
-76.62055783    5.16E+11
-76.54782794    5.16E+11
-76.46335413    5.16E+11
-76.37888033    5.16E+11
-76.29440652    5.16E+11
-76.20993271    5.16E+11
-76.1254589 5.16E+11
-76.04098509    5.16E+11
-75.95651128    5.16E+11
-75.87203747    5.16E+11
-75.78756367    5.16E+11
-75.70308986    5.16E+11
-75.61861605    5.16E+11
-75.52050197    5.16E+11
-75.4223879 5.16E+11
-75.32427383    5.16E+11
-75.22615975    5.16E+11
-75.12804568    5.16E+11
-75.02993161    5.16E+11
-74.93181753    5.16E+11
-74.83370346    5.16E+11
-74.73558938    5.16E+11
-74.63747531    5.16E+11
-74.53936124    5.16E+11
-74.42540435    5.16E+11
-74.31144746    5.16E+11
-74.19749057    5.16E+11
-74.08353369    5.16E+11
-73.9695768 5.16E+11
-73.85561991    5.16E+11
-73.74166303    5.16E+11
-73.62770614    5.16E+11
-73.51374925    5.16E+11
-73.39979237    5.16E+11
-73.28583548    5.16E+11
-73.15347758    5.16E+11
-73.02111968    5.16E+11
-72.88876178    5.16E+11
-72.75640388    5.16E+11
-72.62404597    5.16E+11
-72.49168807    5.16E+11
-72.35933017    5.16E+11
-72.22697227    5.16E+11
-72.09461437    5.16E+11
-71.96225647    5.16E+11
-71.82989857    5.16E+11
-71.67616838    5.16E+11
-71.52243818    5.16E+11
-71.36870799    5.16E+11
-71.21497779    5.16E+11
-71.0612476 5.16E+11
-70.9075174 5.16E+11
-70.75378721    5.16E+11
-70.60005701    5.16E+11
-70.44632681    5.16E+11
-70.29259662    5.16E+11
-70.13886642    5.16E+11
-69.96031287    5.16E+11
-69.78175932    5.16E+11
-69.60320577    5.16E+11
-69.42465221    5.16E+11
-69.24609866    5.16E+11
-69.06754511    5.16E+11
-68.88899155    5.16E+11
-68.710438  5.16E+11
-68.53188445    5.16E+11
-68.35333089    5.16E+11
-68.17477734    5.16E+11
-67.96742923    5.16E+11
-67.76008112    5.16E+11
-67.55273301    5.16E+11
-67.3453849 5.16E+11
-67.13803678    5.16E+11
-66.93068867    5.16E+11
-66.72334056    5.16E+11
-66.51599245    5.16E+11
-66.30864434    5.16E+11
-66.10129623    5.16E+11
-65.89394812    5.16E+11
-65.65340085    5.16E+11
-65.41285357    5.16E+11
-65.1723063 5.16E+11
-64.93175903    5.16E+11
-64.69121176    5.17E+11
-64.45066448    5.17E+11
-64.21011721    5.17E+11
-63.96956994    5.17E+11
-63.72902267    5.17E+11
-63.48847539    5.17E+11
-63.24792812    5.17E+11
-62.96912275    5.17E+11
-62.69031737    5.17E+11
-62.41151199    5.18E+11
-62.13270661    5.18E+11
-61.85390123    5.18E+11
-61.57509586    5.18E+11
-61.29629048    5.18E+11
-61.0174851 5.19E+11
-60.73867972    5.19E+11
-60.45987435    5.19E+11
-60.18106897    5.19E+11
-59.86400112    5.20E+11
-59.54693326    5.20E+11
-59.22986541    5.20E+11
-58.91279755    5.21E+11
-58.5957297 5.21E+11
-58.27866185    5.21E+11
-57.96159399    5.22E+11
-57.64452614    5.22E+11
-57.32745829    5.23E+11
-57.01039043    5.23E+11
-56.69332258    5.24E+11
-56.37036185    5.24E+11
-56.04740112    5.25E+11
-55.72444038    5.26E+11
-55.40147965    5.26E+11
-55.07851892    5.27E+11
-54.75555819    5.28E+11
-54.43259746    5.29E+11
-54.10963672    5.30E+11
-53.78667599    5.31E+11
-53.46371526    5.32E+11
-53.14075453    5.33E+11
-52.85590667    5.34E+11
-52.57105881    5.35E+11
-52.28621095    5.37E+11
-52.00136309    5.38E+11
-51.71651523    5.39E+11
-51.43166737    5.41E+11
-51.14681951    5.43E+11
-50.86197165    5.45E+11
-50.57712379    5.48E+11
-50.29227593    5.51E+11
-50.00742807    5.55E+11
-49.76220531    5.57E+11
-49.51698255    5.60E+11
-49.27175979    5.63E+11
-49.02653703    5.66E+11
-48.78131427    5.69E+11
-48.53609151    5.73E+11
-48.29086875    5.76E+11
-48.04564599    5.81E+11
-47.80042323    5.85E+11
-47.55520047    5.91E+11
-47.30997771    5.96E+11
-47.09643724    6.02E+11
-46.88289677    6.08E+11
-46.66935629    6.14E+11
-46.45581582    6.21E+11
-46.24227535    6.29E+11
-46.02873488    6.38E+11
-45.8151944 6.47E+11
-45.60165393    6.57E+11
-45.38811346    6.67E+11
-45.17457299    6.79E+11
-44.96103252    6.91E+11
-44.74741054    7.04E+11
-44.53378857    7.18E+11
-44.3201666 7.33E+11
-44.10654463    7.48E+11
-43.89292266    7.64E+11
-43.67930068    7.80E+11
-43.46567871    7.97E+11
-43.25205674    8.14E+11
-43.03843477    8.31E+11
-42.8248128 8.48E+11
-42.61119083    8.65E+11
-42.38883556    8.83E+11
-42.1664803 9.02E+11
-41.94412503    9.20E+11
-41.72176977    9.38E+11
-41.49941451    9.56E+11
-41.27705924    9.73E+11
-41.05470398    9.91E+11
-40.83234872    1.01E+12
-40.60999345    1.03E+12
-40.38763819    1.04E+12
-40.16528292    1.06E+12
-39.93800746    1.08E+12
-39.71073199    1.10E+12
-39.48345652    1.11E+12
-39.25618105    1.13E+12
-39.02890558    1.15E+12
-38.80163011    1.17E+12
-38.57435464    1.18E+12
-38.34707917    1.20E+12
-38.1198037 1.22E+12
-37.89252824    1.23E+12
-37.66525277    1.25E+12
-37.43457357    1.27E+12
-37.20389438    1.28E+12
-36.97321519    1.30E+12
-36.742536  1.32E+12
-36.51185681    1.33E+12
-36.28117762    1.35E+12
-36.05049842    1.37E+12
-35.81981923    1.38E+12
-35.58914004    1.40E+12
-35.35846085    1.42E+12
-35.12778166    1.44E+12
-34.89616987    1.45E+12
-34.66455808    1.47E+12
-34.43294629    1.49E+12
-34.2013345 1.50E+12
-33.96972271    1.52E+12
-33.73811092    1.54E+12
-33.50649914    1.55E+12
-33.27488735    1.57E+12
-33.04327556    1.59E+12
-32.81166377    1.60E+12
-32.58005198    1.62E+12
-32.3481093 1.64E+12
-32.11616663    1.65E+12
-31.88422395    1.67E+12
-31.65228127    1.69E+12
-31.42033859    1.70E+12
-31.18839591    1.72E+12
-30.95645323    1.74E+12
-30.72451056    1.75E+12
-30.49256788    1.77E+12
-30.2606252 1.78E+12
-30.02868252    1.80E+12
-29.79656227    1.82E+12
-29.56444202    1.83E+12
-29.33232177    1.85E+12
-29.10020152    1.87E+12
-28.86808127    1.88E+12
-28.63596102    1.90E+12
-28.40384077    1.92E+12
-28.17172052    1.93E+12
-27.93960027    1.95E+12
-27.70748002    1.97E+12
-27.47535977    1.99E+12
-27.25041328    2.00E+12
-27.02546679    2.02E+12
-26.80052029    2.03E+12
-26.5755738 2.05E+12
-26.35062731    2.07E+12
-26.12568081    2.08E+12
-25.90073432    2.10E+12
-25.67578783    2.11E+12
-25.45084133    2.13E+12
-25.22589484    2.14E+12
-25.00094835    2.16E+12
-24.80460479    2.18E+12
-24.60826124    2.19E+12
-24.41191768    2.20E+12
-24.21557413    2.22E+12
-24.01923057    2.23E+12
-23.82288702    2.25E+12
-23.62654346    2.26E+12
-23.43019991    2.28E+12
-23.23385635    2.29E+12
-23.0375128 2.31E+12
-22.84116924    2.32E+12
-22.67135528    2.33E+12
-22.50154132    2.34E+12
-22.33172736    2.36E+12
-22.1619134 2.37E+12
-21.99209944    2.38E+12
-21.82228548    2.39E+12
-21.65247152    2.41E+12
-21.48265756    2.42E+12
-21.3128436 2.43E+12
-21.14302964    2.45E+12
-20.97321568    2.46E+12
-20.82692254    2.47E+12
-20.6806294 2.48E+12
-20.53433626    2.49E+12
-20.38804312    2.50E+12
-20.24174998    2.51E+12
-20.09545685    2.52E+12
-19.94916371    2.54E+12
-19.80287057    2.55E+12
-19.65657743    2.56E+12
-19.51028429    2.57E+12
-19.36399115    2.58E+12
-19.23799736    2.59E+12
-19.11200356    2.60E+12
-18.98600976    2.61E+12
-18.86001597    2.62E+12
-18.73402217    2.63E+12
-18.60802837    2.64E+12
-18.48203457    2.65E+12
-18.35604078    2.66E+12
-18.23004698    2.67E+12
-18.10405318    2.68E+12
-17.97805939    2.69E+12
-17.8695836 2.70E+12
-17.76110782    2.71E+12
-17.65263204    2.72E+12
-17.54415626    2.73E+12
-17.43568047    2.74E+12
-17.32720469    2.75E+12
-17.21872891    2.76E+12
-17.11025312    2.77E+12
-17.00177734    2.78E+12
-16.89330156    2.79E+12
-16.78482577    2.80E+12
-16.69150133    2.81E+12
-16.59817688    2.82E+12
-16.50485243    2.83E+12
-16.41152799    2.83E+12
-16.31820354    2.85E+12
-16.22487909    2.86E+12
-16.13155465    2.87E+12
-16.0382302 2.88E+12
-15.94490575    2.89E+12
-15.85158131    2.90E+12
-15.75825686    2.92E+12
-15.67788193    2.92E+12
-15.59750699    2.93E+12
-15.51713206    2.94E+12
-15.43675713    2.96E+12
-15.35638219    2.97E+12
-15.27600726    2.98E+12
-15.19563233    2.99E+12
-15.11525739    3.00E+12
-15.03488246    3.02E+12
-14.95450752    3.03E+12
-14.87413259    3.04E+12
-14.80491032    3.05E+12
-14.73568805    3.08E+12
-14.66646578    3.09E+12
-14.59724351    3.10E+12
-14.52802124    3.11E+12
-14.45879897    3.13E+12
-14.3895767 3.15E+12
-14.32035443    3.16E+12
-14.25113217    3.19E+12
-14.1819099 3.21E+12
-14.11268763    3.22E+12
-14.0530705 3.24E+12
-13.99345337    3.27E+12
-13.93383625    3.28E+12
-13.87421912    3.30E+12
-13.81460199    3.33E+12
-13.75498487    3.35E+12
-13.69536774    3.37E+12
-13.63575061    3.41E+12
-13.57613349    3.43E+12
-13.51651636    3.46E+12
-13.45689924    3.50E+12
-13.40555446    3.52E+12
-13.35420969    3.56E+12
-13.30286491    3.59E+12
-13.25152014    3.62E+12
-13.20017537    3.67E+12
-13.14883059    3.70E+12
-13.09748582    3.75E+12
-13.04614105    3.79E+12
-12.99479627    3.84E+12
-12.9434515 3.89E+12
-12.89210672    3.95E+12
-12.84788645    3.99E+12
-12.80366617    4.06E+12
-12.7594459 4.11E+12
-12.71522562    4.17E+12
-12.67100534    4.24E+12
-12.62678507    4.31E+12
-12.58256479    4.40E+12
-12.53834452    4.46E+12
-12.49412424    4.57E+12
-12.44990396    4.67E+12
-12.40568369    4.76E+12
-12.36560462    4.87E+12
-12.32552555    4.98E+12
-12.28544647    5.11E+12
-12.2453674 5.23E+12
-12.20528833    5.37E+12
-12.16520926    5.52E+12
-12.12513019    5.69E+12
-12.08505112    5.87E+12
-12.04497205    6.07E+12
-12.00489298    6.29E+12
-11.96481391    6.53E+12
-11.92290933    6.81E+12
-11.88100475    7.13E+12
-11.83910017    7.46E+12
-11.7971956 7.84E+12
-11.75529102    8.23E+12
-11.71338644    8.68E+12
-11.67148186    9.16E+12
-11.62957729    9.70E+12
-11.58767271    1.03E+13
-11.54576813    1.10E+13
-11.50386355    1.17E+13
-11.45969698    1.25E+13
-11.4155304 1.35E+13
-11.37136382    1.45E+13
-11.32719724    1.56E+13
-11.28303067    1.68E+13
-11.23886409    1.81E+13
-11.19469751    1.94E+13
-11.15053094    2.08E+13
-11.10636436    2.21E+13
-11.06219778    2.35E+13
-11.01803121    2.49E+13
-10.97148053    2.64E+13
-10.92492985    2.79E+13
-10.87837917    2.93E+13
-10.83182849    3.08E+13
-10.78527781    3.23E+13
-10.73872713    3.37E+13
-10.69217645    3.52E+13
-10.64562578    3.66E+13
-10.5990751 3.80E+13
-10.55252442    3.94E+13
-10.50597374    4.07E+13
-10.45691027    4.21E+13
-10.40784679    4.33E+13
-10.35878332    4.45E+13
-10.30971984    4.56E+13
-10.26065637    4.66E+13
-10.2115929 4.75E+13
-10.16252942    4.82E+13
-10.11346595    4.89E+13
-10.06440248    4.95E+13
-10.015339  4.99E+13
-9.966275528    5.04E+13
-9.914563619    5.08E+13
-9.862851711    5.11E+13
-9.811139802    5.15E+13
-9.759427893    5.17E+13
-9.707715984    5.20E+13
-9.656004076    5.22E+13
-9.604292167    5.24E+13
-9.552580258    5.26E+13
-9.500868349    5.27E+13
-9.449156441    5.29E+13
-9.397444532    5.30E+13
-9.342941226    5.31E+13
-9.28843792 5.33E+13
-9.233934615    5.34E+13
-9.179431309    5.35E+13
-9.124928003    5.36E+13
-9.070424698    5.37E+13
-9.015921392    5.38E+13
-8.961418086    5.38E+13
-8.906914781    5.39E+13
-8.852411475    5.40E+13
-8.797908169    5.41E+13
-8.740462788    5.42E+13
-8.683017406    5.43E+13
-8.625572024    5.43E+13
-8.568126643    5.44E+13
-8.510681261    5.45E+13
-8.453235879    5.45E+13
-8.395790498    5.46E+13
-8.338345116    5.47E+13
-8.280899735    5.48E+13
-8.223454353    5.48E+13
-8.166008971    5.49E+13
-8.105462701    5.50E+13
-8.044916431    5.51E+13
-7.984370161    5.51E+13
-7.923823891    5.52E+13
-7.863277621    5.53E+13
-7.802731351    5.54E+13
-7.74218508 5.54E+13
-7.68163881 5.55E+13
-7.62109254 5.56E+13
-7.56054627 5.57E+13
-7.5    5.58E+13
-7.470469713    5.58E+13
-7.440939426    5.58E+13
-7.411409139    5.59E+13
-7.381878852    5.59E+13
-7.352348565    5.60E+13
-7.322818278    5.60E+13
-7.293287991    5.61E+13
-7.263757704    5.61E+13
-7.234227417    5.61E+13
-7.20469713 5.62E+13
-7.175166843    5.62E+13
-7.145636556    5.63E+13
-7.116106269    5.63E+13
-7.086575982    5.63E+13
-7.057045695    5.64E+13
-7.027515408    5.64E+13
-6.997985121    5.65E+13
-6.968454834    5.65E+13
-6.938924547    5.66E+13
-6.90939426 5.66E+13
-6.879863973    5.67E+13
-6.850333686    5.67E+13
-6.795862313    5.68E+13
-6.741390941    5.69E+13
-6.686919568    5.70E+13
-6.632448196    5.71E+13
-6.577976824    5.72E+13
-6.523505451    5.73E+13
-6.469034079    5.74E+13
-6.414562706    5.75E+13
-6.360091334    5.76E+13
-6.305619961    5.77E+13
-6.251148589    5.78E+13
-6.226029205    5.78E+13
-6.200909822    5.79E+13
-6.175790438    5.79E+13
-6.150671055    5.80E+13
-6.125551671    5.81E+13
-6.100432288    5.81E+13
-6.075312904    5.82E+13
-6.050193521    5.82E+13
-6.025074137    5.83E+13
-5.999954754    5.83E+13
-5.97483537 5.84E+13
-5.949715987    5.84E+13
-5.924596603    5.85E+13
-5.89947722 5.85E+13
-5.874357836    5.86E+13
-5.849238453    5.87E+13
-5.824119069    5.87E+13
-5.798999686    5.88E+13
-5.773880302    5.88E+13
-5.748760919    5.89E+13
-5.723641535    5.89E+13
-5.698522152    5.90E+13
-5.675354627    5.91E+13
-5.652187103    5.91E+13
-5.629019578    5.92E+13
-5.605852054    5.92E+13
-5.582684529    5.93E+13
-5.559517005    5.94E+13
-5.53634948 5.94E+13
-5.513181956    5.95E+13
-5.490014431    5.95E+13
-5.466846907    5.96E+13
-5.443679382    5.97E+13
-5.420511858    5.97E+13
-5.397344333    5.98E+13
-5.374176809    5.98E+13
-5.351009284    5.99E+13
-5.32784176 6.00E+13
-5.304674235    6.00E+13
-5.281506711    6.01E+13
-5.258339186    6.02E+13
-5.235171662    6.02E+13
-5.212004137    6.03E+13
-5.188836613    6.04E+13
-5.167469281    6.04E+13
-5.14610195 6.05E+13
-5.124734619    6.06E+13
-5.103367287    6.06E+13
-5.081999956    6.07E+13
-5.060632625    6.08E+13
-5.039265293    6.08E+13
-5.017897962    6.09E+13
-4.99653063 6.10E+13
-4.975163299    6.10E+13
-4.953795968    6.11E+13
-4.932428636    6.12E+13
-4.911061305    6.12E+13
-4.889693974    6.13E+13
-4.868326642    6.14E+13
-4.846959311    6.14E+13
-4.825591979    6.15E+13
-4.804224648    6.16E+13
-4.782857317    6.17E+13
-4.761489985    6.17E+13
-4.740122654    6.18E+13
-4.718755323    6.19E+13
-4.699048303    6.20E+13
-4.679341284    6.20E+13
-4.659634265    6.21E+13
-4.639927246    6.22E+13
-4.620220227    6.22E+13
-4.600513207    6.23E+13
-4.580806188    6.24E+13
-4.561099169    6.24E+13
-4.54139215 6.25E+13
-4.521685131    6.26E+13
-4.501978112    6.27E+13
-4.482271092    6.27E+13
-4.462564073    6.28E+13
-4.442857054    6.29E+13
-4.423150035    6.30E+13
-4.403443016    6.30E+13
-4.383735996    6.31E+13
-4.364028977    6.32E+13
-4.344321958    6.33E+13
-4.324614939    6.33E+13
-4.30490792 6.34E+13
-4.2852009  6.35E+13
-4.267025182    6.36E+13
-4.248849463    6.37E+13
-4.230673744    6.37E+13
-4.212498025    6.38E+13
-4.194322307    6.39E+13
-4.176146588    6.40E+13
-4.157970869    6.40E+13
-4.13979515 6.41E+13
-4.121619432    6.42E+13
-4.103443713    6.43E+13
-4.085267994    6.43E+13
-4.067092275    6.44E+13
-4.048916557    6.45E+13
-4.030740838    6.46E+13
-4.012565119    6.47E+13
-3.9943894  6.47E+13
-3.976213682    6.48E+13
-3.958037963    6.49E+13
-3.939862244    6.50E+13
-3.921686525    6.51E+13
-3.903510807    6.51E+13
-3.885335088    6.52E+13
-3.851808277    6.54E+13
-3.818281466    6.55E+13
-3.784754655    6.57E+13
-3.751227845    6.58E+13
-3.717701034    6.60E+13
-3.684174223    6.62E+13
-3.650647412    6.63E+13
-3.617120601    6.65E+13
-3.583593791    6.67E+13
-3.55006698 6.68E+13
-3.516540169    6.70E+13
-3.485618502    6.72E+13
-3.454696835    6.73E+13
-3.423775168    6.75E+13
-3.392853501    6.76E+13
-3.361931834    6.78E+13
-3.331010167    6.80E+13
-3.3000885  6.81E+13
-3.269166833    6.83E+13
-3.238245166    6.84E+13
-3.2073235  6.86E+13
-3.176401833    6.88E+13
-3.162142357    6.89E+13
-3.147882881    6.89E+13
-3.133623406    6.90E+13
-3.11936393 6.91E+13
-3.105104454    6.92E+13
-3.090844978    6.92E+13
-3.076585503    6.93E+13
-3.062326027    6.94E+13
-3.048066551    6.95E+13
-3.033807076    6.96E+13
-3.0195476  6.96E+13
-3.005288124    6.97E+13
-2.991028649    6.98E+13
-2.976769173    6.99E+13
-2.962509697    7.00E+13
-2.948250222    7.00E+13
-2.933990746    7.01E+13
-2.91973127 7.02E+13
-2.905471795    7.03E+13
-2.891212319    7.04E+13
-2.876952843    7.04E+13
-2.862693368    7.05E+13
-2.849542771    7.06E+13
-2.836392174    7.07E+13
-2.823241577    7.08E+13
-2.81009098 7.08E+13
-2.796940383    7.09E+13
-2.783789786    7.10E+13
-2.770639189    7.11E+13
-2.757488592    7.11E+13
-2.744337995    7.12E+13
-2.731187398    7.13E+13
-2.718036801    7.14E+13
-2.704886204    7.14E+13
-2.691735607    7.15E+13
-2.67858501 7.16E+13
-2.665434413    7.17E+13
-2.652283816    7.17E+13
-2.639133219    7.18E+13
-2.625982622    7.19E+13
-2.612832025    7.20E+13
-2.599681429    7.21E+13
-2.586530832    7.21E+13
-2.573380235    7.22E+13
-2.560822505    7.23E+13
-2.548264776    7.23E+13
-2.535707046    7.24E+13
-2.523149317    7.25E+13
-2.510591587    7.26E+13
-2.498033858    7.26E+13
-2.485476129    7.27E+13
-2.472918399    7.28E+13
-2.46036067 7.29E+13
-2.44780294 7.29E+13
-2.435245211    7.30E+13
-2.422687481    7.31E+13
-2.410129752    7.32E+13
-2.397572022    7.32E+13
-2.385014293    7.33E+13
-2.372456564    7.34E+13
-2.359898834    7.34E+13
-2.347341105    7.35E+13
-2.334783375    7.36E+13
-2.322225646    7.37E+13
-2.309667916    7.37E+13
-2.297110187    7.38E+13
-2.284588416    7.39E+13
-2.272066645    7.39E+13
-2.259544875    7.40E+13
-2.247023104    7.40E+13
-2.234501333    7.41E+13
-2.221979562    7.41E+13
-2.209457792    7.42E+13
-2.196936021    7.51E+13
-2.18441425 7.87E+13
-2.17189248 8.20E+13
-2.159370709    8.48E+13
-2.146848938    8.71E+13
-2.134327167    8.90E+13
-2.121805397    9.05E+13
-2.109283626    9.16E+13
-2.096761855    9.25E+13
-2.084240084    9.33E+13
-2.071718314    9.38E+13
-2.059196543    9.43E+13
-2.046674772    9.47E+13
-2.034153001    9.50E+13
-2.021631231    9.53E+13
-2.009145316    9.55E+13
-1.996659401    9.56E+13
-1.984173486    9.58E+13
-1.971687571    9.59E+13
-1.959201656    9.60E+13
-1.946715741    9.61E+13
-1.934229826    9.62E+13
-1.921743911    9.62E+13
-1.909257996    9.63E+13
-1.896772081    9.64E+13
-1.884286166    9.64E+13
-1.871800251    9.65E+13
-1.859314336    9.65E+13
-1.846828421    9.65E+13
-1.834342506    9.66E+13
-1.821856591    9.66E+13
-1.809370676    9.66E+13
-1.796884761    9.67E+13
-1.784398846    9.67E+13
-1.771912931    9.67E+13
-1.759427016    9.67E+13
-1.746941101    9.68E+13
-1.734490939    9.68E+13
-1.722040777    9.68E+13
-1.709590615    9.68E+13
-1.697140453    9.68E+13
-1.684690291    9.68E+13
-1.67224013 9.68E+13
-1.659789968    9.69E+13
-1.647339806    9.69E+13
-1.634889644    9.69E+13
-1.622439482    9.69E+13
-1.60998932 9.69E+13
-1.597539158    9.69E+13
-1.585088996    9.69E+13
-1.572638834    9.69E+13
-1.560188672    9.69E+13
-1.54773851 9.69E+13
-1.535288348    9.69E+13
-1.522838187    9.69E+13
-1.510388025    9.70E+13
-1.497937863    9.70E+13
-1.485487701    9.70E+13
-1.473037539    9.70E+13
-1.460623028    9.70E+13
-1.448208516    9.70E+13
-1.435794005    9.70E+13
-1.423379494    9.70E+13
-1.410964983    9.70E+13
-1.398550472    9.70E+13
-1.38613596 9.70E+13
-1.373721449    9.70E+13
-1.361306938    9.70E+13
-1.348892427    9.70E+13
-1.336477915    9.70E+13
-1.324063404    9.70E+13
-1.311648893    9.70E+13
-1.299234382    9.70E+13
-1.286819871    9.70E+13
-1.274405359    9.70E+13
-1.261990848    9.70E+13
-1.249576337    9.70E+13
-1.237161826    9.70E+13
-1.224747315    9.70E+13
-1.212332803    9.70E+13
-1.199918292    9.70E+13
-1.175160367    9.70E+13
-1.150402442    9.70E+13
-1.125644516    9.71E+13
-1.100886591    9.71E+13
-1.076128666    9.71E+13
-1.051370741    9.71E+13
-1.026612816    9.71E+13
-1.00185489 9.71E+13
-0.977096965    9.71E+13
-0.95233904 9.71E+13
-0.927581115    9.71E+13
-0.915237599    9.71E+13
-0.902894083    9.71E+13
-0.890550567    9.71E+13
-0.878207052    9.71E+13
-0.865863536    9.71E+13
-0.85352002 9.71E+13
-0.841176504    9.71E+13
-0.828832988    9.71E+13
-0.816489473    9.71E+13
-0.804145957    9.71E+13
-0.791802441    9.71E+13
-0.779458925    9.71E+13
-0.767115409    9.71E+13
-0.754771894    9.71E+13
-0.742428378    9.71E+13
-0.730084862    9.71E+13
-0.717741346    9.71E+13
-0.70539783 9.71E+13
-0.693054315    9.71E+13
-0.680710799    9.71E+13
-0.668367283    9.71E+13
-0.656023767    9.71E+13
-0.631407426    9.71E+13
-0.606791085    9.71E+13
-0.582174744    9.71E+13
-0.557558403    9.71E+13
-0.532942062    9.71E+13
-0.508325722    9.71E+13
-0.483709381    9.71E+13
-0.45909304 9.71E+13
-0.434476699    9.71E+13
-0.409860358    9.71E+13
-0.385244017    9.71E+13
-0.37297109 9.71E+13
-0.360698164    9.71E+13
-0.348425238    9.71E+13
-0.336152311    9.71E+13
-0.323879385    9.71E+13
-0.311606459    9.71E+13
-0.299333532    9.71E+13
-0.287060606    9.71E+13
-0.274787679    9.71E+13
-0.262514753    9.71E+13
-0.250241827    9.71E+13
-0.2379689  9.71E+13
-0.225695974    9.71E+13
-0.213423048    9.71E+13
-0.201150121    9.71E+13
-0.188877195    9.71E+13
-0.176604269    9.71E+13
-0.164331342    9.71E+13
-0.152058416    9.71E+13
-0.139785489    9.71E+13
-0.127512563    9.71E+13
-0.115239637    9.71E+13
-0.103001853    9.71E+13
-0.09076407 9.71E+13
-0.078526287    9.71E+13
-0.066288504    9.71E+13
-0.054050721    9.71E+13
-0.041812938    9.71E+13
-0.029575154    9.71E+13
-0.017337371    9.71E+13
-0.005099588    9.71E+13
0.007138195 9.71E+13
0.019375978 9.71E+13
0.031613762 9.71E+13
0.043851545 9.71E+13
0.056089328 9.71E+13
0.068327111 9.71E+13
0.080564894 9.71E+13
0.092802677 9.71E+13
0.105040461 9.71E+13
0.117278244 9.71E+13
0.129516027 9.71E+13
0.14175381  9.71E+13
0.153991593 9.71E+13
0.178397075 9.71E+13
0.202802556 9.71E+13
0.227208037 9.71E+13
0.251613518 9.71E+13
0.276019    9.71E+13
0.300424481 9.71E+13
0.324829962 9.71E+13
0.349235443 9.71E+13
0.373640925 9.71E+13
0.398046406 9.71E+13
0.422451887 9.71E+13
0.446787484 9.71E+13
0.471123081 9.71E+13
0.495458678 9.71E+13
0.519794275 9.71E+13
0.544129871 9.71E+13
0.568465468 9.71E+13
0.592801065 9.71E+13
0.617136662 9.71E+13
0.641472259 9.71E+13
0.665807856 9.71E+13
0.690143452 9.71E+13
0.702276409 9.71E+13
0.714409365 9.71E+13
0.726542321 9.71E+13
0.738675277 9.71E+13
0.750808234 9.71E+13
0.76294119  9.71E+13
0.775074146 9.71E+13
0.787207103 9.71E+13
0.799340059 9.71E+13
0.811473015 9.71E+13
0.823605971 9.71E+13
0.835738928 9.71E+13
0.847871884 9.71E+13
0.86000484  9.71E+13
0.872137796 9.71E+13
0.884270753 9.71E+13
0.896403709 9.71E+13
0.908536665 9.71E+13
0.920669621 9.71E+13
0.932802578 9.71E+13
0.944935534 9.71E+13
0.95706849  9.71E+13
0.969166704 9.71E+13
0.981264918 9.71E+13
0.993363132 9.71E+13
1.005461346 9.71E+13
1.01755956  9.71E+13
1.029657773 9.70E+13
1.041755987 9.70E+13
1.053854201 9.70E+13
1.065952415 9.70E+13
1.078050629 9.70E+13
1.090148843 9.70E+13
1.102247057 9.70E+13
1.114345271 9.70E+13
1.126443484 9.70E+13
1.138541698 9.70E+13
1.150639912 9.70E+13
1.162738126 9.70E+13
1.17483634  9.70E+13
1.186934554 9.70E+13
1.199032768 9.70E+13
1.211130982 9.70E+13
1.223229196 9.70E+13
1.235292766 9.70E+13
1.247356337 9.70E+13
1.259419908 9.70E+13
1.271483479 9.70E+13
1.28354705  9.70E+13
1.295610621 9.70E+13
1.307674192 9.70E+13
1.319737763 9.70E+13
1.331801334 9.70E+13
1.343864905 9.70E+13
1.355928476 9.70E+13
1.367992047 9.69E+13
1.380055618 9.69E+13
1.392119189 9.69E+13
1.40418276  9.69E+13
1.416246331 9.69E+13
1.428309902 9.69E+13
1.440373473 9.69E+13
1.452437044 9.69E+13
1.464500615 9.69E+13
1.476564186 9.69E+13
1.488627757 9.69E+13
1.512685812 9.69E+13
1.536743866 9.68E+13
1.560801921 9.68E+13
1.584859975 9.68E+13
1.60891803  9.68E+13
1.632976084 9.67E+13
1.657034139 9.67E+13
1.681092193 9.67E+13
1.705150248 9.67E+13
1.729208303 9.66E+13
1.753266357 9.66E+13
1.76526094  9.66E+13
1.777255522 9.66E+13
1.789250105 9.65E+13
1.801244687 9.65E+13
1.813239269 9.65E+13
1.825233852 9.65E+13
1.837228434 9.64E+13
1.849223017 9.64E+13
1.861217599 9.64E+13
1.873212182 9.63E+13
1.885206764 9.63E+13
1.897201347 9.63E+13
1.909195929 9.62E+13
1.921190512 9.62E+13
1.933185094 9.61E+13
1.945179677 9.61E+13
1.957174259 9.60E+13
1.969168842 9.59E+13
1.981163424 9.58E+13
1.993158007 9.58E+13
2.005152589 9.56E+13
2.017147172 9.55E+13
2.029107408 9.53E+13
2.041067644 9.50E+13
2.053027881 9.47E+13
2.064988117 9.44E+13
2.076948353 9.39E+13
2.08890859  9.33E+13
2.100868826 9.26E+13
2.112829062 9.17E+13
2.124789299 9.06E+13
2.136749535 8.91E+13
2.148709771 8.73E+13
2.160670008 8.51E+13
2.172630244 8.24E+13
2.18459048  7.93E+13
2.196550717 7.59E+13
2.208510953 7.48E+13
2.220471189 7.46E+13
2.232431426 7.46E+13
2.244391662 7.44E+13
2.256351898 7.44E+13
2.268312135 7.43E+13
2.280272371 7.42E+13
2.292257797 7.41E+13
2.304243224 7.40E+13
2.31622865  7.39E+13
2.328214076 7.39E+13
2.340199503 7.38E+13
2.352184929 7.37E+13
2.364170355 7.36E+13
2.376155782 7.36E+13
2.388141208 7.35E+13
2.400126635 7.34E+13
2.412112061 7.33E+13
2.424097487 7.33E+13
2.436082914 7.32E+13
2.44806834  7.31E+13
2.460053766 7.30E+13
2.472039193 7.30E+13
2.484024619 7.29E+13
2.496010045 7.28E+13
2.507995472 7.27E+13
2.519980898 7.27E+13
2.531966324 7.26E+13
2.543951751 7.25E+13
2.556770229 7.25E+13
2.569588708 7.24E+13
2.582407187 7.23E+13
2.595225666 7.22E+13
2.608044145 7.22E+13
2.620862623 7.21E+13
2.633681102 7.20E+13
2.646499581 7.19E+13
2.65931806  7.19E+13
2.672136539 7.18E+13
2.684955018 7.17E+13
2.697773496 7.17E+13
2.710591975 7.16E+13
2.723410454 7.15E+13
2.736228933 7.14E+13
2.749047412 7.14E+13
2.76186589  7.13E+13
2.774684369 7.12E+13
2.787502848 7.11E+13
2.800321327 7.11E+13
2.813139806 7.10E+13
2.825958284 7.09E+13
2.839932322 7.08E+13
2.853906359 7.08E+13
2.867880396 7.07E+13
2.881854433 7.06E+13
2.89582847  7.05E+13
2.909802507 7.05E+13
2.923776545 7.04E+13
2.937750582 7.03E+13
2.951724619 7.02E+13
2.965698656 7.01E+13
2.979672693 7.01E+13
2.993646731 7.00E+13
3.007620768 6.99E+13
3.021594805 6.98E+13
3.035568842 6.97E+13
3.049542879 6.97E+13
3.063516917 6.96E+13
3.077490954 6.95E+13
3.091464991 6.94E+13
3.105439028 6.94E+13
3.119413065 6.93E+13
3.133387102 6.92E+13
3.163854636 6.90E+13
3.194322169 6.89E+13
3.224789703 6.87E+13
3.255257236 6.85E+13
3.285724769 6.84E+13
3.316192303 6.82E+13
3.346659836 6.80E+13
3.377127369 6.79E+13
3.407594903 6.77E+13
3.438062436 6.76E+13
3.468529969 6.74E+13
3.485137027 6.73E+13
3.501744086 6.72E+13
3.518351144 6.71E+13
3.534958202 6.71E+13
3.55156526  6.70E+13
3.568172318 6.69E+13
3.584779376 6.68E+13
3.601386434 6.67E+13
3.617993492 6.66E+13
3.63460055  6.65E+13
3.651207608 6.65E+13
3.667814666 6.64E+13
3.684421724 6.63E+13
3.701028783 6.62E+13
3.717635841 6.61E+13
3.734242899 6.60E+13
3.750849957 6.60E+13
3.767457015 6.59E+13
3.784064073 6.58E+13
3.800671131 6.57E+13
3.817278189 6.56E+13
3.833885247 6.56E+13
3.851989396 6.55E+13
3.870093545 6.54E+13
3.888197693 6.53E+13
3.906301842 6.52E+13
3.924405991 6.51E+13
3.94251014  6.50E+13
3.960614289 6.50E+13
3.978718437 6.49E+13
3.996822586 6.48E+13
4.014926735 6.47E+13
4.033030884 6.46E+13
4.051135032 6.45E+13
4.069239181 6.45E+13
4.08734333  6.44E+13
4.105447479 6.43E+13
4.123551627 6.42E+13
4.141655776 6.41E+13
4.159759925 6.41E+13
4.177864074 6.40E+13
4.195968222 6.39E+13
4.214072371 6.38E+13
4.23217652  6.37E+13
4.271648918 6.36E+13
4.311121316 6.34E+13
4.350593714 6.32E+13
4.390066112 6.31E+13
4.42953851  6.29E+13
4.469010907 6.27E+13
4.508483305 6.26E+13
4.547955703 6.24E+13
4.587428101 6.23E+13
4.626900499 6.21E+13
4.666372897 6.20E+13
4.709403647 6.18E+13
4.752434397 6.16E+13
4.795465147 6.15E+13
4.838495897 6.13E+13
4.881526647 6.12E+13
4.924557397 6.10E+13
4.967588147 6.09E+13
5.010618897 6.07E+13
5.053649647 6.06E+13
5.096680397 6.04E+13
5.139711147 6.03E+13
5.163166086 6.02E+13
5.186621026 6.01E+13
5.210075966 6.00E+13
5.233530906 6.00E+13
5.256985846 5.99E+13
5.280440786 5.98E+13
5.303895726 5.97E+13
5.327350666 5.96E+13
5.350805606 5.96E+13
5.374260546 5.95E+13
5.397715486 5.94E+13
5.421170425 5.93E+13
5.444625365 5.93E+13
5.468080305 5.92E+13
5.491535245 5.91E+13
5.514990185 5.91E+13
5.538445125 5.90E+13
5.561900065 5.89E+13
5.585355005 5.89E+13
5.608809945 5.88E+13
5.632264885 5.87E+13
5.655719824 5.86E+13
5.681289177 5.86E+13
5.706858529 5.85E+13
5.732427882 5.84E+13
5.757997234 5.83E+13
5.783566587 5.83E+13
5.809135939 5.82E+13
5.834705292 5.81E+13
5.860274644 5.80E+13
5.885843997 5.80E+13
5.911413349 5.79E+13
5.936982701 5.78E+13
5.962552054 5.78E+13
5.988121406 5.77E+13
6.013690759 5.76E+13
6.039260111 5.75E+13
6.064829464 5.75E+13
6.090398816 5.74E+13
6.115968169 5.73E+13
6.141537521 5.73E+13
6.167106873 5.72E+13
6.192676226 5.71E+13
6.218245578 5.70E+13
6.246119953 5.70E+13
6.273994328 5.69E+13
6.301868703 5.68E+13
6.329743077 5.67E+13
6.357617452 5.67E+13
6.385491827 5.66E+13
6.413366202 5.65E+13
6.441240576 5.65E+13
6.469114951 5.64E+13
6.496989326 5.63E+13
6.524863701 5.62E+13
6.552738075 5.61E+13
6.58061245  5.61E+13
6.608486825 5.60E+13
6.6363612   5.59E+13
6.664235574 5.59E+13
6.692109949 5.58E+13
6.719984324 5.57E+13
6.747858699 5.56E+13
6.775733073 5.56E+13
6.803607448 5.55E+13
6.831481823 5.54E+13
6.892256203 5.53E+13
6.953030582 5.51E+13
7.013804962 5.49E+13
7.074579342 5.48E+13
7.135353722 5.46E+13
7.196128101 5.44E+13
7.256902481 5.42E+13
7.317676861 5.41E+13
7.378451241 5.39E+13
7.43922562  5.37E+13
7.5 5.35E+13
7.565167493 5.33E+13
7.630334987 5.30E+13
7.69550248  5.28E+13
7.760669973 5.25E+13
7.825837466 5.23E+13
7.89100496  5.20E+13
7.956172453 5.17E+13
8.021339946 5.14E+13
8.086507439 5.11E+13
8.151674933 5.08E+13
8.216842426 5.04E+13
8.283574714 5.00E+13
8.350307002 4.96E+13
8.41703929  4.91E+13
8.483771579 4.87E+13
8.550503867 4.81E+13
8.617236155 4.76E+13
8.683968443 4.70E+13
8.750700731 4.63E+13
8.817433019 4.56E+13
8.884165307 4.49E+13
8.950897596 4.41E+13
9.019232252 4.32E+13
9.087566909 4.22E+13
9.155901566 4.13E+13
9.224236222 4.02E+13
9.292570879 3.91E+13
9.360905536 3.80E+13
9.429240193 3.68E+13
9.497574849 3.56E+13
9.565909506 3.43E+13
9.634244163 3.30E+13
9.702578819 3.17E+13
9.772554321 3.04E+13
9.842529822 2.91E+13
9.912505323 2.78E+13
9.982480824 2.65E+13
10.05245633 2.52E+13
10.12243183 2.40E+13
10.19240733 2.28E+13
10.26238283 2.17E+13
10.33235833 2.06E+13
10.40233383 1.95E+13
10.47230933 1.85E+13
10.54396508 1.76E+13
10.61562082 1.67E+13
10.68727657 1.59E+13
10.75893231 1.52E+13
10.83058806 1.45E+13
10.9022438  1.38E+13
10.97389955 1.32E+13
11.0455553  1.27E+13
11.11721104 1.22E+13
11.18886679 1.17E+13
11.26052253 1.13E+13
11.33389887 1.09E+13
11.4072752  1.06E+13
11.48065154 1.03E+13
11.55402787 9.96E+12
11.62740421 9.69E+12
11.70078055 9.43E+12
11.77415688 9.19E+12
11.84753322 8.97E+12
11.92090955 8.76E+12
11.99428589 8.56E+12
12.06766222 8.37E+12
12.14371314 8.19E+12
12.21976405 8.02E+12
12.29581497 7.86E+12
12.37186588 7.71E+12
12.44791679 7.57E+12
12.52396771 7.43E+12
12.60001862 7.31E+12
12.67606954 7.18E+12
12.75212045 7.06E+12
12.82817137 6.95E+12
12.90422228 6.84E+12
12.99089137 6.72E+12
13.07756046 6.61E+12
13.16422955 6.50E+12
13.25089863 6.40E+12
13.33756772 6.31E+12
13.42423681 6.23E+12
13.5109059  6.15E+12
13.59757499 6.07E+12
13.68424408 6.00E+12
13.77091317 5.93E+12
13.85758226 5.87E+12
13.95832393 5.80E+12
14.0590656  5.73E+12
14.15980727 5.67E+12
14.26054894 5.61E+12
14.36129061 5.56E+12
14.46203228 5.51E+12
14.56277395 5.46E+12
14.66351562 5.42E+12
14.76425729 5.38E+12
14.86499896 5.33E+12
14.96574063 5.30E+12
15.08283987 5.25E+12
15.1999391  5.21E+12
15.31703834 5.18E+12
15.43413758 5.15E+12
15.55123682 5.11E+12
15.66833605 5.08E+12
15.78543529 5.04E+12
15.90253453 5.02E+12
16.01963376 5.00E+12
16.136733   4.97E+12
16.25383224 4.95E+12
16.38993448 4.92E+12
16.52603672 4.89E+12
16.66213896 4.87E+12
16.7982412  4.85E+12
16.93434344 4.82E+12
17.07044568 4.81E+12
17.20654792 4.77E+12
17.34265016 4.76E+12
17.4787524  4.75E+12
17.61485464 4.72E+12
17.75095688 4.71E+12
17.90904889 4.69E+12
18.0671409  4.67E+12
18.2252329  4.65E+12
18.38332491 4.64E+12
18.54141692 4.63E+12
18.69950893 4.60E+12
18.85760094 4.59E+12
19.01569295 4.58E+12
19.17378496 4.57E+12
19.33187697 4.55E+12
19.48996898 4.54E+12
19.67373061 4.52E+12
19.85749224 4.52E+12
20.04125387 4.49E+12
20.2250155  4.48E+12
20.40877713 4.47E+12
20.59253876 4.46E+12
20.77630039 4.44E+12
20.96006202 4.43E+12
21.14382365 4.42E+12
21.32758528 4.41E+12
21.51134691 4.40E+12
21.72489119 4.39E+12
21.93843547 4.37E+12
22.15197975 4.36E+12
22.36552404 4.35E+12
22.57906832 4.34E+12
22.7926126  4.32E+12
23.00615689 4.31E+12
23.21970117 4.30E+12
23.43324545 4.29E+12
23.64678973 4.28E+12
23.86033402 4.26E+12
24.10848962 4.25E+12
24.35664522 4.24E+12
24.60480082 4.22E+12
24.85295642 4.21E+12
25.10111202 4.20E+12
25.34926763 4.19E+12
25.59742323 4.18E+12
25.84557883 4.16E+12
26.09373443 4.15E+12
26.34189003 4.14E+12
26.59004564 4.12E+12
26.87842463 4.11E+12
27.16680362 4.10E+12
27.45518261 4.09E+12
27.7435616  4.07E+12
28.03194059 4.06E+12
28.32031958 4.04E+12
28.60869857 4.03E+12
28.89707756 4.01E+12
29.18545655 4.00E+12
29.47383554 3.99E+12
29.76221453 3.97E+12
30.09735409 3.96E+12
30.43249364 3.94E+12
30.7676332  3.93E+12
31.10277276 3.91E+12
31.43791232 3.90E+12
31.77305188 3.88E+12
32.10819144 3.86E+12
32.443331   3.85E+12
32.77847056 3.83E+12
33.11361012 3.82E+12
33.44874968 3.80E+12
33.83820822 3.79E+12
34.22766676 3.77E+12
34.6171253  3.75E+12
35.00658384 3.73E+12
35.39604238 3.71E+12
35.78550092 3.69E+12
36.17495946 3.68E+12
36.564418   3.66E+12
36.95387654 3.64E+12
37.34333508 3.62E+12
37.73279362 3.60E+12
38.17191959 3.58E+12
38.61104556 3.56E+12
39.05017153 3.54E+12
39.48929751 3.52E+12
39.92842348 3.50E+12
40.36754945 3.48E+12
40.80667542 3.46E+12
41.24580139 3.44E+12
41.68492737 3.42E+12
42.12405334 3.41E+12
42.56317931 3.39E+12
43.0246616  3.37E+12
43.48614388 3.36E+12
43.94762617 3.34E+12
44.40910846 3.33E+12
44.87059074 3.31E+12
45.33207303 3.30E+12
45.79355531 3.29E+12
46.2550376  3.28E+12
46.71651989 3.27E+12
47.17800217 3.26E+12
47.63948446 3.25E+12
48.07788345 3.25E+12
48.51628244 3.24E+12
48.95468143 3.23E+12
49.39308041 3.23E+12
49.8314794  3.22E+12
50.26987839 3.21E+12
50.70827738 3.21E+12
51.14667637 3.20E+12
51.58507536 3.20E+12
52.02347435 3.20E+12
52.46187334 3.19E+12
52.84568524 3.19E+12
53.22949713 3.19E+12
53.61330902 3.18E+12
53.99712092 3.18E+12
54.38093281 3.18E+12
54.76474471 3.18E+12
55.1485566  3.18E+12
55.53236849 3.17E+12
55.91618039 3.17E+12
56.29999228 3.17E+12
56.68380418 3.17E+12
57.01411497 3.17E+12
57.34442577 3.16E+12
57.67473656 3.16E+12
58.00504735 3.16E+12
58.33535815 3.16E+12
58.66566894 3.16E+12
58.99597974 3.16E+12
59.32629053 3.15E+12
59.65660133 3.15E+12
59.98691212 3.15E+12
60.31722292 3.15E+12
60.60145831 3.15E+12
60.88569371 3.15E+12
61.1699291  3.15E+12
61.4541645  3.15E+12
61.73839989 3.15E+12
62.02263528 3.15E+12
62.30687068 3.14E+12
62.59110607 3.14E+12
62.87534147 3.14E+12
63.15957686 3.14E+12
63.44381226 3.14E+12
63.68839933 3.14E+12
63.9329864  3.14E+12
64.17757348 3.14E+12
64.42216055 3.14E+12
64.66674762 3.14E+12
64.9113347  3.14E+12
65.15592177 3.14E+12
65.40050884 3.14E+12
65.64509592 3.14E+12
65.88968299 3.14E+12
66.13427006 3.14E+12
66.34473936 3.13E+12
66.55520866 3.13E+12
66.76567796 3.13E+12
66.97614727 3.13E+12
67.18661657 3.13E+12
67.39708587 3.13E+12
67.60755517 3.13E+12
67.81802447 3.13E+12
68.02849377 3.13E+12
68.23896307 3.13E+12
68.44943237 3.13E+12
68.63054298 3.13E+12
68.8116536  3.13E+12
68.99276421 3.13E+12
69.17387482 3.13E+12
69.35498543 3.13E+12
69.53609604 3.13E+12
69.71720666 3.13E+12
69.89831727 3.13E+12
70.07942788 3.12E+12
70.26053849 3.12E+12
70.44164911 3.12E+12
70.59749626 3.12E+12
70.75334341 3.12E+12
70.90919056 3.12E+12
71.06503772 3.12E+12
71.22088487 3.12E+12
71.37673202 3.12E+12
71.53257918 3.12E+12
71.68842633 3.12E+12
71.84427348 3.12E+12
72.00012064 3.12E+12
72.15596779 3.12E+12
72.29007546 3.12E+12
72.42418313 3.11E+12
72.5582908  3.11E+12
72.69239847 3.11E+12
72.82650614 3.11E+12
72.96061381 3.11E+12
73.09472148 3.11E+12
73.22882915 3.11E+12
73.36293682 3.11E+12
73.49704449 3.11E+12
73.63115216 3.10E+12
73.74662109 3.10E+12
73.86209003 3.10E+12
73.97755897 3.10E+12
74.0930279  3.10E+12
74.20849684 3.10E+12
74.32396578 3.09E+12
74.43943471 3.09E+12
74.55490365 3.09E+12
74.67037259 3.09E+12
74.78584153 3.08E+12
74.90131046 3.08E+12
75.00130954 3.08E+12
75.10130862 3.07E+12
75.20130771 3.07E+12
75.30130679 3.06E+12
75.40130587 3.06E+12
75.50130495 3.06E+12
75.60130403 3.05E+12
75.70130311 3.05E+12
75.80130219 3.04E+12
75.90130127 3.03E+12
76.00130036 3.03E+12
76.08855015 3.02E+12
76.17579995 3.01E+12
76.26304974 3.00E+12
76.35029954 2.99E+12
76.43754933 2.98E+12
76.52479913 2.97E+12
76.61204892 2.96E+12
76.69929872 2.95E+12
76.78654851 2.93E+12
76.87379831 2.91E+12
76.9610481  2.90E+12
77.03846453 2.88E+12
77.11588095 2.86E+12
77.19329738 2.83E+12
77.2707138  2.81E+12
77.34813023 2.78E+12
77.42554665 2.75E+12
77.50296308 2.72E+12
77.5803795  2.68E+12
77.65779592 2.64E+12
77.73521235 2.59E+12
77.81262877 2.54E+12
77.88420798 2.49E+12
77.95578718 2.44E+12
78.02736638 2.37E+12
78.09894558 2.31E+12
78.17052479 2.24E+12
78.24210399 2.16E+12
78.31368319 2.08E+12
78.38526239 2.00E+12
78.4568416  1.91E+12
78.5284208  1.82E+12
78.6    1.57E+12
