# Target distribution for empty target run
# Calculation is done with Comsol by Yang Zhang (Duke University)
# output is target gas density along beam line
# Notice, this is in target chamber coordinates, where z = 0 is the target cell center.
# In the survey coordinate, target cell center is at z = 8.89 cm
# z (cm)   density (H_2/cm^3)
-80.3   3.48E+11
-80.26879571    3.72E+11
-80.23759142    3.96E+11
-80.20638713    4.18E+11
-80.17518284    4.40E+11
-80.14397855    4.62E+11
-80.11277427    4.82E+11
-80.08156998    5.01E+11
-80.05036569    5.19E+11
-80.0191614 5.35E+11
-79.98795711    5.50E+11
-79.95675282    5.64E+11
-79.92236506    5.78E+11
-79.8879773 5.91E+11
-79.85358954    6.03E+11
-79.81920178    6.13E+11
-79.78481402    6.22E+11
-79.75042625    6.31E+11
-79.71603849    6.38E+11
-79.68165073    6.45E+11
-79.64726297    6.51E+11
-79.61287521    6.57E+11
-79.57848745    6.62E+11
-79.53855651    6.67E+11
-79.49862557    6.72E+11
-79.45869463    6.76E+11
-79.41876369    6.80E+11
-79.37883275    6.83E+11
-79.33890181    6.86E+11
-79.29897087    6.89E+11
-79.25903993    6.91E+11
-79.21910899    6.93E+11
-79.17917805    6.95E+11
-79.13924711    6.97E+11
-79.09287341    6.98E+11
-79.04649971    7.00E+11
-79.00012601    7.01E+11
-78.95375231    7.02E+11
-78.90737861    7.03E+11
-78.86100491    7.04E+11
-78.81463121    7.05E+11
-78.76825751    7.05E+11
-78.72188381    7.06E+11
-78.67551011    7.06E+11
-78.62913641    7.06E+11
-78.57528038    7.07E+11
-78.52142436    7.07E+11
-78.46756833    7.07E+11
-78.41371231    7.07E+11
-78.35985628    7.07E+11
-78.30600026    7.07E+11
-78.25214424    7.07E+11
-78.19828821    7.07E+11
-78.14443219    7.06E+11
-78.09057616    7.06E+11
-78.03672014    7.06E+11
-77.97417449    7.05E+11
-77.91162885    7.05E+11
-77.84908321    7.05E+11
-77.78653757    7.04E+11
-77.72399192    7.04E+11
-77.66144628    7.03E+11
-77.59890064    7.03E+11
-77.53635499    7.03E+11
-77.47380935    7.02E+11
-77.41126371    7.01E+11
-77.34871807    7.01E+11
-77.27608071    7.00E+11
-77.20344336    7.00E+11
-77.13080601    6.99E+11
-77.05816866    6.99E+11
-76.98553131    6.98E+11
-76.91289396    6.97E+11
-76.84025661    6.97E+11
-76.76761926    6.96E+11
-76.69498191    6.96E+11
-76.62234456    6.95E+11
-76.54970721    6.94E+11
-76.46534983    6.94E+11
-76.38099246    6.93E+11
-76.29663509    6.92E+11
-76.21227771    6.92E+11
-76.12792034    6.91E+11
-76.04356297    6.91E+11
-75.95920559    6.90E+11
-75.87484822    6.89E+11
-75.79049085    6.89E+11
-75.70613347    6.88E+11
-75.6217761 6.88E+11
-75.52380766    6.87E+11
-75.42583922    6.86E+11
-75.32787078    6.86E+11
-75.22990234    6.85E+11
-75.1319339 6.85E+11
-75.03396546    6.84E+11
-74.93599702    6.84E+11
-74.83802858    6.83E+11
-74.74006014    6.83E+11
-74.6420917 6.82E+11
-74.54412326    6.82E+11
-74.4303476 6.81E+11
-74.31657193    6.81E+11
-74.20279626    6.80E+11
-74.08902059    6.80E+11
-73.97524492    6.79E+11
-73.86146926    6.79E+11
-73.74769359    6.78E+11
-73.63391792    6.78E+11
-73.52014225    6.77E+11
-73.40636658    6.77E+11
-73.29259091    6.77E+11
-73.1604575 6.76E+11
-73.02832409    6.76E+11
-72.89619068    6.75E+11
-72.76405727    6.75E+11
-72.63192386    6.75E+11
-72.49979045    6.74E+11
-72.36765704    6.74E+11
-72.23552363    6.74E+11
-72.10339022    6.73E+11
-71.97125681    6.73E+11
-71.8391234 6.73E+11
-71.68567021    6.73E+11
-71.53221702    6.72E+11
-71.37876382    6.72E+11
-71.22531063    6.72E+11
-71.07185744    6.71E+11
-70.91840425    6.71E+11
-70.76495106    6.71E+11
-70.61149786    6.71E+11
-70.45804467    6.70E+11
-70.30459148    6.70E+11
-70.15113829    6.70E+11
-69.97292535    6.70E+11
-69.79471241    6.70E+11
-69.61649947    6.70E+11
-69.43828653    6.69E+11
-69.26007359    6.69E+11
-69.08186065    6.69E+11
-68.90364771    6.69E+11
-68.72543477    6.69E+11
-68.54722183    6.69E+11
-68.36900889    6.68E+11
-68.19079595    6.68E+11
-67.98382825    6.68E+11
-67.77686056    6.68E+11
-67.56989287    6.68E+11
-67.36292517    6.68E+11
-67.15595748    6.68E+11
-66.94898979    6.68E+11
-66.74202209    6.68E+11
-66.5350544 6.68E+11
-66.3280867 6.67E+11
-66.12111901    6.67E+11
-65.91415132    6.67E+11
-65.67378927    6.67E+11
-65.43342722    6.67E+11
-65.19306517    6.67E+11
-64.95270312    6.67E+11
-64.71234107    6.67E+11
-64.47197902    6.67E+11
-64.23161697    6.67E+11
-63.99125492    6.67E+11
-63.75089287    6.67E+11
-63.51053082    6.67E+11
-63.27016877    6.67E+11
-62.99102416    6.67E+11
-62.71187955    6.68E+11
-62.43273494    6.68E+11
-62.15359033    6.68E+11
-61.87444572    6.68E+11
-61.59530111    6.68E+11
-61.3161565 6.68E+11
-61.03701189    6.68E+11
-60.75786728    6.68E+11
-60.47872267    6.69E+11
-60.19957806    6.69E+11
-59.87912674    6.69E+11
-59.55867542    6.69E+11
-59.2382241 6.70E+11
-58.91777278    6.70E+11
-58.59732146    6.70E+11
-58.27687014    6.71E+11
-57.95641882    6.71E+11
-57.6359675 6.71E+11
-57.31551618    6.72E+11
-56.99506486    6.72E+11
-56.67461354    6.73E+11
-56.34782983    6.73E+11
-56.02104612    6.74E+11
-55.69426241    6.74E+11
-55.36747871    6.75E+11
-55.040695  6.76E+11
-54.71391129    6.77E+11
-54.38712758    6.77E+11
-54.06034388    6.78E+11
-53.73356017    6.79E+11
-53.40677646    6.80E+11
-53.07999276    6.81E+11
-52.78778141    6.83E+11
-52.49557007    6.84E+11
-52.20335873    6.85E+11
-51.91114738    6.86E+11
-51.61893604    6.88E+11
-51.3267247 6.89E+11
-51.03451335    6.92E+11
-50.74230201    6.94E+11
-50.45009067    6.96E+11
-50.15787932    7.02E+11
-49.86566798    7.07E+11
-49.61410276    7.10E+11
-49.36253753    7.12E+11
-49.11097231    7.15E+11
-48.85940709    7.18E+11
-48.60784187    7.21E+11
-48.35627664    7.25E+11
-48.10471142    7.29E+11
-47.8531462 7.34E+11
-47.60158098    7.39E+11
-47.35001575    7.44E+11
-47.09845053    7.50E+11
-46.88176176    7.56E+11
-46.66507299    7.62E+11
-46.44838421    7.69E+11
-46.23169544    7.77E+11
-46.01500667    7.85E+11
-45.79831789    7.94E+11
-45.58162912    8.03E+11
-45.36494035    8.14E+11
-45.14825158    8.25E+11
-44.9315628 8.37E+11
-44.71487403    8.50E+11
-44.50785731    8.62E+11
-44.30084059    8.76E+11
-44.09382386    8.90E+11
-43.88680714    9.05E+11
-43.67979042    9.20E+11
-43.47277369    9.35E+11
-43.26575697    9.51E+11
-43.05874025    9.66E+11
-42.85172353    9.82E+11
-42.6447068 9.98E+11
-42.43769008    1.01E+12
-42.21607092    1.03E+12
-41.99445177    1.05E+12
-41.77283261    1.07E+12
-41.55121346    1.08E+12
-41.3295943 1.10E+12
-41.10797515    1.12E+12
-40.88635599    1.13E+12
-40.66473684    1.15E+12
-40.44311768    1.17E+12
-40.22149853    1.18E+12
-39.99987937    1.20E+12
-39.76888843    1.22E+12
-39.5378975 1.24E+12
-39.30690656    1.25E+12
-39.07591562    1.27E+12
-38.84492469    1.28E+12
-38.61393375    1.30E+12
-38.38294282    1.32E+12
-38.15195188    1.33E+12
-37.92096094    1.35E+12
-37.68997001    1.37E+12
-37.45897907    1.38E+12
-37.22692956    1.40E+12
-36.99488004    1.41E+12
-36.76283053    1.43E+12
-36.53078101    1.45E+12
-36.2987315 1.46E+12
-36.06668199    1.48E+12
-35.83463247    1.50E+12
-35.60258296    1.51E+12
-35.37053344    1.53E+12
-35.13848393    1.55E+12
-34.90643442    1.57E+12
-34.67409961    1.58E+12
-34.4417648 1.60E+12
-34.20942999    1.61E+12
-33.97709518    1.63E+12
-33.74476037    1.64E+12
-33.51242556    1.66E+12
-33.28009075    1.68E+12
-33.04775594    1.69E+12
-32.81542113    1.71E+12
-32.58308632    1.72E+12
-32.35075151    1.74E+12
-32.11867883    1.75E+12
-31.88660615    1.77E+12
-31.65453347    1.79E+12
-31.42246079    1.81E+12
-31.19038811    1.82E+12
-30.95831543    1.84E+12
-30.72624275    1.85E+12
-30.49417007    1.87E+12
-30.26209739    1.88E+12
-30.03002471    1.90E+12
-29.79795204    1.92E+12
-29.56708324    1.93E+12
-29.33621444    1.95E+12
-29.10534564    1.96E+12
-28.87447684    1.98E+12
-28.64360804    1.99E+12
-28.41273924    2.01E+12
-28.18187044    2.03E+12
-27.95100164    2.05E+12
-27.72013284    2.06E+12
-27.48926404    2.08E+12
-27.25839524    2.10E+12
-27.04108543    2.11E+12
-26.82377563    2.13E+12
-26.60646583    2.14E+12
-26.38915602    2.16E+12
-26.17184622    2.17E+12
-25.95453641    2.19E+12
-25.73722661    2.20E+12
-25.5199168 2.22E+12
-25.302607  2.23E+12
-25.08529719    2.24E+12
-24.86798739    2.27E+12
-24.67460232    2.28E+12
-24.48121726    2.29E+12
-24.28783219    2.30E+12
-24.09444713    2.32E+12
-23.90106206    2.34E+12
-23.707677  2.35E+12
-23.51429193    2.37E+12
-23.32090687    2.38E+12
-23.1275218 2.40E+12
-22.93413674    2.41E+12
-22.74075167    2.42E+12
-22.57423043    2.43E+12
-22.40770918    2.45E+12
-22.24118793    2.46E+12
-22.07466668    2.47E+12
-21.90814543    2.48E+12
-21.74162419    2.50E+12
-21.57510294    2.52E+12
-21.40858169    2.53E+12
-21.24206044    2.54E+12
-21.0755392 2.55E+12
-20.90901795    2.56E+12
-20.76562768    2.58E+12
-20.62223741    2.59E+12
-20.47884715    2.60E+12
-20.33545688    2.61E+12
-20.19206662    2.62E+12
-20.04867635    2.63E+12
-19.90528608    2.66E+12
-19.76189582    2.67E+12
-19.61850555    2.68E+12
-19.47511528    2.69E+12
-19.33172502    2.70E+12
-19.20825071    2.71E+12
-19.0847764 2.72E+12
-18.96130209    2.73E+12
-18.83782778    2.74E+12
-18.71435347    2.76E+12
-18.59087916    2.77E+12
-18.46740486    2.78E+12
-18.34393055    2.80E+12
-18.22045624    2.81E+12
-18.09698193    2.82E+12
-17.97350762    2.83E+12
-17.86719551    2.84E+12
-17.7608834 2.86E+12
-17.65457129    2.87E+12
-17.54825918    2.89E+12
-17.44194707    2.89E+12
-17.33563496    2.90E+12
-17.22932285    2.92E+12
-17.12301074    2.93E+12
-17.01669863    2.94E+12
-16.91038652    2.97E+12
-16.80407441    2.98E+12
-16.71253514    2.98E+12
-16.62099588    3.00E+12
-16.52945661    3.01E+12
-16.43791735    3.02E+12
-16.34637809    3.05E+12
-16.25483882    3.06E+12
-16.16329956    3.07E+12
-16.07176029    3.09E+12
-15.98022103    3.10E+12
-15.88868177    3.12E+12
-15.7971425 3.14E+12
-15.71831229    3.16E+12
-15.63948207    3.17E+12
-15.56065185    3.18E+12
-15.48182164    3.20E+12
-15.40299142    3.23E+12
-15.32416121    3.24E+12
-15.24533099    3.25E+12
-15.16650078    1.21E+13
-15.08767056    1.21E+13
-15.00884034    1.22E+13
-14.93001013    1.22E+13
-14.86213925    1.22E+13
-14.79426837    1.22E+13
-14.72639748    1.23E+13
-14.6585266 1.23E+13
-14.59065572    1.23E+13
-14.52278484    1.23E+13
-14.45491396    1.24E+13
-14.38704308    1.24E+13
-14.31917219    1.24E+13
-14.25130131    1.24E+13
-14.18343043    1.25E+13
-14.12498784    1.25E+13
-14.06654525    1.25E+13
-14.00810266    1.26E+13
-13.94966008    1.26E+13
-13.89121749    1.26E+13
-13.8327749 1.27E+13
-13.77433231    1.27E+13
-13.71588972    1.28E+13
-13.65744713    1.28E+13
-13.59900454    1.28E+13
-13.54056195    1.29E+13
-13.49023501    1.30E+13
-13.43990808    1.30E+13
-13.38958114    1.30E+13
-13.3392542 1.31E+13
-13.28892726    1.31E+13
-13.23860032    1.32E+13
-13.18827338    1.33E+13
-13.13794645    1.33E+13
-13.08761951    1.34E+13
-13.03729257    1.35E+13
-12.98696563    1.36E+13
-12.94363714    1.36E+13
-12.90030864    1.37E+13
-12.85698015    1.38E+13
-12.81365165    1.39E+13
-12.77032316    1.40E+13
-12.72699466    1.41E+13
-12.68366617    1.42E+13
-12.64033767    1.43E+13
-12.59700918    1.44E+13
-12.55368068    1.45E+13
-12.51035219    1.47E+13
-12.47303815    1.48E+13
-12.43572412    1.49E+13
-12.39841008    1.51E+13
-12.36109604    1.52E+13
-12.323782  1.54E+13
-12.28646797    1.56E+13
-12.24915393    1.57E+13
-12.21183989    1.59E+13
-12.17452586    1.61E+13
-12.13721182    1.64E+13
-12.09989778    1.66E+13
-12.06741081    1.68E+13
-12.03492383    1.71E+13
-12.00243685    1.73E+13
-11.96994988    1.76E+13
-11.9374629 1.79E+13
-11.90497593    1.82E+13
-11.87248895    1.86E+13
-11.84000197    1.89E+13
-11.807515  1.93E+13
-11.77502802    1.97E+13
-11.74254105    2.01E+13
-11.71232427    2.04E+13
-11.68210749    2.08E+13
-11.65189072    2.12E+13
-11.62167394    2.17E+13
-11.59145716    2.21E+13
-11.56124038    2.26E+13
-11.53102361    2.32E+13
-11.50080683    2.37E+13
-11.47059005    2.43E+13
-11.44037328    2.50E+13
-11.4101565 2.56E+13
-11.38172321    2.62E+13
-11.35328993    2.69E+13
-11.32485664    2.76E+13
-11.29642335    2.84E+13
-11.26799007    2.91E+13
-11.23955678    3.00E+13
-11.2111235 3.08E+13
-11.18269021    3.16E+13
-11.15425692    3.24E+13
-11.12582364    3.32E+13
-11.09739035    3.41E+13
-11.06967605    3.50E+13
-11.04196176    3.58E+13
-11.01424746    3.66E+13
-10.98653317    3.74E+13
-10.95881887    3.82E+13
-10.93110457    3.91E+13
-10.90339028    3.98E+13
-10.87567598    4.07E+13
-10.84796169    4.15E+13
-10.82024739    4.23E+13
-10.7925331 4.31E+13
-10.76488789    4.39E+13
-10.73724268    4.46E+13
-10.70959748    4.54E+13
-10.68195227    4.62E+13
-10.65430706    4.70E+13
-10.62666186    4.77E+13
-10.59901665    4.85E+13
-10.57137144    4.93E+13
-10.54372624    5.00E+13
-10.51608103    5.07E+13
-10.48843582    5.16E+13
-10.45911198    5.25E+13
-10.42978813    5.35E+13
-10.40046428    5.45E+13
-10.37114044    5.54E+13
-10.34181659    5.62E+13
-10.31249275    5.70E+13
-10.2831689 5.78E+13
-10.25384505    5.85E+13
-10.22452121    5.92E+13
-10.19519736    5.97E+13
-10.16587352    6.03E+13
-10.13185546    6.09E+13
-10.09783741    6.14E+13
-10.06381936    6.19E+13
-10.0298013 6.23E+13
-9.99578325 6.28E+13
-9.961765196    6.31E+13
-9.927747143    6.34E+13
-9.89372909 6.37E+13
-9.859711037    6.40E+13
-9.825692984    6.43E+13
-9.79167493 6.45E+13
-9.752167951    6.47E+13
-9.712660971    6.49E+13
-9.673153991    6.51E+13
-9.633647011    6.53E+13
-9.594140031    6.55E+13
-9.554633052    6.56E+13
-9.515126072    7.46E+13
-9.475619092    7.48E+13
-9.436112112    7.49E+13
-9.396605132    7.50E+13
-9.357098153    7.51E+13
-9.317720105    7.52E+13
-9.278342057    7.53E+13
-9.23896401 7.54E+13
-9.199585962    7.55E+13
-9.160207915    7.56E+13
-9.120829867    7.57E+13
-9.08145182 7.58E+13
-9.042073772    7.58E+13
-9.002695725    7.59E+13
-8.963317677    7.60E+13
-8.92393963 7.61E+13
-8.889928535    7.62E+13
-8.855917441    7.62E+13
-8.821906346    7.63E+13
-8.787895252    7.64E+13
-8.753884157    7.64E+13
-8.719873063    7.65E+13
-8.685861969    7.65E+13
-8.651850874    7.66E+13
-8.61783978 7.67E+13
-8.583828685    7.68E+13
-8.549817591    7.68E+13
-8.520461506    7.69E+13
-8.491105422    7.70E+13
-8.461749337    7.70E+13
-8.432393253    7.71E+13
-8.403037169    7.71E+13
-8.373681084    7.72E+13
-8.344325   7.72E+13
-8.314968915    7.73E+13
-8.285612831    7.74E+13
-8.256256747    7.74E+13
-8.226900662    7.76E+13
-8.201562469    7.76E+13
-8.176224275    7.76E+13
-8.150886082    7.77E+13
-8.125547888    7.78E+13
-8.100209695    7.78E+13
-8.074871501    7.79E+13
-8.049533308    7.79E+13
-8.024195114    7.80E+13
-7.998856921    7.80E+13
-7.973518727    7.81E+13
-7.948180534    7.82E+13
-7.926310313    7.82E+13
-7.904440093    7.83E+13
-7.882569872    7.83E+13
-7.860699651    8.72E+13
-7.83882943 8.73E+13
-7.81695921 8.74E+13
-7.795088989    8.74E+13
-7.773218768    8.75E+13
-7.751348547    8.75E+13
-7.729478327    8.76E+13
-7.707608106    8.77E+13
-7.688734642    8.77E+13
-7.669861178    8.78E+13
-7.650987713    8.78E+13
-7.632114249    8.79E+13
-7.613240785    8.79E+13
-7.594367321    8.80E+13
-7.575493857    8.80E+13
-7.556620393    8.80E+13
-7.537746928    8.82E+13
-7.518873464    8.82E+13
-7.5    8.82E+13
-7.491071429    8.82E+13
-7.482142857    8.83E+13
-7.473214286    8.83E+13
-7.464285714    8.83E+13
-7.455357143    8.84E+13
-7.446428571    8.84E+13
-7.4375 8.85E+13
-7.428571429    8.84E+13
-7.419642857    8.85E+13
-7.410714286    8.85E+13
-7.401785714    8.85E+13
-7.392857143    8.86E+13
-7.383928571    8.86E+13
-7.375  8.86E+13
-7.366071429    8.86E+13
-7.357142857    8.87E+13
-7.348214286    8.87E+13
-7.339285714    8.87E+13
-7.330357143    8.88E+13
-7.321428571    8.88E+13
-7.3125 8.88E+13
-7.303571429    8.88E+13
-7.294642857    8.89E+13
-7.285714286    8.89E+13
-7.276785714    8.89E+13
-7.267857143    8.90E+13
-7.258928571    8.90E+13
-7.25   8.90E+13
-7.241071429    8.90E+13
-7.232142857    8.91E+13
-7.223214286    8.91E+13
-7.214285714    8.91E+13
-7.205357143    8.92E+13
-7.196428571    8.92E+13
-7.1875 8.92E+13
-7.178571429    8.93E+13
-7.169642857    8.93E+13
-7.160714286    8.93E+13
-7.151785714    8.94E+13
-7.142857143    8.94E+13
-7.133928571    8.94E+13
-7.125  8.94E+13
-7.116071429    8.95E+13
-7.107142857    8.95E+13
-7.098214286    8.95E+13
-7.089285714    8.96E+13
-7.080357143    8.96E+13
-7.071428571    8.96E+13
-7.0625 8.97E+13
-7.053571429    8.97E+13
-7.044642857    8.97E+13
-7.035714286    8.98E+13
-7.026785714    8.98E+13
-7.017857143    8.98E+13
-7.008928571    8.99E+13
-7  8.99E+13
-6.991071429    9.00E+13
-6.982142857    9.00E+13
-6.973214286    9.00E+13
-6.964285714    9.01E+13
-6.955357143    9.01E+13
-6.946428571    9.01E+13
-6.9375 9.01E+13
-6.928571429    9.02E+13
-6.919642857    9.02E+13
-6.910714286    9.03E+13
-6.901785714    9.03E+13
-6.892857143    9.03E+13
-6.883928571    9.03E+13
-6.875  9.04E+13
-6.866071429    9.05E+13
-6.857142857    9.05E+13
-6.848214286    9.05E+13
-6.839285714    9.06E+13
-6.830357143    9.06E+13
-6.821428571    9.06E+13
-6.8125 9.07E+13
-6.803571429    9.07E+13
-6.794642857    9.96E+13
-6.785714286    9.96E+13
-6.776785714    9.97E+13
-6.767857143    9.97E+13
-6.758928571    9.97E+13
-6.75   9.98E+13
-6.741071429    9.98E+13
-6.732142857    9.98E+13
-6.723214286    9.99E+13
-6.714285714    9.99E+13
-6.696428571    1.00E+14
-6.678571429    1.00E+14
-6.660714286    1.00E+14
-6.642857143    1.00E+14
-6.625  1.00E+14
-6.607142857    1.00E+14
-6.589285714    1.00E+14
-6.571428571    1.01E+14
-6.553571429    1.01E+14
-6.535714286    1.01E+14
-6.517857143    1.01E+14
-6.508928571    1.01E+14
-6.5    1.01E+14
-6.491071429    1.01E+14
-6.482142857    1.01E+14
-6.473214286    1.01E+14
-6.464285714    1.01E+14
-6.455357143    1.01E+14
-6.446428571    1.01E+14
-6.4375 1.01E+14
-6.428571429    1.01E+14
-6.419642857    1.01E+14
-6.410714286    1.01E+14
-6.401785714    1.01E+14
-6.392857143    1.10E+14
-6.383928571    1.10E+14
-6.375  1.10E+14
-6.366071429    1.10E+14
-6.357142857    1.10E+14
-6.348214286    1.10E+14
-6.339285714    1.10E+14
-6.330357143    1.11E+14
-6.321428571    1.11E+14
-6.3125 1.11E+14
-6.303571429    1.11E+14
-6.294642857    1.11E+14
-6.285714286    1.11E+14
-6.276785714    1.11E+14
-6.267857143    1.11E+14
-6.258928571    1.11E+14
-6.25   1.11E+14
-6.241071429    1.11E+14
-6.232142857    1.11E+14
-6.223214286    1.11E+14
-6.214285714    1.11E+14
-6.205357143    1.11E+14
-6.196428571    1.11E+14
-6.1875 1.11E+14
-6.178571429    1.11E+14
-6.169642857    1.11E+14
-6.160714286    1.11E+14
-6.151785714    1.11E+14
-6.142857143    1.11E+14
-6.133928571    1.12E+14
-6.125  1.12E+14
-6.116071429    1.12E+14
-6.107142857    1.12E+14
-6.098214286    1.12E+14
-6.089285714    1.12E+14
-6.080357143    1.12E+14
-6.071428571    1.12E+14
-6.0625 1.12E+14
-6.053571429    1.12E+14
-6.044642857    1.12E+14
-6.035714286    1.12E+14
-6.026785714    1.12E+14
-6.017857143    1.12E+14
-6.008928571    1.12E+14
-6  1.12E+14
-5.991071429    1.12E+14
-5.982142857    1.12E+14
-5.973214286    1.12E+14
-5.964285714    1.13E+14
-5.955357143    1.13E+14
-5.946428571    1.13E+14
-5.9375 1.13E+14
-5.928571429    1.13E+14
-5.919642857    1.13E+14
-5.910714286    1.13E+14
-5.901785714    1.13E+14
-5.892857143    1.13E+14
-5.883928571    1.13E+14
-5.875  1.13E+14
-5.866071429    1.13E+14
-5.857142857    1.13E+14
-5.848214286    1.13E+14
-5.839285714    1.13E+14
-5.830357143    1.13E+14
-5.821428571    1.13E+14
-5.8125 1.13E+14
-5.803571429    1.13E+14
-5.794642857    1.14E+14
-5.785714286    1.14E+14
-5.776785714    1.14E+14
-5.767857143    1.23E+14
-5.758928571    1.23E+14
-5.75   1.23E+14
-5.741071429    1.23E+14
-5.732142857    1.23E+14
-5.714285714    1.23E+14
-5.696428571    1.23E+14
-5.678571429    1.23E+14
-5.660714286    1.23E+14
-5.642857143    1.23E+14
-5.625  1.23E+14
-5.607142857    1.24E+14
-5.589285714    1.24E+14
-5.571428571    1.24E+14
-5.553571429    1.24E+14
-5.535714286    1.24E+14
-5.526785714    1.24E+14
-5.517857143    1.33E+14
-5.508928571    1.33E+14
-5.5    1.33E+14
-5.491071429    1.33E+14
-5.482142857    1.33E+14
-5.473214286    1.33E+14
-5.464285714    1.33E+14
-5.455357143    1.34E+14
-5.446428571    1.34E+14
-5.4375 1.34E+14
-5.428571429    1.34E+14
-5.419642857    1.34E+14
-5.410714286    1.34E+14
-5.401785714    1.34E+14
-5.392857143    1.34E+14
-5.383928571    1.34E+14
-5.375  1.34E+14
-5.366071429    1.34E+14
-5.357142857    1.34E+14
-5.348214286    1.34E+14
-5.339285714    1.34E+14
-5.330357143    1.34E+14
-5.321428571    1.34E+14
-5.3125 1.35E+14
-5.303571429    1.35E+14
-5.294642857    1.44E+14
-5.285714286    1.44E+14
-5.276785714    1.44E+14
-5.267857143    1.44E+14
-5.258928571    1.44E+14
-5.25   1.44E+14
-5.241071429    1.44E+14
-5.232142857    1.44E+14
-5.223214286    1.44E+14
-5.214285714    1.44E+14
-5.205357143    1.44E+14
-5.196428571    1.44E+14
-5.1875 1.44E+14
-5.178571429    1.44E+14
-5.169642857    1.45E+14
-5.160714286    1.45E+14
-5.151785714    1.45E+14
-5.142857143    1.45E+14
-5.125  1.45E+14
-5.107142857    1.45E+14
-5.089285714    1.54E+14
-5.071428571    1.54E+14
-5.053571429    1.54E+14
-5.035714286    1.54E+14
-5.017857143    1.55E+14
-5  1.55E+14
-4.982142857    1.55E+14
-4.964285714    1.55E+14
-4.946428571    1.55E+14
-4.9375 1.55E+14
-4.928571429    1.64E+14
-4.919642857    1.64E+14
-4.910714286    1.64E+14
-4.901785714    1.64E+14
-4.892857143    1.65E+14
-4.883928571    1.65E+14
-4.875  1.65E+14
-4.866071429    1.65E+14
-4.857142857    1.65E+14
-4.848214286    1.65E+14
-4.839285714    1.65E+14
-4.830357143    1.65E+14
-4.821428571    1.65E+14
-4.8125 1.65E+14
-4.803571429    1.65E+14
-4.794642857    1.65E+14
-4.785714286    1.66E+14
-4.776785714    1.74E+14
-4.767857143    1.75E+14
-4.758928571    1.75E+14
-4.75   1.75E+14
-4.741071429    1.75E+14
-4.732142857    1.75E+14
-4.723214286    1.75E+14
-4.714285714    1.75E+14
-4.705357143    1.75E+14
-4.696428571    1.75E+14
-4.6875 1.75E+14
-4.678571429    1.75E+14
-4.669642857    1.76E+14
-4.660714286    1.76E+14
-4.651785714    1.76E+14
-4.642857143    1.76E+14
-4.633928571    1.85E+14
-4.625  1.85E+14
-4.616071429    1.85E+14
-4.607142857    1.85E+14
-4.598214286    1.85E+14
-4.589285714    1.85E+14
-4.580357143    1.85E+14
-4.571428571    1.85E+14
-4.5625 1.85E+14
-4.553571429    1.86E+14
-4.544642857    1.86E+14
-4.535714286    1.86E+14
-4.526785714    1.86E+14
-4.517857143    1.86E+14
-4.508928571    2.04E+14
-4.5    2.04E+14
-4.491071429    2.04E+14
-4.482142857    2.04E+14
-4.473214286    2.04E+14
-4.464285714    2.04E+14
-4.455357143    2.04E+14
-4.446428571    2.04E+14
-4.4375 2.04E+14
-4.428571429    2.05E+14
-4.419642857    2.05E+14
-4.410714286    2.05E+14
-4.401785714    2.05E+14
-4.392857143    2.14E+14
-4.383928571    2.14E+14
-4.375  2.14E+14
-4.366071429    2.14E+14
-4.357142857    2.14E+14
-4.348214286    2.14E+14
-4.339285714    2.14E+14
-4.330357143    2.14E+14
-4.321428571    2.15E+14
-4.3125 2.15E+14
-4.303571429    2.15E+14
-4.294642857    2.24E+14
-4.285714286    2.24E+14
-4.276785714    2.24E+14
-4.267857143    2.24E+14
-4.258928571    2.24E+14
-4.25   2.24E+14
-4.241071429    2.24E+14
-4.232142857    2.24E+14
-4.223214286    2.24E+14
-4.214285714    2.25E+14
-4.205357143    2.25E+14
-4.196428571    2.42E+14
-4.1875 2.43E+14
-4.178571429    2.43E+14
-4.169642857    2.43E+14
-4.160714286    2.43E+14
-4.151785714    2.43E+14
-4.142857143    2.43E+14
-4.133928571    2.43E+14
-4.125  2.43E+14
-4.116071429    2.43E+14
-4.107142857    2.52E+14
-4.098214286    2.52E+14
-4.089285714    2.53E+14
-4.080357143    2.53E+14
-4.071428571    2.53E+14
-4.0625 2.53E+14
-4.053571429    2.53E+14
-4.044642857    2.53E+14
-4.035714286    2.53E+14
-4.026785714    2.71E+14
-4.017857143    2.71E+14
-4.008928571    2.71E+14
-4  2.71E+14
-3.991071429    2.71E+14
-3.982142857    2.72E+14
-3.973214286    2.72E+14
-3.964285714    2.72E+14
-3.955357143    2.72E+14
-3.946428571    2.81E+14
-3.9375 2.81E+14
-3.928571429    2.81E+14
-3.919642857    2.81E+14
-3.910714286    2.81E+14
-3.901785714    2.81E+14
-3.892857143    2.81E+14
-3.883928571    2.99E+14
-3.875  2.99E+14
-3.866071429    2.99E+14
-3.857142857    3.00E+14
-3.848214286    3.00E+14
-3.839285714    3.00E+14
-3.830357143    3.00E+14
-3.821428571    3.00E+14
-3.8125 3.18E+14
-3.803571429    3.18E+14
-3.794642857    3.18E+14
-3.785714286    3.18E+14
-3.776785714    3.18E+14
-3.767857143    3.18E+14
-3.75   3.27E+14
-3.732142857    3.28E+14
-3.714285714    3.28E+14
-3.696428571    3.46E+14
-3.678571429    3.46E+14
-3.660714286    3.46E+14
-3.642857143    3.64E+14
-3.625  3.64E+14
-3.607142857    3.65E+14
-3.589285714    3.83E+14
-3.571428571    3.83E+14
-3.5625 3.83E+14
-3.553571429    3.83E+14
-3.544642857    4.01E+14
-3.535714286    4.01E+14
-3.526785714    4.01E+14
-3.517857143    4.01E+14
-3.508928571    4.01E+14
-3.5    4.19E+14
-3.491071429    4.19E+14
-3.482142857    4.19E+14
-3.473214286    4.20E+14
-3.464285714    4.37E+14
-3.455357143    4.37E+14
-3.446428571    4.38E+14
-3.4375 4.38E+14
-3.428571429    4.38E+14
-3.419642857    4.56E+14
-3.410714286    4.56E+14
-3.401785714    4.56E+14
-3.392857143    4.56E+14
-3.383928571    4.83E+14
-3.375  4.83E+14
-3.366071429    4.83E+14
-3.357142857    4.83E+14
-3.348214286    5.01E+14
-3.339285714    5.01E+14
-3.330357143    5.01E+14
-3.321428571    5.01E+14
-3.3125 5.19E+14
-3.303571429    5.19E+14
-3.294642857    5.19E+14
-3.285714286    5.46E+14
-3.276785714    5.46E+14
-3.267857143    5.46E+14
-3.258928571    5.46E+14
-3.25   5.64E+14
-3.241071429    5.64E+14
-3.232142857    5.64E+14
-3.223214286    5.91E+14
-3.214285714    5.91E+14
-3.205357143    5.91E+14
-3.196428571    6.09E+14
-3.1875 6.09E+14
-3.178571429    6.09E+14
-3.160714286    6.35E+14
-3.142857143    6.62E+14
-3.125  6.62E+14
-3.107142857    6.80E+14
-3.089285714    7.07E+14
-3.071428571    7.33E+14
-3.053571429    7.60E+14
-3.035714286    7.60E+14
-3.017857143    7.87E+14
-3  8.14E+14
-2.982142857    8.40E+14
-2.973214286    8.67E+14
-2.964285714    8.67E+14
-2.955357143    9.02E+14
-2.946428571    9.02E+14
-2.9375 9.28E+14
-2.928571429    9.29E+14
-2.919642857    9.55E+14
-2.910714286    9.55E+14
-2.901785714    9.90E+14
-2.892857143    1.02E+15
-2.883928571    1.02E+15
-2.875  1.05E+15
-2.866071429    1.05E+15
-2.857142857    1.08E+15
-2.848214286    1.11E+15
-2.839285714    1.11E+15
-2.830357143    1.15E+15
-2.821428571    1.18E+15
-2.8125 1.18E+15
-2.803571429    1.21E+15
-2.794642857    1.25E+15
-2.785714286    1.28E+15
-2.776785714    1.28E+15
-2.767857143    1.32E+15
-2.758928571    1.35E+15
-2.75   1.39E+15
-2.741071429    1.42E+15
-2.732142857    1.46E+15
-2.723214286    1.46E+15
-2.714285714    1.50E+15
-2.705357143    1.53E+15
-2.696428571    1.58E+15
-2.6875 1.61E+15
-2.678571429    1.66E+15
-2.669642857    1.69E+15
-2.660714286    1.73E+15
-2.651785714    1.78E+15
-2.642857143    1.86E+15
-2.633928571    1.90E+15
-2.625  1.94E+15
-2.616071429    1.99E+15
-2.607142857    2.03E+15
-2.598214286    2.11E+15
-2.589285714    2.17E+15
-2.580357143    2.21E+15
-2.571428571    2.30E+15
-2.5625 2.35E+15
-2.553571429    2.44E+15
-2.544642857    2.49E+15
-2.535714286    2.59E+15
-2.526785714    2.69E+15
-2.517857143    2.74E+15
-2.508928571    2.84E+15
-2.5    2.95E+15
-2.491071429    3.06E+15
-2.482142857    3.17E+15
-2.473214286    3.28E+15
-2.464285714    3.39E+15
-2.455357143    3.50E+15
-2.446428571    3.68E+15
-2.4375 3.79E+15
-2.428571429    3.98E+15
-2.419642857    4.10E+15
-2.410714286    4.29E+15
-2.401785714    4.48E+15
-2.392857143    4.67E+15
-2.375  5.08E+15
-2.357142857    5.56E+15
-2.339285714    6.14E+15
-2.321428571    6.83E+15
-2.303571429    7.55E+15
-2.285714286    8.47E+15
-2.267857143    9.61E+15
-2.25   1.09E+16
-2.232142857    1.25E+16
-2.214285714    1.44E+16
-2.196428571    1.68E+16
-2.1875 1.82E+16
-2.178571429    1.98E+16
-2.169642857    2.17E+16
-2.160714286    2.38E+16
-2.151785714    2.61E+16
-2.142857143    2.89E+16
-2.133928571    3.20E+16
-2.125  3.57E+16
-2.116071429    3.98E+16
-2.107142857    4.48E+16
-2.098214286    5.07E+16
-2.089285714    5.75E+16
-2.080357143    6.56E+16
-2.071428571    7.52E+16
-2.0625 8.66E+16
-2.053571429    1.00E+17
-2.044642857    1.16E+17
-2.035714286    1.34E+17
-2.026785714    1.54E+17
-2.017857143    1.77E+17
-2.008928571    2.02E+17
-2  2.30E+17
-1.999948752    2.30E+17
-1.974051976    2.36E+17
-1.973584092    2.36E+17
-1.961537319    2.39E+17
-1.95119979 2.41E+17
-1.936926696    2.42E+17
-1.936529581    2.43E+17
-1.926063025    2.44E+17
-1.908239441    2.44E+17
-1.89781784 2.44E+17
-1.889308949    2.45E+17
-1.885585331    2.45E+17
-1.878721145    2.45E+17
-1.828689075    2.45E+17
-1.784086919    2.45E+17
-1.739484764    2.45E+17
-1.691851498    2.45E+17
-1.688634931    2.45E+17
-1.651120468    2.45E+17
-1.646820464    2.45E+17
-1.642996482    2.45E+17
-1.642350414    2.45E+17
-1.642324035    2.45E+17
-1.637199389    2.45E+17
-1.602306596    2.45E+17
-1.56107607 2.45E+17
-1.516473897    2.45E+17
-1.471871723    2.45E+17
-1.426910533    2.45E+17
-1.425487219    2.45E+17
-1.388061419    2.45E+17
-1.382803756    2.45E+17
-1.381667387    2.45E+17
-1.379455241    2.45E+17
-1.378892966    2.45E+17
-1.378867652    2.45E+17
-1.373466227    2.45E+17
-1.336658066    2.45E+17
-1.293463029    2.45E+17
-1.248860856    2.45E+17
-1.204258683    2.45E+17
-1.166676212    2.45E+17
-1.166570297    2.45E+17
-1.129156059    2.45E+17
-1.129136123    2.45E+17
-1.129038826    2.45E+17
-1.129012427    2.45E+17
-1.126019073    2.45E+17
-1.085692284    2.45E+17
-1.085614855    2.45E+17
-1.047097755    2.45E+17
-1.042412392    2.45E+17
-1.04239246 2.45E+17
-1.042392456    2.45E+17
-1.042372162    2.45E+17
-1.042372159    2.45E+17
-1.042179592    2.45E+17
-1.042143936    2.45E+17
-1.042143907    2.45E+17
-0.982086435    2.45E+17
-0.922004244    2.45E+17
-0.922004217    2.45E+17
-0.921996514    2.45E+17
-0.921790139    2.45E+17
-0.921785706    2.45E+17
-0.921785701    2.45E+17
-0.921781213    2.45E+17
-0.921781207    2.45E+17
-0.884042018    2.45E+17
-0.859911694    2.45E+17
-0.846230072    2.45E+17
-0.84623007 2.45E+17
-0.846229895    2.45E+17
-0.846200462    2.45E+17
-0.846200423    2.45E+17
-0.846200289    2.45E+17
-0.76035976 2.45E+17
-0.760356536    2.45E+17
-0.760341804    2.45E+17
-0.757310577    2.45E+17
-0.757281877    2.45E+17
-0.757220037    2.45E+17
-0.713975767    2.45E+17
-0.669032601    2.45E+17
-0.624430428    2.45E+17
-0.579828255    2.45E+17
-0.535136206    2.45E+17
-0.490581108    2.45E+17
-0.490581005    2.45E+17
-0.490581005    2.45E+17
-0.490580932    2.45E+17
-0.490247964    2.45E+17
-0.490247853    2.45E+17
-0.490247731    2.45E+17
-0.445905721    2.45E+17
-0.401419561    2.45E+17
-0.356817387    2.45E+17
-0.312215214    2.45E+17
-0.269864901    2.45E+17
-0.233828146    2.45E+17
-0.228482416    2.45E+17
-0.228475209    2.45E+17
-0.228284165    2.45E+17
-0.225736763    2.45E+17
-0.224431718    2.45E+17
-0.219112388    2.45E+17
-0.181056983    2.45E+17
-0.179652689    2.45E+17
-0.13380652 2.45E+17
-0.089204347    2.45E+17
-0.044602173    2.45E+17
0.001420506 2.45E+17
0.047384368 2.45E+17
0.047384436 2.45E+17
0.047435073 2.45E+17
0.047435091 2.45E+17
0.047446201 2.45E+17
0.047467339 2.45E+17
0.047470094 2.45E+17
0.047523839 2.45E+17
0.05720521  2.45E+17
0.090944907 2.45E+17
0.091269723 2.45E+17
0.134671248 2.45E+17
0.134671811 2.45E+17
0.135009412 2.45E+17
0.135029928 2.45E+17
0.135466843 2.45E+17
0.143532633 2.45E+17
0.177944136 2.45E+17
0.196634663 2.45E+17
0.204594869 2.45E+17
0.214207855 2.45E+17
0.218111044 2.45E+17
0.219010426 2.45E+17
0.228414495 2.45E+17
0.228897385 2.45E+17
0.259267977 2.45E+17
0.304926878 2.45E+17
0.305189365 2.45E+17
0.305191337 2.45E+17
0.305227654 2.45E+17
0.305468219 2.45E+17
0.305469304 2.45E+17
0.345336419 2.45E+17
0.380489452 2.45E+17
0.380738516 2.45E+17
0.385340305 2.45E+17
0.38535401  2.45E+17
0.385367566 2.45E+17
0.38558234  2.45E+17
0.385582372 2.45E+17
0.385606478 2.45E+17
0.445548839 2.45E+17
0.505462936 2.45E+17
0.505509964 2.45E+17
0.505509996 2.45E+17
0.505716849 2.45E+17
0.505717061 2.45E+17
0.505743713 2.45E+17
0.505743943 2.45E+17
0.505769604 2.45E+17
0.542744137 2.45E+17
0.579828255 2.45E+17
0.624430428 2.45E+17
0.669032601 2.45E+17
0.713634775 2.45E+17
0.758236948 2.45E+17
0.802839122 2.45E+17
0.847441295 2.45E+17
0.892043469 2.45E+17
0.936645642 2.45E+17
0.981247815 2.45E+17
1.025849989 2.45E+17
1.092396497 2.45E+17
1.092396539 2.45E+17
1.09240307  2.45E+17
1.092403113 2.45E+17
1.092409859 2.45E+17
1.092554134 2.45E+17
1.092554156 2.45E+17
1.09256611  2.45E+17
1.140272379 2.45E+17
1.187946654 2.45E+17
1.187946676 2.45E+17
1.187960286 2.45E+17
1.187960306 2.45E+17
1.187974193 2.45E+17
1.188188658 2.45E+17
1.188213476 2.45E+17
1.188213486 2.45E+17
1.249209831 2.45E+17
1.310185651 2.45E+17
1.310193348 2.45E+17
1.310193359 2.45E+17
1.310485149 2.45E+17
1.310485157 2.45E+17
1.310489528 2.45E+17
1.310489537 2.45E+17
1.310493961 2.45E+17
1.356649952 2.45E+17
1.402841801 2.45E+17
1.40284181  2.45E+17
1.4028502   2.45E+17
1.403022644 2.45E+17
1.403022693 2.45E+17
1.403028094 2.45E+17
1.471871723 2.45E+17
1.516473897 2.45E+17
1.56107607  2.45E+17
1.606013619 2.45E+17
1.650923555 2.45E+17
1.650923585 2.45E+17
1.650931271 2.45E+17
1.650936859 2.45E+17
1.65096947  2.45E+17
1.650977562 2.45E+17
1.650986088 2.45E+17
1.691541223 2.45E+17
1.731657318 2.45E+17
1.731658608 2.45E+17
1.731699348 2.45E+17
1.7323888   2.45E+17
1.732437328 2.45E+17
1.734618341 2.45E+17
1.73464065  2.45E+17
1.780931924 2.45E+17
1.780958061 2.45E+17
1.794346558 2.45E+17
1.794607658 2.45E+17
1.794946374 2.45E+17
1.813922297 2.45E+17
1.828423711 2.45E+17
1.838285069 2.45E+17
1.845215967 2.45E+17
1.85455427  2.45E+17
1.861207548 2.45E+17
1.882270693 2.45E+17
1.885527906 2.45E+17
1.892405115 2.45E+17
1.907586821 2.44E+17
1.911694026 2.44E+17
1.919142569 2.44E+17
1.925843362 2.43E+17
1.938449445 2.43E+17
1.943931101 2.42E+17
1.961635051 2.39E+17
1.963213172 2.39E+17
1.972424775 2.37E+17
1.976037052 2.36E+17
1.990553985 2.32E+17
1.991990632 2.32E+17
2   2.30E+17
2.008928571 2.02E+17
2.017857143 1.77E+17
2.026785714 1.55E+17
2.035714286 1.34E+17
2.044642857 1.16E+17
2.053571429 1.00E+17
2.0625  8.66E+16
2.071428571 7.52E+16
2.080357143 6.56E+16
2.089285714 5.76E+16
2.098214286 5.07E+16
2.107142857 4.48E+16
2.116071429 3.98E+16
2.125   3.57E+16
2.133928571 3.20E+16
2.142857143 2.89E+16
2.151785714 2.61E+16
2.160714286 2.38E+16
2.169642857 2.17E+16
2.178571429 1.98E+16
2.1875  1.82E+16
2.196428571 1.68E+16
2.205357143 1.55E+16
2.214285714 1.44E+16
2.223214286 1.34E+16
2.232142857 1.25E+16
2.241071429 1.16E+16
2.25    1.09E+16
2.258928571 1.02E+16
2.267857143 9.61E+15
2.276785714 8.99E+15
2.285714286 8.47E+15
2.294642857 8.05E+15
2.303571429 7.55E+15
2.3125  7.15E+15
2.321428571 6.84E+15
2.330357143 6.45E+15
2.339285714 6.15E+15
2.348214286 5.86E+15
2.357142857 5.57E+15
2.366071429 5.36E+15
2.375   5.08E+15
2.383928571 4.88E+15
2.392857143 4.68E+15
2.410714286 4.29E+15
2.428571429 3.98E+15
2.446428571 3.68E+15
2.464285714 3.39E+15
2.482142857 3.17E+15
2.5 2.95E+15
2.517857143 2.75E+15
2.535714286 2.59E+15
2.553571429 2.45E+15
2.571428571 2.31E+15
2.589285714 2.17E+15
2.598214286 2.12E+15
2.607142857 2.03E+15
2.616071429 1.99E+15
2.625   1.95E+15
2.633928571 1.90E+15
2.642857143 1.86E+15
2.651785714 1.78E+15
2.660714286 1.74E+15
2.669642857 1.69E+15
2.678571429 1.66E+15
2.6875  1.62E+15
2.696428571 1.58E+15
2.705357143 1.54E+15
2.714285714 1.50E+15
2.723214286 1.47E+15
2.732142857 1.47E+15
2.741071429 1.42E+15
2.75    1.39E+15
2.758928571 1.35E+15
2.767857143 1.32E+15
2.776785714 1.28E+15
2.785714286 1.28E+15
2.794642857 1.25E+15
2.803571429 1.21E+15
2.8125  1.18E+15
2.821428571 1.18E+15
2.830357143 1.15E+15
2.839285714 1.12E+15
2.848214286 1.12E+15
2.857142857 1.08E+15
2.866071429 1.06E+15
2.875   1.06E+15
2.883928571 1.02E+15
2.892857143 1.02E+15
2.901785714 9.94E+14
2.910714286 9.59E+14
2.919642857 9.59E+14
2.928571429 9.32E+14
2.9375  9.32E+14
2.946428571 9.06E+14
2.955357143 9.06E+14
2.964285714 8.71E+14
2.973214286 8.70E+14
2.982142857 8.44E+14
3   8.17E+14
3.017857143 7.91E+14
3.035714286 7.64E+14
3.053571429 7.64E+14
3.071428571 7.37E+14
3.089285714 7.11E+14
3.107142857 6.84E+14
3.125   6.66E+14
3.142857143 6.66E+14
3.160714286 6.39E+14
3.178571429 6.12E+14
3.1875  6.12E+14
3.196428571 6.12E+14
3.205357143 5.94E+14
3.214285714 5.94E+14
3.223214286 5.94E+14
3.232142857 5.68E+14
3.241071429 5.67E+14
3.25    5.67E+14
3.258928571 5.50E+14
3.267857143 5.49E+14
3.276785714 5.49E+14
3.285714286 5.49E+14
3.294642857 5.23E+14
3.303571429 5.22E+14
3.3125  5.22E+14
3.321428571 5.05E+14
3.330357143 5.04E+14
3.339285714 5.04E+14
3.348214286 5.04E+14
3.357142857 4.86E+14
3.366071429 4.86E+14
3.375   4.86E+14
3.383928571 4.86E+14
3.392857143 4.59E+14
3.401785714 4.59E+14
3.410714286 4.59E+14
3.419642857 4.59E+14
3.428571429 4.41E+14
3.4375  4.41E+14
3.446428571 4.41E+14
3.455357143 4.41E+14
3.464285714 4.41E+14
3.473214286 4.23E+14
3.482142857 4.23E+14
3.491071429 4.23E+14
3.5 4.23E+14
3.508928571 4.05E+14
3.517857143 4.05E+14
3.526785714 4.04E+14
3.535714286 4.04E+14
3.544642857 4.04E+14
3.553571429 3.86E+14
3.5625  3.86E+14
3.571428571 3.86E+14
3.589285714 3.86E+14
3.607142857 3.68E+14
3.625   3.68E+14
3.642857143 3.67E+14
3.660714286 3.50E+14
3.678571429 3.49E+14
3.696428571 3.49E+14
3.714285714 3.31E+14
3.732142857 3.31E+14
3.75    3.31E+14
3.767857143 3.22E+14
3.776785714 3.21E+14
3.785714286 3.21E+14
3.794642857 3.21E+14
3.803571429 3.21E+14
3.8125  3.21E+14
3.821428571 3.03E+14
3.830357143 3.03E+14
3.839285714 3.03E+14
3.848214286 3.03E+14
3.857142857 3.03E+14
3.866071429 3.03E+14
3.875   3.02E+14
3.883928571 3.02E+14
3.892857143 2.85E+14
3.901785714 2.84E+14
3.910714286 2.84E+14
3.919642857 2.84E+14
3.928571429 2.84E+14
3.9375  2.84E+14
3.946428571 2.84E+14
3.955357143 2.75E+14
3.964285714 2.75E+14
3.973214286 2.75E+14
3.982142857 2.75E+14
3.991071429 2.74E+14
4   2.74E+14
4.008928571 2.74E+14
4.017857143 2.74E+14
4.026785714 2.74E+14
4.035714286 2.56E+14
4.044642857 2.56E+14
4.053571429 2.56E+14
4.0625  2.56E+14
4.071428571 2.56E+14
4.080357143 2.56E+14
4.089285714 2.55E+14
4.098214286 2.55E+14
4.107142857 2.55E+14
4.116071429 2.46E+14
4.125   2.46E+14
4.133928571 2.46E+14
4.142857143 2.46E+14
4.151785714 2.46E+14
4.160714286 2.46E+14
4.169642857 2.46E+14
4.178571429 2.46E+14
4.1875  2.45E+14
4.196428571 2.45E+14
4.205357143 2.28E+14
4.214285714 2.27E+14
4.223214286 2.27E+14
4.232142857 2.27E+14
4.241071429 2.27E+14
4.25    2.27E+14
4.258928571 2.27E+14
4.267857143 2.27E+14
4.276785714 2.27E+14
4.285714286 2.27E+14
4.294642857 2.26E+14
4.303571429 2.17E+14
4.3125  2.17E+14
4.321428571 2.17E+14
4.330357143 2.17E+14
4.339285714 2.17E+14
4.348214286 2.17E+14
4.357142857 2.17E+14
4.366071429 2.17E+14
4.375   2.17E+14
4.383928571 2.17E+14
4.392857143 2.16E+14
4.401785714 2.08E+14
4.410714286 2.07E+14
4.419642857 2.07E+14
4.428571429 2.07E+14
4.4375  2.07E+14
4.446428571 2.07E+14
4.455357143 2.07E+14
4.464285714 2.07E+14
4.473214286 2.07E+14
4.482142857 2.07E+14
4.491071429 2.07E+14
4.5 2.06E+14
4.508928571 2.06E+14
4.517857143 1.89E+14
4.526785714 1.88E+14
4.535714286 1.88E+14
4.544642857 1.88E+14
4.553571429 1.88E+14
4.5625  1.88E+14
4.571428571 1.88E+14
4.580357143 1.88E+14
4.589285714 1.88E+14
4.598214286 1.88E+14
4.607142857 1.88E+14
4.616071429 1.87E+14
4.625   1.87E+14
4.633928571 1.87E+14
4.642857143 1.78E+14
4.651785714 1.78E+14
4.660714286 1.78E+14
4.669642857 1.78E+14
4.678571429 1.78E+14
4.6875  1.78E+14
4.696428571 1.78E+14
4.705357143 1.78E+14
4.714285714 1.78E+14
4.723214286 1.78E+14
4.732142857 1.77E+14
4.741071429 1.77E+14
4.75    1.77E+14
4.758928571 1.77E+14
4.767857143 1.77E+14
4.776785714 1.77E+14
4.785714286 1.68E+14
4.794642857 1.68E+14
4.803571429 1.68E+14
4.8125  1.68E+14
4.821428571 1.68E+14
4.830357143 1.68E+14
4.839285714 1.68E+14
4.848214286 1.67E+14
4.857142857 1.67E+14
4.866071429 1.67E+14
4.875   1.67E+14
4.883928571 1.67E+14
4.892857143 1.67E+14
4.901785714 1.67E+14
4.910714286 1.67E+14
4.919642857 1.67E+14
4.928571429 1.67E+14
4.9375  1.58E+14
4.946428571 1.58E+14
4.964285714 1.58E+14
4.982142857 1.57E+14
5   1.57E+14
5.017857143 1.57E+14
5.035714286 1.57E+14
5.053571429 1.57E+14
5.071428571 1.57E+14
5.089285714 1.56E+14
5.107142857 1.47E+14
5.125   1.47E+14
5.142857143 1.47E+14
5.151785714 1.47E+14
5.160714286 1.47E+14
5.169642857 1.47E+14
5.178571429 1.47E+14
5.1875  1.47E+14
5.196428571 1.47E+14
5.205357143 1.47E+14
5.214285714 1.46E+14
5.223214286 1.46E+14
5.232142857 1.46E+14
5.241071429 1.46E+14
5.25    1.46E+14
5.258928571 1.46E+14
5.267857143 1.46E+14
5.276785714 1.46E+14
5.285714286 1.46E+14
5.294642857 1.46E+14
5.303571429 1.37E+14
5.3125  1.37E+14
5.321428571 1.37E+14
5.330357143 1.37E+14
5.339285714 1.37E+14
5.348214286 1.36E+14
5.357142857 1.36E+14
5.366071429 1.36E+14
5.375   1.36E+14
5.383928571 1.36E+14
5.392857143 1.36E+14
5.401785714 1.36E+14
5.410714286 1.36E+14
5.419642857 1.36E+14
5.428571429 1.36E+14
5.4375  1.36E+14
5.446428571 1.36E+14
5.455357143 1.36E+14
5.464285714 1.36E+14
5.473214286 1.35E+14
5.482142857 1.35E+14
5.491071429 1.35E+14
5.5 1.35E+14
5.508928571 1.35E+14
5.517857143 1.35E+14
5.526785714 1.26E+14
5.535714286 1.26E+14
5.553571429 1.26E+14
5.571428571 1.26E+14
5.589285714 1.26E+14
5.607142857 1.26E+14
5.625   1.25E+14
5.642857143 1.25E+14
5.660714286 1.25E+14
5.678571429 1.25E+14
5.696428571 1.25E+14
5.714285714 1.25E+14
5.732142857 1.25E+14
5.75    1.25E+14
5.767857143 1.24E+14
5.785714286 1.15E+14
5.803571429 1.15E+14
5.821428571 1.15E+14
5.839285714 1.15E+14
5.857142857 1.15E+14
5.875   1.15E+14
5.892857143 1.15E+14
5.910714286 1.15E+14
5.928571429 1.15E+14
5.946428571 1.14E+14
5.964285714 1.14E+14
5.982142857 1.14E+14
6   1.14E+14
6.017857143 1.14E+14
6.035714286 1.14E+14
6.053571429 1.14E+14
6.071428571 1.14E+14
6.089285714 1.14E+14
6.107142857 1.13E+14
6.125   1.13E+14
6.142857143 1.13E+14
6.160714286 1.13E+14
6.178571429 1.13E+14
6.196428571 1.13E+14
6.214285714 1.13E+14
6.232142857 1.13E+14
6.25    1.13E+14
6.267857143 1.12E+14
6.285714286 1.12E+14
6.303571429 1.12E+14
6.321428571 1.12E+14
6.330357143 1.12E+14
6.339285714 1.12E+14
6.348214286 1.12E+14
6.357142857 1.12E+14
6.366071429 1.12E+14
6.375   1.12E+14
6.383928571 1.12E+14
6.392857143 1.12E+14
6.401785714 1.03E+14
6.410714286 1.03E+14
6.419642857 1.03E+14
6.428571429 1.03E+14
6.4375  1.03E+14
6.446428571 1.03E+14
6.455357143 1.02E+14
6.464285714 1.02E+14
6.473214286 1.02E+14
6.482142857 1.02E+14
6.491071429 1.02E+14
6.5 1.02E+14
6.508928571 1.02E+14
6.517857143 1.02E+14
6.526785714 1.02E+14
6.535714286 1.02E+14
6.544642857 1.02E+14
6.553571429 1.02E+14
6.5625  1.02E+14
6.571428571 1.02E+14
6.580357143 1.02E+14
6.589285714 1.02E+14
6.598214286 1.02E+14
6.607142857 1.02E+14
6.616071429 1.02E+14
6.625   1.02E+14
6.633928571 1.02E+14
6.642857143 1.01E+14
6.651785714 1.01E+14
6.660714286 1.01E+14
6.669642857 1.01E+14
6.678571429 1.01E+14
6.6875  1.01E+14
6.696428571 1.01E+14
6.705357143 1.01E+14
6.714285714 1.01E+14
6.723214286 1.01E+14
6.732142857 1.01E+14
6.741071429 1.01E+14
6.75    1.01E+14
6.758928571 1.01E+14
6.767857143 1.01E+14
6.776785714 1.01E+14
6.785714286 1.01E+14
6.794642857 1.01E+14
6.803571429 9.18E+13
6.8125  9.18E+13
6.821428571 9.17E+13
6.830357143 9.16E+13
6.839285714 9.16E+13
6.848214286 9.16E+13
6.857142857 9.15E+13
6.866071429 9.15E+13
6.875   9.14E+13
6.883928571 9.14E+13
6.892857143 9.13E+13
6.901785714 9.13E+13
6.910714286 9.12E+13
6.919642857 9.12E+13
6.928571429 9.12E+13
6.9375  9.11E+13
6.946428571 9.10E+13
6.955357143 9.10E+13
6.964285714 9.10E+13
6.973214286 9.09E+13
6.982142857 9.09E+13
6.991071429 9.08E+13
7   9.08E+13
7.008928571 9.08E+13
7.017857143 9.07E+13
7.026785714 9.06E+13
7.035714286 9.06E+13
7.044642857 9.06E+13
7.053571429 9.05E+13
7.0625  9.05E+13
7.071428571 9.04E+13
7.080357143 9.04E+13
7.089285714 9.04E+13
7.098214286 9.03E+13
7.107142857 9.03E+13
7.116071429 9.02E+13
7.125   9.01E+13
7.133928571 9.01E+13
7.142857143 9.01E+13
7.151785714 9.01E+13
7.160714286 9.00E+13
7.169642857 8.99E+13
7.178571429 8.99E+13
7.1875  8.99E+13
7.196428571 8.98E+13
7.205357143 8.98E+13
7.214285714 8.97E+13
7.223214286 8.97E+13
7.232142857 8.97E+13
7.241071429 8.96E+13
7.25    8.96E+13
7.258928571 8.95E+13
7.267857143 8.95E+13
7.276785714 8.94E+13
7.285714286 8.94E+13
7.294642857 8.93E+13
7.303571429 8.93E+13
7.3125  8.93E+13
7.321428571 8.92E+13
7.330357143 8.92E+13
7.339285714 8.91E+13
7.348214286 8.91E+13
7.357142857 8.90E+13
7.366071429 8.90E+13
7.375   8.90E+13
7.383928571 8.89E+13
7.392857143 8.89E+13
7.401785714 8.88E+13
7.410714286 8.87E+13
7.419642857 8.87E+13
7.428571429 8.87E+13
7.4375  8.86E+13
7.446428571 8.86E+13
7.455357143 8.86E+13
7.464285714 8.85E+13
7.473214286 8.84E+13
7.482142857 8.84E+13
7.491071429 8.83E+13
7.5 8.83E+13
7.518394113 8.82E+13
7.536788225 8.81E+13
7.555182338 8.80E+13
7.573576451 8.79E+13
7.591970564 8.78E+13
7.610364676 8.77E+13
7.628758789 8.76E+13
7.647152902 8.75E+13
7.665547015 8.74E+13
7.683941127 8.73E+13
7.70233524  8.73E+13
7.723576719 8.72E+13
7.744818198 8.70E+13
7.766059676 8.69E+13
7.787301155 8.68E+13
7.808542634 8.67E+13
7.829784113 8.65E+13
7.851025592 8.64E+13
7.87226707  7.75E+13
7.893508549 7.73E+13
7.914750028 7.72E+13
7.935991507 7.70E+13
7.960515824 7.69E+13
7.985040142 7.68E+13
8.00956446  7.66E+13
8.034088778 7.64E+13
8.058613095 7.63E+13
8.083137413 7.61E+13
8.107661731 7.59E+13
8.132186048 7.58E+13
8.156710366 7.56E+13
8.181234684 7.54E+13
8.205759002 7.53E+13
8.234073511 7.50E+13
8.262388021 7.48E+13
8.290702531 7.46E+13
8.319017041 7.44E+13
8.34733155  7.41E+13
8.37564606  7.39E+13
8.40396057  7.36E+13
8.43227508  7.34E+13
8.460589589 7.31E+13
8.488904099 7.29E+13
8.517218609 7.26E+13
8.549909076 7.23E+13
8.582599544 7.19E+13
8.615290011 7.16E+13
8.647980478 7.12E+13
8.680670946 7.08E+13
8.713361413 7.04E+13
8.74605188  7.00E+13
8.778742348 6.96E+13
8.811432815 6.92E+13
8.844123282 6.88E+13
8.87681375  6.83E+13
8.914556468 6.77E+13
8.952299187 6.72E+13
8.990041906 6.66E+13
9.027784625 6.60E+13
9.065527343 6.53E+13
9.103270062 6.47E+13
9.141012781 6.40E+13
9.1787555   6.33E+13
9.216498218 6.26E+13
9.254240937 6.19E+13
9.291983656 6.12E+13
9.335559439 6.03E+13
9.379135222 5.94E+13
9.422711006 5.86E+13
9.466286789 5.79E+13
9.509862572 5.71E+13
9.553438356 4.76E+13
9.597014139 4.68E+13
9.640589922 4.60E+13
9.684165705 4.52E+13
9.727741489 4.45E+13
9.771317272 4.37E+13
9.81942346  4.28E+13
9.867529648 4.20E+13
9.915635836 4.11E+13
9.963742024 4.03E+13
10.01184821 3.95E+13
10.0599544  3.86E+13
10.10806059 3.78E+13
10.15616678 3.69E+13
10.20427296 3.62E+13
10.25237915 3.54E+13
10.30048534 3.47E+13
10.35225415 3.39E+13
10.40402296 3.31E+13
10.45579177 3.23E+13
10.50756057 3.16E+13
10.55932938 3.10E+13
10.61109819 3.03E+13
10.662867   2.97E+13
10.71463581 2.91E+13
10.76640462 2.86E+13
10.81817342 2.80E+13
10.86994223 2.76E+13
10.92983577 2.70E+13
10.98972931 2.65E+13
11.04962285 2.60E+13
11.10951639 2.56E+13
11.16940993 2.52E+13
11.22930347 2.48E+13
11.289197   2.45E+13
11.34909054 2.41E+13
11.40898408 2.38E+13
11.46887762 2.35E+13
11.52877116 2.33E+13
11.59819805 2.29E+13
11.66762494 2.27E+13
11.73705182 2.24E+13
11.80647871 2.21E+13
11.8759056  2.19E+13
11.94533249 2.16E+13
12.01475938 2.14E+13
12.08418627 2.11E+13
12.15361316 2.09E+13
12.22304004 2.07E+13
12.29246693 2.05E+13
12.37294521 2.03E+13
12.45342349 2.00E+13
12.53390176 1.98E+13
12.61438004 1.96E+13
12.69485832 1.94E+13
12.77533659 1.92E+13
12.85581487 1.90E+13
12.93629315 1.88E+13
13.01677142 1.86E+13
13.0972497  1.84E+13
13.17772797 1.82E+13
13.27101729 1.80E+13
13.36430661 1.79E+13
13.45759593 1.77E+13
13.55088525 1.75E+13
13.64417456 1.74E+13
13.73746388 1.72E+13
13.8307532  1.71E+13
13.92404252 1.70E+13
14.01733184 1.69E+13
14.11062115 1.68E+13
14.20391047 1.67E+13
14.31205057 1.65E+13
14.42019068 1.65E+13
14.52833078 1.64E+13
14.63647089 1.63E+13
14.74461099 1.62E+13
14.85275109 1.61E+13
14.9608912  1.60E+13
15.0690313  1.59E+13
15.17717141 1.59E+13
15.28531151 6.95E+12
15.39345162 6.89E+12
15.51880694 6.82E+12
15.64416227 6.76E+12
15.7695176  6.69E+12
15.89487292 6.64E+12
16.02022825 6.59E+12
16.14558358 6.52E+12
16.27093891 6.49E+12
16.39629423 6.43E+12
16.52164956 6.39E+12
16.64700489 6.35E+12
16.77236022 6.31E+12
16.91767159 6.26E+12
17.06298297 6.23E+12
17.20829435 6.16E+12
17.35360573 6.14E+12
17.4989171  6.11E+12
17.64422848 6.07E+12
17.78953986 6.04E+12
17.93485123 6.01E+12
18.08016261 5.99E+12
18.22547399 5.95E+12
18.37078537 5.93E+12
18.53922994 5.90E+12
18.70767451 5.86E+12
18.87611908 5.84E+12
19.04456365 5.81E+12
19.21300822 5.79E+12
19.38145279 5.76E+12
19.54989736 5.73E+12
19.71834193 5.72E+12
19.8867865  5.71E+12
20.05523107 5.67E+12
20.22367565 5.65E+12
20.41893634 5.63E+12
20.61419703 5.61E+12
20.80945772 5.58E+12
21.00471841 5.56E+12
21.1999791  5.55E+12
21.39523979 5.53E+12
21.59050047 5.51E+12
21.78576116 5.50E+12
21.98102185 5.47E+12
22.17628254 5.45E+12
22.37154323 5.44E+12
22.59788044 5.43E+12
22.82421764 5.41E+12
23.05055484 5.38E+12
23.27689204 5.36E+12
23.50322924 5.36E+12
23.72956644 5.33E+12
23.95590364 5.32E+12
24.18224085 5.31E+12
24.40857805 5.29E+12
24.63491525 5.27E+12
24.86125245 5.26E+12
25.12333027 5.23E+12
25.38540809 5.22E+12
25.64748591 5.21E+12
25.90956372 5.19E+12
26.17164154 5.18E+12
26.43371936 5.15E+12
26.69579718 5.14E+12
26.957875   5.13E+12
27.21995281 5.12E+12
27.48203063 5.10E+12
27.74410845 5.09E+12
28.04692543 5.07E+12
28.3497424  5.05E+12
28.65255938 5.03E+12
28.95537635 5.02E+12
29.25819333 5.00E+12
29.5610103  4.99E+12
29.86382728 4.97E+12
30.16664425 4.95E+12
30.46946123 4.94E+12
30.7722782  4.93E+12
31.07509518 4.91E+12
31.42457651 4.89E+12
31.77405784 4.87E+12
32.12353917 4.85E+12
32.4730205  4.84E+12
32.82250183 4.82E+12
33.17198316 4.80E+12
33.52146448 4.79E+12
33.87094581 4.77E+12
34.22042714 4.76E+12
34.56990847 4.74E+12
34.9193898  4.72E+12
35.31796068 4.70E+12
35.71653156 4.68E+12
36.11510244 4.66E+12
36.51367331 4.64E+12
36.91224419 4.63E+12
37.31081507 4.61E+12
37.70938595 4.59E+12
38.10795683 4.57E+12
38.50652771 4.55E+12
38.90509858 4.53E+12
39.30366946 4.52E+12
39.73398826 4.49E+12
40.16430706 4.47E+12
40.59462586 4.45E+12
41.02494466 4.44E+12
41.45526345 4.42E+12
41.88558225 4.40E+12
42.31590105 4.38E+12
42.74621985 4.37E+12
43.17653865 4.35E+12
43.60685744 4.33E+12
44.03717624 4.32E+12
44.47655818 4.31E+12
44.91594011 4.30E+12
45.35532204 4.29E+12
45.79470397 4.28E+12
46.23408591 4.27E+12
46.67346784 4.26E+12
47.11284977 4.24E+12
47.5522317  4.24E+12
47.99161364 4.23E+12
48.43099557 4.22E+12
48.8703775  4.22E+12
49.28538537 4.21E+12
49.70039324 4.21E+12
50.1154011  4.20E+12
50.53040897 4.19E+12
50.94541683 4.19E+12
51.3604247  4.18E+12
51.77543257 4.18E+12
52.19044043 4.17E+12
52.6054483  4.17E+12
53.02045617 4.17E+12
53.43546403 4.17E+12
53.8012456  4.16E+12
54.16702716 4.16E+12
54.53280872 4.16E+12
54.89859028 4.16E+12
55.26437184 4.16E+12
55.63015341 4.15E+12
55.99593497 4.15E+12
56.36171653 4.15E+12
56.72749809 4.15E+12
57.09327965 4.15E+12
57.45906121 4.15E+12
57.77461144 4.15E+12
58.09016166 4.14E+12
58.40571188 4.14E+12
58.72126211 4.14E+12
59.03681233 4.13E+12
59.35236255 4.13E+12
59.66791277 4.13E+12
59.983463   4.13E+12
60.29901322 4.13E+12
60.61456344 4.13E+12
60.93011367 4.13E+12
61.20229378 4.13E+12
61.4744739  4.13E+12
61.74665401 4.13E+12
62.01883413 4.13E+12
62.29101424 4.13E+12
62.56319436 4.13E+12
62.83537447 4.13E+12
63.10755459 4.13E+12
63.3797347  4.13E+12
63.65191481 4.13E+12
63.92409493 4.12E+12
64.15889684 4.12E+12
64.39369874 4.12E+12
64.62850065 4.12E+12
64.86330256 4.12E+12
65.09810447 4.12E+12
65.33290637 4.12E+12
65.56770828 4.12E+12
65.80251019 4.12E+12
66.03731209 4.12E+12
66.272114   4.12E+12
66.50691591 4.12E+12
66.70947368 4.12E+12
66.91203145 4.12E+12
67.11458922 4.12E+12
67.31714699 4.12E+12
67.51970477 4.12E+12
67.72226254 4.12E+12
67.92482031 4.12E+12
68.12737808 4.12E+12
68.32993585 4.12E+12
68.53249362 4.12E+12
68.7350514  4.12E+12
68.90979347 4.12E+12
69.08453555 4.12E+12
69.25927763 4.12E+12
69.43401971 4.12E+12
69.60876179 4.12E+12
69.78350387 4.12E+12
69.95824595 4.12E+12
70.13298803 4.12E+12
70.30773011 4.12E+12
70.48247219 4.12E+12
70.65721427 4.12E+12
70.80796099 4.12E+12
70.95870771 4.12E+12
71.10945444 4.12E+12
71.26020116 4.12E+12
71.41094788 4.11E+12
71.56169461 4.11E+12
71.71244133 4.11E+12
71.86318805 4.11E+12
72.01393477 4.11E+12
72.1646815  4.11E+12
72.31542822 4.11E+12
72.44547534 4.11E+12
72.57552246 4.11E+12
72.70556958 4.11E+12
72.8356167  4.11E+12
72.96566383 4.11E+12
73.09571095 4.11E+12
73.22575807 4.11E+12
73.35580519 4.10E+12
73.48585231 4.10E+12
73.61589943 4.10E+12
73.74594655 4.10E+12
73.8582277  4.10E+12
73.97050886 4.09E+12
74.08279001 4.09E+12
74.19507116 4.09E+12
74.30735231 4.09E+12
74.41963347 4.08E+12
74.53191462 4.08E+12
74.64419577 4.08E+12
74.75647692 4.07E+12
74.86875808 4.07E+12
74.98103923 4.07E+12
75.07855653 4.06E+12
75.17607383 4.06E+12
75.27359113 4.05E+12
75.37110843 4.05E+12
75.46862573 4.04E+12
75.56614302 4.03E+12
75.66366032 4.03E+12
75.76117762 4.02E+12
75.85869492 4.01E+12
75.95621222 4.00E+12
76.05372952 3.99E+12
76.13905231 3.98E+12
76.2243751  3.97E+12
76.30969789 3.95E+12
76.39502068 3.94E+12
76.48034347 3.92E+12
76.56566626 3.91E+12
76.65098905 3.89E+12
76.73631184 3.87E+12
76.82163463 3.84E+12
76.90695742 3.82E+12
76.99228021 3.79E+12
77.0681959  3.76E+12
77.1441116  3.73E+12
77.2200273  3.69E+12
77.295943   3.66E+12
77.3718587  3.62E+12
77.4477744  3.57E+12
77.5236901  3.52E+12
77.5996058  3.46E+12
77.6755215  3.40E+12
77.7514372  3.33E+12
77.8273529  3.25E+12
77.89759355 3.18E+12
77.96783419 3.09E+12
78.03807484 3.00E+12
78.10831548 2.90E+12
78.17855613 2.80E+12
78.24879677 2.69E+12
78.31903742 2.57E+12
78.38927806 2.44E+12
78.45951871 2.31E+12
78.52975935 2.18E+12
78.6    2.05E+12
