# configuration
number_of_params =  4
geometry_groups = 112
energy_groups =  5
beam_energy = 1097
energy_range = 0, 250, 750, 1500
# data
params
hx2_0_0    -4.64e+02  -3.41e-01  2.46e-02   1.04e-01   9.84e-01
hx2_0_1    -1.69e+02  -4.27e-01  5.79e-02   -1.24e-01  9.98e-01
hx2_0_2    -6.10e+02  -4.30e-01  5.07e-02   2.28e-02   9.55e-01
hx2_0_3    -6.65e+02  -4.15e-01  4.70e-02   2.42e-02   9.47e-01
hx2_0_4    5.80e-02   -3.01e-01  3.03e-02   -8.36e+02  9.77e-01
hx2_1_0    9.27e-03   -3.27e-01  4.27e-02   -3.13e+03  9.83e-01
hx2_1_1    -8.70e+01  -5.19e-01  8.59e-02   -1.97e-01  9.98e-01
hx2_1_2    -4.49e+02  -4.48e-01  5.28e-02   1.80e-02   9.61e-01
hx2_1_3    -4.26e+02  -4.47e-01  5.24e-02   2.22e-02   9.61e-01
hx2_1_4    -2.83e+02  -1.67e-01  2.23e-02   2.84e-01   9.80e-01
hx2_2_0    -2.24e+02  -1.70e-01  2.28e-02   2.71e-01   9.85e-01
hx2_2_1    -1.07e+02  -4.94e-01  7.66e-02   -1.84e-01  1.01e+00
hx2_2_2    -1.41e+00  -1.30e+01  3.56e+00   9.96e-03   9.85e-01
hx2_2_3    -2.34e+01  -1.00e+00  2.09e-01   1.87e-02   9.80e-01
hx2_2_4    -2.16e+02  -1.72e-01  2.61e-02   2.81e-01   9.83e-01
hx2_3_0    6.87e-02   -3.72e-01  5.28e-02   -2.78e+02  9.87e-01
hx2_3_1    -2.26e+02  -4.38e-01  5.73e-02   -9.74e-02  9.97e-01
hx2_3_2    -2.05e+02  -3.84e-01  4.91e-02   5.54e-03   9.83e-01
hx2_3_3    -2.35e+02  -3.85e-01  4.70e-02   1.27e-02   9.78e-01
hx2_3_4    -2.13e+02  -1.70e-01  2.32e-02   2.72e-01   9.85e-01
hx2_4_0    4.01e-02   -3.57e-01  4.77e-02   -5.29e+02  9.87e-01
hx2_4_1    -1.01e+02  -4.61e-01  6.79e-02   -1.71e-01  9.98e-01
hx2_4_2    -5.07e-04  5.55e+01   1.28e+01   -4.89e+01  9.81e-01
hx2_4_3    -4.33e-04  6.09e+01   1.20e+01   -5.53e+01  9.81e-01
hx2_4_4    5.01e-02   -3.60e-01  5.08e-02   -4.65e+02  9.86e-01
hx2_5_0    7.10e-02   -3.51e-01  6.04e-02   -2.55e+02  9.87e-01
hx2_5_1    -3.16e+01  -5.45e-01  1.00e-01   -3.66e-01  1.00e+00
hx2_5_2    -1.18e+02  -4.98e-01  8.62e-02   1.79e-02   9.85e-01
hx2_5_3    -9.49e+01  -5.09e-01  9.46e-02   2.10e-02   9.84e-01
hx2_5_4    7.66e-02   -3.66e-01  6.49e-02   -2.60e+02  9.85e-01
hx2_6_0    -2.18e+02  -1.80e-01  2.53e-02   2.75e-01   9.83e-01
hx2_6_1    -8.69e+01  -5.37e-01  8.92e-02   -1.53e-01  9.91e-01
hx2_6_2    -7.10e+01  -5.88e-01  9.85e-02   1.29e-02   9.67e-01
hx2_6_3    -6.02e+01  -6.11e-01  1.05e-01   1.49e-02   9.63e-01
hx2_6_4    9.19e-02   -3.88e-01  5.97e-02   -2.75e+02  9.83e-01
hx2_7_0    7.05e-02   -3.71e-01  5.16e-02   -3.42e+02  9.85e-01
hx2_7_1    -1.03e+02  -4.55e-01  6.55e-02   -2.09e-01  1.00e+00
hx2_7_2    -3.24e+02  -3.84e-01  4.28e-02   1.76e-02   9.72e-01
hx2_7_3    -3.54e+02  -3.84e-01  4.19e-02   2.00e-02   9.72e-01
hx2_7_4    2.92e-02   2.53e+02   -1.11e+02  4.38e-01   9.82e-01
hx2_8_0    -4.76e+02  -4.35e-01  5.40e-02   5.79e-02   9.72e-01
hx2_8_1    -2.16e+02  -4.85e-01  7.52e-02   -5.99e-02  9.97e-01
hx2_8_2    -2.10e+02  -3.24e-01  1.55e-02   1.27e-01   9.69e-01
hx2_8_3    1.03e-02   -2.16e-01  1.19e-02   -2.33e+03  9.70e-01
hx2_8_4    -4.81e+02  -4.22e-01  4.94e-02   7.50e-02   9.70e-01
hx2_9_0    -4.26e+02  -3.17e-01  2.45e-02   1.32e-01   9.73e-01
hx2_9_1    -1.81e+02  -4.75e-01  6.96e-02   -5.17e-02  9.97e-01
hx2_9_2    -1.73e+02  -4.46e-01  5.26e-02   5.41e-02   9.80e-01
hx2_9_3    -1.50e+02  -4.74e-01  5.68e-02   6.80e-02   9.77e-01
hx2_9_4    -5.04e+02  -3.23e-01  2.49e-02   1.27e-01   9.56e-01
hx2_10_0   5.58e-02   -6.31e-01  1.10e-01   -1.09e+02  9.88e-01
hx2_10_1   -1.56e+01  -5.04e-01  9.44e-02   -6.79e-01  1.01e+00
hx2_10_2   5.89e+01   5.51e-02   -4.72e-03  2.34e-01   9.86e-01
hx2_10_3   7.29e+01   -2.98e-01  1.69e-02   -9.58e-02  9.86e-01
hx2_10_4   1.59e-02   -7.38e-01  1.84e-01   -3.09e+02  9.85e-01
hx2_11_0   -5.49e-01  -3.35e+00  4.19e+00   2.49e-01   9.93e-01
hx2_11_1   -6.55e+01  -4.46e-01  6.55e-02   -1.68e-01  1.00e+00
hx2_11_2   -3.34e-01  -1.67e+01  9.08e+00   1.72e-02   9.92e-01
hx2_11_3   -2.06e-01  -3.31e+01  1.63e+01   3.88e-02   9.93e-01
hx2_11_4   -2.77e-03  -2.52e+01  1.01e+01   2.84e+01   9.91e-01
hx2_12_0   1.79e-02   -6.73e-01  9.22e-02   -3.06e+02  9.94e-01
hx2_12_1   -5.29e-03  -2.51e+01  1.67e+01   -6.41e+00  1.00e+00
hx2_12_2   -2.07e-01  -2.03e+01  1.37e+01   6.59e-02   9.93e-01
hx2_12_3   -4.16e-01  -8.70e+00  6.42e+00   8.18e-02   9.93e-01
hx2_12_4   3.55e+01   -5.71e-01  9.78e-02   -2.36e-01  9.91e-01
hx2_13_0   -2.32e-01  -1.55e+00  3.28e-01   8.58e+00   9.93e-01
hx2_13_1   -2.27e+00  -3.03e-01  4.70e-02   -4.29e+00  1.00e+00
hx2_13_2   -1.95e+01  -2.96e-01  1.42e-01   9.30e-02   9.91e-01
hx2_13_3   -1.91e+01  -3.20e-01  1.50e-01   1.06e-01   9.93e-01
hx2_13_4   6.38e+01   -5.32e-01  8.43e-02   -1.55e-01  9.91e-01
hx2_14_0   -4.10e+01  -1.91e-01  5.96e-02   2.50e-01   9.93e-01
hx2_14_1   -1.40e+01  -5.07e-01  1.02e-01   -6.14e-01  1.00e+00
hx2_14_2   -4.02e-02  -1.59e+02  6.57e+01   7.64e-02   9.91e-01
hx2_14_3   -5.80e-02  -9.48e+01  4.21e+01   9.66e-02   9.92e-01
hx2_14_4   4.25e+01   -5.63e-01  9.47e-02   -1.93e-01  9.91e-01
hx2_15_0   3.53e+01   -4.53e-01  5.74e-02   -3.37e-01  9.92e-01
hx2_15_1   -8.30e-02  -1.04e+00  3.62e-01   -3.21e+01  1.00e+00
hx2_15_2   -5.99e+01  -2.65e-01  2.78e-02   1.14e-01   9.85e-01
hx2_15_3   1.90e-02   -9.92e-01  1.33e-01   -8.06e+01  9.85e-01
hx2_15_4   8.53e+01   -4.65e-01  6.55e-02   -1.57e-01  9.90e-01
hx2_16_0   -1.29e+02  -3.37e-01  4.12e-02   3.22e-01   9.79e-01
hx2_16_1   -2.46e-01  -1.44e+00  4.38e-01   -1.35e+01  1.00e+00
hx2_16_2   -4.44e+02  -4.48e-01  5.62e-02   3.13e-02   9.54e-01
hx2_16_3   -5.00e+02  -4.33e-01  5.22e-02   3.48e-02   9.49e-01
hx2_16_4   4.56e-01   -3.91e-01  4.80e-02   -8.94e+01  9.77e-01
hx2_17_0   -2.55e+02  -2.43e-01  2.82e-02   2.67e-01   9.80e-01
hx2_17_1   -8.39e-01  -8.87e-01  2.81e-01   -4.80e+00  1.00e+00
hx2_17_2   4.29e-02   -2.64e-01  2.13e-02   -5.88e+02  9.74e-01
hx2_17_3   4.23e-02   -2.70e-01  2.27e-02   -6.30e+02  9.74e-01
hx2_17_4   1.63e+00   -3.76e-01  4.61e-02   -2.60e+01  9.79e-01
hx2_18_0   -2.99e+02  -2.08e-01  2.21e-02   2.58e-01   9.81e-01
hx2_18_1   -1.13e+02  -4.48e-01  6.10e-02   -8.70e-02  1.00e+00
hx2_18_2   7.45e-03   -2.26e-01  1.21e-02   -2.32e+03  9.87e-01
hx2_18_3   -1.93e+02  -3.41e-01  2.13e-02   1.01e-01   9.87e-01
hx2_18_4   1.31e-01   -3.76e-01  4.73e-02   -2.78e+02  9.80e-01
hx2_19_0   4.10e-02   -3.60e-01  4.45e-02   -6.24e+02  9.86e-01
hx2_19_1   -1.67e+01  -6.20e-01  1.15e-01   -2.82e-01  1.00e+00
hx2_19_2   2.02e-01   -1.47e-01  1.48e-01   -9.59e+00  9.90e-01
hx2_19_3   8.18e-02   -1.77e-01  1.33e-01   -2.83e+01  9.90e-01
hx2_19_4   -1.85e-04  1.35e+02   -3.92e+01  -1.92e+02  9.81e-01
hx2_20_0   4.67e-02   -3.63e-01  4.57e-02   -6.18e+02  9.83e-01
hx2_20_1   -1.11e+02  -5.09e-01  7.45e-02   -3.61e-02  9.97e-01
hx2_20_2   2.43e-02   -2.16e-01  3.03e-02   -4.99e+02  9.90e-01
hx2_20_3   3.49e-02   -2.23e-01  3.70e-02   -2.92e+02  9.92e-01
hx2_20_4   6.92e-03   -4.30e-01  7.50e-02   -3.32e+03  9.81e-01
hx2_21_0   -2.51e+02  -1.97e-01  2.29e-02   2.73e-01   9.83e-01
hx2_21_1   -8.78e+01  -4.25e-01  5.54e-02   -7.09e-02  9.98e-01
hx2_21_2   5.34e-02   -2.18e-01  2.09e-02   -2.95e+02  9.89e-01
hx2_21_3   2.99e-02   -2.13e-01  2.26e-02   -5.13e+02  9.90e-01
hx2_21_4   1.84e-01   -4.12e-01  7.02e-02   -1.42e+02  9.80e-01
hx2_22_0   1.30e-01   -3.57e-01  4.31e-02   -2.61e+02  9.83e-01
hx2_22_1   -1.01e+02  -5.02e-01  7.08e-02   -2.99e-02  9.95e-01
hx2_22_2   7.34e-03   -1.89e-01  3.47e-02   -8.04e+02  9.85e-01
hx2_22_3   -2.66e+02  -3.19e-01  1.88e-02   7.80e-02   9.87e-01
hx2_22_4   1.20e-01   -3.78e-01  5.29e-02   -2.81e+02  9.80e-01
hx2_23_0   -4.05e+02  -3.57e-01  3.19e-02   8.12e-02   9.82e-01
hx2_23_1   -2.51e+02  -4.47e-01  5.72e-02   -2.47e-02  9.88e-01
hx2_23_2   2.03e-02   1.99e+03   -3.65e+02  5.72e-02   9.83e-01
hx2_23_3   8.14e-02   -2.39e-01  1.08e-02   -5.16e+02  9.84e-01
hx2_23_4   -4.43e+02  -3.32e-01  2.58e-02   1.24e-01   9.79e-01
hx2_24_0   2.16e-02   -3.09e-01  2.34e-02   -2.11e+03  9.75e-01
hx2_24_1   -8.82e+01  -5.19e-01  8.99e-02   -2.02e-01  9.94e-01
hx2_24_2   -3.82e+02  -4.41e-01  5.56e-02   2.90e-02   9.35e-01
hx2_24_3   -4.06e+02  -4.36e-01  5.40e-02   2.67e-02   9.40e-01
hx2_24_4   -3.00e+02  -2.21e-01  2.33e-02   2.88e-01   9.73e-01
hx2_25_0   1.44e-01   -3.80e-01  3.83e-02   -3.78e+02  9.75e-01
hx2_25_1   -1.24e+02  -4.51e-01  7.22e-02   -1.46e-01  9.96e-01
hx2_25_2   6.62e-02   -2.83e-01  1.79e-02   -3.20e+02  9.73e-01
hx2_25_3   -1.25e+02  -4.45e-01  4.77e-02   7.98e-02   9.65e-01
hx2_25_4   -1.97e+02  -3.18e-01  4.12e-02   3.04e-01   9.73e-01
hx2_26_0   1.15e-01   -3.59e-01  4.21e-02   -3.57e+02  9.78e-01
hx2_26_1   -1.05e+02  -4.98e-01  7.68e-02   -1.33e-01  9.90e-01
hx2_26_2   1.37e+02   -3.50e-01  4.50e-02   -4.68e-02  9.70e-01
hx2_26_3   -1.35e-03  -3.10e+01  -9.97e+01  -3.09e+00  9.62e-01
hx2_26_4   3.89e-02   4.14e+02   -1.37e+02  3.30e-01   9.75e-01
hx2_27_0   -3.35e+02  -2.06e-01  2.23e-02   2.56e-01   9.79e-01
hx2_27_1   -7.74e+01  -4.72e-01  7.71e-02   -1.58e-01  9.99e-01
hx2_27_2   3.62e-02   -2.57e-01  6.36e-02   -2.83e+02  9.59e-01
hx2_27_3   7.14e-01   -2.57e-01  5.98e-02   -1.66e+01  9.56e-01
hx2_27_4   3.06e-02   4.79e+02   -1.62e+02  3.38e-01   9.76e-01
hx2_28_0   -3.75e+02  -2.13e-01  2.18e-02   2.54e-01   9.77e-01
hx2_28_1   -8.54e+01  -4.68e-01  7.28e-02   -1.62e-01  9.99e-01
hx2_28_2   6.25e-01   -2.24e-01  4.60e-02   -2.57e+01  9.74e-01
hx2_28_3   3.02e-01   -2.37e-01  4.52e-02   -6.37e+01  9.71e-01
hx2_28_4   -3.36e+02  -2.04e-01  2.35e-02   2.70e-01   9.77e-01
hx2_29_0   4.69e-02   4.53e+02   -1.28e+02  2.82e-01   9.77e-01
hx2_29_1   -9.65e+01  -5.09e-01  8.23e-02   -1.13e-01  9.99e-01
hx2_29_2   -3.24e+00  3.23e-01   -3.05e-01  -6.31e-01  9.71e-01
hx2_29_3   1.47e+00   -3.18e+00  1.31e+00   -3.36e-01  9.71e-01
hx2_29_4   1.16e-01   -3.63e-01  4.65e-02   -3.50e+02  9.78e-01
hx2_30_0   -1.85e+02  -2.46e-01  3.40e-02   2.85e-01   9.80e-01
hx2_30_1   -1.63e+02  -4.33e-01  5.91e-02   -9.18e-02  9.98e-01
hx2_30_2   2.30e-04   4.88e+01   3.06e+01   -5.21e+01  9.70e-01
hx2_30_3   9.60e-04   1.84e+01   2.03e+01   -2.04e+01  9.75e-01
hx2_30_4   2.54e-01   -3.81e-01  5.16e-02   -1.35e+02  9.80e-01
hx2_31_0   -5.45e+02  -2.57e-01  1.22e-02   1.94e-01   9.75e-01
hx2_31_1   -2.08e+02  -4.90e-01  7.38e-02   -6.21e-02  9.85e-01
hx2_31_2   -3.09e+02  -3.54e-01  2.60e-02   1.04e-01   9.59e-01
hx2_31_3   1.41e-02   -2.83e-01  2.35e-02   -2.09e+03  9.54e-01
hx2_31_4   -5.20e+02  -3.73e-01  3.53e-02   7.99e-02   9.76e-01
hx2_32_0   8.15e-03   -3.05e-01  2.73e-02   -1.25e+03  9.94e-01
hx2_32_1   -1.46e+02  -4.07e-01  5.17e-02   -9.20e-02  9.76e-01
hx2_32_2   -1.14e-01  -8.07e+01  1.91e+01   4.36e-02   9.48e-01
hx2_32_3   3.27e+01   -3.53e-01  3.89e-02   -2.75e-01  9.49e-01
hx2_32_4   -1.49e+02  -3.27e-01  2.06e-02   8.55e-02   9.94e-01
hx2_33_0   -3.11e+01  -4.97e-01  8.25e-02   6.13e-03   9.97e-01
hx2_33_1   -1.05e-01  -1.67e+02  4.91e+01   -1.32e-01  9.69e-01
hx2_33_2   -6.44e+01  -3.92e-01  6.07e-02   3.79e-03   9.58e-01
hx2_33_3   -4.76e+01  -2.85e-01  4.08e-02   1.03e-01   9.59e-01
hx2_33_4   -3.99e+01  -4.40e-01  5.26e-02   -2.05e-02  9.99e-01
hx2_34_0   -3.84e-02  -1.95e+02  6.71e+01   7.32e-02   9.95e-01
hx2_34_1   -3.84e+00  -2.48e+00  7.01e-01   -2.88e-01  9.79e-01
hx2_34_2   -3.41e+01  -7.06e-01  1.55e-01   4.32e-02   9.82e-01
hx2_34_3   -4.79e+01  -5.99e-01  1.07e-01   9.00e-02   9.73e-01
hx2_34_4   -6.17e-02  -9.53e+01  2.91e+01   5.92e-02   9.97e-01
hx2_35_0   -1.81e-02  -2.26e+02  9.85e+01   1.39e-02   9.96e-01
hx2_35_1   -1.04e-01  -5.61e+01  2.51e+01   -1.16e-01  9.85e-01
hx2_35_2   -3.64e-02  -1.27e+02  7.82e+01   4.74e-02   9.78e-01
hx2_35_3   -2.92e-02  -1.67e+02  9.98e+01   1.07e-01   9.72e-01
hx2_35_4   -1.64e-02  -2.56e+02  8.37e+01   1.88e-02   9.98e-01
hx2_36_0   -6.90e+01  -4.23e-01  6.29e-02   2.32e-02   9.97e-01
hx2_36_1   -3.48e-01  1.22e-01   1.32e-01   -7.28e+00  9.76e-01
hx2_36_2   -5.77e+01  -3.87e-01  8.76e-02   7.35e-02   9.83e-01
hx2_36_3   -6.91e+01  -3.32e-01  6.64e-02   1.04e-01   9.83e-01
hx2_36_4   -5.55e+01  -3.95e-01  4.92e-02   3.41e-02   9.99e-01
hx2_37_0   -1.42e+02  -3.87e-01  4.63e-02   4.27e-02   9.94e-01
hx2_37_1   -1.36e+02  -4.12e-01  4.47e-02   1.12e-02   9.82e-01
hx2_37_2   -3.54e-01  -2.14e+01  1.21e+01   5.66e-02   9.85e-01
hx2_37_3   -1.55e-01  -3.99e+01  2.69e+01   1.17e-01   9.73e-01
hx2_37_4   -1.67e+01  -4.88e-01  9.32e-02   8.90e-02   9.97e-01
hx2_38_0   -1.42e+02  -4.14e-01  5.23e-02   2.37e-02   9.97e-01
hx2_38_1   5.57e-02   -3.36e-01  4.29e-02   -8.22e+01  9.89e-01
hx2_38_2   -2.52e-02  -3.44e+02  1.82e+02   8.27e-02   9.83e-01
hx2_38_3   -3.92e-02  -2.20e+02  1.15e+02   1.07e-01   9.77e-01
hx2_38_4   -3.36e+01  -4.52e-01  6.48e-02   5.48e-02   9.98e-01
hx2_39_0   -3.83e-01  -2.31e+01  8.25e+00   8.83e-03   9.98e-01
hx2_39_1   1.44e+01   -4.12e-01  6.24e-02   -4.04e-01  9.93e-01
hx2_39_2   -6.81e-01  -2.25e+01  8.03e+00   6.91e-02   9.87e-01
hx2_39_3   -1.61e-01  -9.22e+01  3.43e+01   9.88e-02   9.85e-01
hx2_39_4   -1.31e-01  -3.23e+01  1.07e+01   8.92e-02   9.98e-01
hx2_40_0   -2.14e+01  -1.17e+00  2.85e-01   5.13e-02   9.92e-01
hx2_40_1   -2.75e+01  -4.29e-01  5.23e-02   2.13e-01   9.89e-01
hx2_40_2   -5.89e-02  -2.73e+02  9.75e+01   8.35e-02   9.79e-01
hx2_40_3   -3.62e-02  -4.22e+02  1.49e+02   9.48e-02   9.80e-01
hx2_40_4   -2.21e+01  -8.25e-01  1.89e-01   4.79e-02   9.96e-01
hx2_41_0   -1.34e+02  -2.49e-01  1.88e-02   2.01e-01   9.94e-01
hx2_41_1   -2.02e+02  -4.13e-01  5.30e-02   -4.43e-02  9.80e-01
hx2_41_2   -1.81e+02  -3.29e-01  2.92e-02   7.63e-02   9.81e-01
hx2_41_3   -1.71e+02  -1.93e-01  1.47e-02   2.17e-01   9.77e-01
hx2_41_4   7.92e-03   -3.07e-01  2.96e-02   -8.79e+02  9.97e-01
hx2_42_0   -9.28e+01  -4.13e-01  5.15e-02   5.88e-02   9.96e-01
hx2_42_1   -8.26e-01  -5.67e+00  1.99e+00   -3.92e-01  9.77e-01
hx2_42_2   -4.30e+01  -6.17e-01  1.30e-01   6.00e-02   9.71e-01
hx2_42_3   -5.14e+01  -6.11e-01  1.09e-01   1.30e-01   9.69e-01
hx2_42_4   -7.02e+01  -2.44e-01  8.58e-03   1.75e-01   9.98e-01
hx2_43_0   -1.23e+02  -3.54e-01  3.73e-02   7.70e-02   9.96e-01
hx2_43_1   -6.33e-02  -4.10e-01  1.06e-01   -1.11e+02  9.91e-01
hx2_43_2   -5.26e+01  -4.57e-01  8.40e-02   1.22e-02   9.88e-01
hx2_43_3   -4.11e+01  -3.04e-01  5.51e-02   9.78e-02   9.84e-01
hx2_43_4   -9.31e+01  -2.38e-01  9.55e-03   1.57e-01   9.98e-01
hx2_44_0   -3.52e+01  -4.23e-01  2.56e-02   3.49e-01   9.96e-01
hx2_44_1   -1.79e-01  -2.22e-01  -1.03e-03  5.26e+01   9.77e-01
hx2_44_2   -8.97e+00  -2.40e+00  6.06e-01   6.46e-02   9.85e-01
hx2_44_3   -1.31e-01  -1.25e+02  1.52e+01   2.48e-01   9.83e-01
hx2_44_4   -3.34e+01  -4.89e-01  6.86e-02   5.40e-02   9.98e-01
hx2_45_0   -1.21e+02  -4.08e-01  4.95e-02   6.64e-02   9.95e-01
hx2_45_1   1.39e-01   -2.68e-01  3.45e-02   -7.15e+01  9.92e-01
hx2_45_2   -6.41e-02  -2.75e+02  9.36e+01   9.14e-02   9.81e-01
hx2_45_3   -4.40e-02  -2.27e+02  9.88e+01   1.11e-01   9.82e-01
hx2_45_4   -5.63e+01  -4.34e-01  4.96e-02   6.32e-02   9.97e-01
hx2_46_0   -1.54e+02  -4.23e-01  5.36e-02   5.37e-02   9.94e-01
hx2_46_1   -4.36e+01  -2.77e-01  2.47e-02   2.36e-01   9.96e-01
hx2_46_2   -8.66e-02  -1.45e+02  5.20e+01   1.06e-01   9.85e-01
hx2_46_3   -8.20e-02  -1.79e+02  5.60e+01   1.26e-01   9.84e-01
hx2_46_4   -4.97e+01  -4.57e-01  6.34e-02   4.37e-02   9.98e-01
hx2_47_0   -2.29e+02  -4.00e-01  4.62e-02   5.42e-02   9.93e-01
hx2_47_1   -1.04e+01  -1.12e+00  2.33e-01   9.30e-02   9.97e-01
hx2_47_2   -4.05e-01  -5.53e+00  6.80e+00   1.05e-01   9.89e-01
hx2_47_3   -8.10e+00  -5.42e-01  3.88e-01   1.42e-01   9.89e-01
hx2_47_4   -2.77e+01  -5.93e-01  1.06e-01   5.17e-02   9.98e-01
hx2_48_0   -2.67e+02  -3.93e-01  4.34e-02   6.23e-02   9.90e-01
hx2_48_1   1.36e-01   -3.62e-01  3.98e-02   -5.05e+01  9.97e-01
hx2_48_2   -4.32e+01  -4.84e-01  9.35e-02   1.13e-01   9.89e-01
hx2_48_3   -2.26e+01  -5.71e-01  1.62e-01   1.40e-01   9.91e-01
hx2_48_4   5.41e-02   -3.45e-01  3.12e-02   -1.34e+02  9.97e-01
hx2_49_0   -2.72e+02  -3.91e-01  4.24e-02   6.70e-02   9.90e-01
hx2_49_1   -3.79e+01  -4.51e-01  7.72e-02   6.27e-02   9.97e-01
hx2_49_2   -4.85e-01  -9.77e+00  7.28e+00   1.34e-01   9.79e-01
hx2_49_3   -1.63e-01  -4.86e+01  2.67e+01   1.38e-01   9.83e-01
hx2_49_4   -2.44e+01  -5.58e-01  1.12e-01   4.90e-02   9.97e-01
hx2_50_0   -9.97e+01  -2.42e-01  1.96e-02   2.03e-01   9.95e-01
hx2_50_1   -1.87e-01  -1.47e+00  4.38e-01   -6.32e+00  9.67e-01
hx2_50_2   -1.01e-01  -9.08e+01  3.53e+01   5.65e-02   9.67e-01
hx2_50_3   3.86e+01   -4.40e-01  3.75e-02   -1.84e-01  9.64e-01
hx2_50_4   -7.97e+01  -1.71e-01  1.14e-02   2.42e-01   9.97e-01
hx2_51_0   -1.30e+02  -3.37e-01  3.33e-02   7.64e-02   9.95e-01
hx2_51_1   -1.98e+00  -5.61e+00  1.76e+00   -9.15e-02  9.89e-01
hx2_51_2   -8.58e-02  -9.38e+01  3.82e+01   1.23e-01   9.82e-01
hx2_51_3   -5.24e-01  -9.15e+00  6.05e+00   1.89e-01   9.81e-01
hx2_51_4   -6.78e+01  -3.58e-01  3.43e-02   4.64e-02   9.98e-01
hx2_52_0   -1.02e+02  -3.49e-01  3.55e-02   1.09e-01   9.95e-01
hx2_52_1   -1.06e+02  -3.16e-01  1.84e-02   7.69e-02   9.87e-01
hx2_52_2   -1.04e-01  -1.58e+02  5.31e+01   7.87e-02   9.90e-01
hx2_52_3   -1.69e-01  -6.54e+01  2.48e+01   1.35e-01   9.86e-01
hx2_52_4   -3.87e+01  -4.13e-01  4.92e-02   6.94e-02   9.98e-01
hx2_53_0   -1.41e+02  -2.61e-01  2.00e-02   1.81e-01   9.93e-01
hx2_53_1   5.89e-02   -4.38e-01  7.57e-02   -7.70e+01  9.95e-01
hx2_53_2   -3.52e-01  -4.42e+00  7.21e+00   1.14e-01   9.87e-01
hx2_53_3   -6.31e-02  -2.53e+01  4.22e+01   1.59e-01   9.87e-01
hx2_53_4   -5.24e+01  -3.94e-01  4.44e-02   7.70e-02   9.97e-01
hx2_54_0   -1.93e+02  -2.32e-01  1.78e-02   2.07e-01   9.91e-01
hx2_54_1   -7.96e-02  -7.73e+01  2.43e+01   1.04e-01   9.97e-01
hx2_54_2   -3.44e-02  -3.76e+01  7.54e+01   1.03e-01   9.88e-01
hx2_54_3   -2.51e-02  -7.37e+01  1.17e+02   1.32e-01   9.90e-01
hx2_54_4   -2.02e-01  -2.78e+01  9.24e+00   7.29e-02   9.98e-01
hx2_55_0   -2.43e+02  -2.48e-01  1.82e-02   1.97e-01   9.89e-01
hx2_55_1   -1.05e+01  -9.60e-01  2.54e-01   6.37e-02   9.98e-01
hx2_55_2   -2.00e-01  -3.34e+01  2.08e+01   1.03e-01   9.89e-01
hx2_55_3   -1.89e-01  -2.75e+01  2.22e+01   1.42e-01   9.88e-01
hx2_55_4   -1.22e+01  -8.90e-01  2.21e-01   5.58e-02   9.98e-01
hx2_56_0   -2.70e+02  -3.11e-01  2.40e-02   1.41e-01   9.88e-01
hx2_56_1   -1.14e+01  -7.40e-01  2.05e-01   5.56e-02   9.98e-01
hx2_56_2   -5.23e-02  -1.05e+02  6.99e+01   1.41e-01   9.86e-01
hx2_56_3   -6.00e-02  -7.16e+01  5.90e+01   1.67e-01   9.89e-01
hx2_56_4   -1.94e+01  -5.73e-01  1.29e-01   5.06e-02   9.98e-01
hx2_57_0   -2.79e+02  -3.22e-01  2.53e-02   1.35e-01   9.88e-01
hx2_57_1   -2.73e+01  -4.01e-01  6.64e-02   1.66e-01   9.96e-01
hx2_57_2   -1.87e-01  -2.32e+01  1.68e+01   1.45e-01   9.83e-01
hx2_57_3   -9.94e-02  -5.65e+01  3.36e+01   1.56e-01   9.91e-01
hx2_57_4   -2.84e+01  -3.77e-01  5.89e-02   1.80e-01   9.96e-01
hx2_58_0   -2.66e+02  -3.29e-01  2.63e-02   1.37e-01   9.87e-01
hx2_58_1   -7.95e+00  -1.17e+00  3.42e-01   5.75e-02   9.98e-01
hx2_58_2   -5.33e-02  -8.41e+01  6.42e+01   1.24e-01   9.89e-01
hx2_58_3   -6.83e-02  -6.27e+01  5.55e+01   1.64e-01   9.86e-01
hx2_58_4   -7.70e+00  -1.19e+00  3.51e-01   5.53e-02   9.98e-01
hx2_59_0   3.27e-02   -3.55e-01  3.83e-02   -3.41e+02  9.95e-01
hx2_59_1   -1.21e+02  -4.26e-01  4.74e-02   -7.59e-02  9.82e-01
hx2_59_2   -1.70e+02  -3.44e-01  3.74e-02   6.24e-02   9.76e-01
hx2_59_3   -1.60e+02  -2.16e-01  1.83e-02   1.76e-01   9.76e-01
hx2_59_4   5.33e-02   -3.08e-01  3.58e-02   -1.46e+02  9.97e-01
hx2_60_0   -1.19e+02  -2.18e-01  1.57e-02   2.12e-01   9.95e-01
hx2_60_1   8.83e-02   5.07e+01   -5.29e+00  -2.34e-01  9.85e-01
hx2_60_2   -7.38e-01  -8.69e+00  4.84e+00   8.81e-02   9.86e-01
hx2_60_3   -1.92e-01  -2.11e+01  1.75e+01   1.34e-01   9.84e-01
hx2_60_4   -5.87e+01  -3.36e-01  2.69e-02   1.05e-01   9.97e-01
hx2_61_0   -1.34e+02  -2.20e-01  1.64e-02   2.05e-01   9.94e-01
hx2_61_1   -4.37e+01  -3.54e-01  3.40e-02   1.33e-01   9.96e-01
hx2_61_2   -1.34e+01  -2.75e-01  2.11e-01   1.02e-01   9.85e-01
hx2_61_3   -2.48e-01  -2.00e+00  1.22e+01   1.35e-01   9.88e-01
hx2_61_4   -4.93e+01  -4.51e-01  6.34e-02   3.91e-02   9.98e-01
hx2_62_0   2.94e-02   -3.71e-01  4.73e-02   -5.14e+02  9.89e-01
hx2_62_1   -3.78e+01  -5.05e-01  8.99e-02   4.89e-02   9.97e-01
hx2_62_2   -3.11e+01  -6.00e-01  1.23e-01   7.27e-02   9.87e-01
hx2_62_3   -1.65e+01  -9.59e-01  2.27e-01   1.04e-01   9.90e-01
hx2_62_4   -4.02e+01  -4.95e-01  8.76e-02   4.63e-02   9.97e-01
hx2_63_0   4.60e-02   -3.53e-01  4.78e-02   -3.90e+02  9.88e-01
hx2_63_1   -8.84e+00  -1.14e+00  3.05e-01   8.29e-02   9.97e-01
hx2_63_2   -1.55e-01  -3.92e+01  2.66e+01   1.26e-01   9.85e-01
hx2_63_3   -1.90e-01  -3.39e+01  2.25e+01   1.37e-01   9.89e-01
hx2_63_4   -1.40e+01  -8.25e-01  1.95e-01   7.96e-02   9.97e-01
hx2_64_0   2.51e-02   -3.49e-01  4.16e-02   -8.14e+02  9.88e-01
hx2_64_1   -1.74e-01  -4.33e+01  1.64e+01   6.52e-02   9.97e-01
hx2_64_2   -5.99e-01  -1.43e+01  7.12e+00   1.13e-01   9.88e-01
hx2_64_3   -6.86e-01  -1.17e+01  6.24e+00   1.35e-01   9.93e-01
hx2_64_4   -1.22e-01  -6.25e+01  2.32e+01   6.55e-02   9.97e-01
hx2_65_0   -2.40e+02  -2.03e-01  1.73e-02   2.46e-01   9.87e-01
hx2_65_1   -9.82e-02  -7.66e+01  2.89e+01   7.80e-02   9.97e-01
hx2_65_2   -2.76e-01  -2.14e+01  1.26e+01   1.07e-01   9.90e-01
hx2_65_3   -5.90e-02  -1.05e+02  6.39e+01   1.27e-01   9.93e-01
hx2_65_4   -3.28e-01  -2.17e+01  8.34e+00   7.77e-02   9.97e-01
hx2_66_0   2.15e-02   -3.29e-01  3.14e-02   -1.18e+03  9.87e-01
hx2_66_1   -5.04e-01  -1.05e+01  4.06e+00   1.43e-01   9.97e-01
hx2_66_2   -6.31e-02  -6.74e+01  5.55e+01   1.32e-01   9.87e-01
hx2_66_3   -8.58e-02  -6.88e+01  4.58e+01   1.50e-01   9.92e-01
hx2_66_4   -2.55e-01  -2.12e+01  8.31e+00   1.45e-01   9.96e-01
hx2_67_0   -2.55e+02  -2.21e-01  1.62e-02   2.36e-01   9.88e-01
hx2_67_1   -1.83e-01  -3.31e+01  1.58e+01   8.66e-02   9.97e-01
hx2_67_2   -5.22e-01  -2.97e+00  5.59e+00   1.25e-01   9.93e-01
hx2_67_3   -9.83e-02  2.14e+01   2.96e+01   1.52e-01   9.93e-01
hx2_67_4   -1.32e-01  -4.78e+01  2.31e+01   9.07e-02   9.96e-01
hx2_68_0   4.42e-02   -4.08e-01  5.28e-02   -1.85e+02  9.95e-01
hx2_68_1   -1.05e+02  -3.43e-01  3.65e-02   -3.89e-02  9.82e-01
hx2_68_2   -1.32e+02  -3.54e-01  4.32e-02   1.11e-01   9.77e-01
hx2_68_3   -4.61e+01  -4.63e-01  7.95e-02   1.75e-01   9.77e-01
hx2_68_4   4.19e-02   1.87e+02   -3.18e+01  1.70e-01   9.97e-01
hx2_69_0   3.37e-02   -3.92e-01  4.77e-02   -2.10e+02  9.95e-01
hx2_69_1   1.38e-01   -2.00e-01  5.02e-02   -5.76e+01  9.89e-01
hx2_69_2   -4.50e-02  -1.94e+02  5.58e+01   2.10e-01   9.79e-01
hx2_69_3   9.77e+01   -3.92e-01  4.12e-02   -1.50e-01  9.83e-01
hx2_69_4   2.99e-02   -3.08e-01  2.30e-02   -2.19e+02  9.98e-01
hx2_70_0   4.66e-02   -3.97e-01  8.76e-02   -1.66e+02  9.91e-01
hx2_70_1   -6.37e+01  -3.39e-01  3.76e-02   9.78e-02   9.97e-01
hx2_70_2   -1.31e-01  -7.24e+01  3.11e+01   1.22e-01   9.83e-01
hx2_70_3   -7.97e-02  -7.93e+01  4.62e+01   1.63e-01   9.83e-01
hx2_70_4   -6.17e+01  -3.19e-01  3.39e-02   9.86e-02   9.97e-01
hx2_71_0   -3.18e-04  6.80e+01   -3.23e+01  -8.56e+01  9.88e-01
hx2_71_1   -1.16e+01  -8.25e-01  2.15e-01   7.63e-02   9.97e-01
hx2_71_2   -3.31e-02  -1.29e+02  9.24e+01   1.16e-01   9.87e-01
hx2_71_3   -4.16e-01  -1.06e+01  8.01e+00   1.50e-01   9.90e-01
hx2_71_4   -2.10e+01  -5.86e-01  1.24e-01   7.75e-02   9.97e-01
hx2_72_0   7.66e-02   -3.63e-01  7.01e-02   -1.78e+02  9.87e-01
hx2_72_1   -2.08e-01  -3.94e+01  1.34e+01   8.04e-02   9.97e-01
hx2_72_2   -3.03e-02  -1.66e+02  1.18e+02   1.34e-01   9.85e-01
hx2_72_3   -6.63e-02  -7.41e-01  9.09e-02   1.01e+02   9.91e-01
hx2_72_4   -4.05e-01  -2.09e+01  6.96e+00   7.86e-02   9.98e-01
hx2_73_0   6.88e-02   -3.45e-01  5.54e-02   -2.40e+02  9.88e-01
hx2_73_1   -8.35e-02  -8.97e+01  3.36e+01   8.59e-02   9.97e-01
hx2_73_2   -1.86e-01  -2.41e+01  1.76e+01   1.24e-01   9.88e-01
hx2_73_3   -7.77e-02  -5.96e+01  4.52e+01   1.42e-01   9.93e-01
hx2_73_4   -9.28e-02  -8.25e+01  3.25e+01   8.62e-02   9.97e-01
hx2_74_0   -2.14e+02  -1.75e-01  1.71e-02   2.64e-01   9.89e-01
hx2_74_1   -1.73e-01  -4.30e+01  1.64e+01   8.47e-02   9.97e-01
hx2_74_2   -8.71e-02  -4.53e+01  4.17e+01   1.24e-01   9.82e-01
hx2_74_3   -7.96e-02  -5.45e+01  4.47e+01   1.33e-01   9.94e-01
hx2_74_4   -2.13e-01  -3.56e+01  1.42e+01   8.65e-02   9.97e-01
hx2_75_0   -2.56e+02  -1.92e-01  1.42e-02   2.39e-01   9.88e-01
hx2_75_1   -6.17e+00  -1.77e+00  5.95e-01   8.71e-02   9.96e-01
hx2_75_2   -2.20e-01  -3.90e+01  1.87e+01   1.04e-01   9.85e-01
hx2_75_3   -1.53e-01  -4.63e+01  2.68e+01   1.16e-01   9.94e-01
hx2_75_4   -1.06e+00  -8.41e+00  3.38e+00   9.14e-02   9.96e-01
hx2_76_0   -2.50e+02  -3.26e-01  2.40e-02   1.12e-01   9.86e-01
hx2_76_1   -2.66e-01  -3.21e+01  1.41e+01   4.08e-02   9.98e-01
hx2_76_2   -8.46e-02  -7.92e+01  4.37e+01   6.70e-02   9.76e-01
hx2_76_3   -1.01e-01  -4.29e+01  3.15e+01   7.03e-02   9.97e-01
hx2_76_4   -1.71e-01  -5.25e+01  2.15e+01   4.65e-02   9.98e-01
hx2_77_0   5.73e-02   -4.01e-01  6.33e-02   -1.29e+02  9.95e-01
hx2_77_1   4.87e-01   -6.55e-02  9.93e-03   -1.98e+01  9.88e-01
hx2_77_2   5.75e+01   -3.47e-01  3.13e-02   -2.35e-01  9.75e-01
hx2_77_3   5.79e+01   -3.63e-01  3.81e-02   -2.35e-01  9.78e-01
hx2_77_4   3.07e-02   -2.87e-01  3.01e-02   -2.97e+02  9.96e-01
hx2_78_0   2.67e-02   -3.47e-01  6.84e-02   -2.27e+02  9.94e-01
hx2_78_1   4.11e-02   -2.77e-01  3.45e-02   -1.69e+02  9.96e-01
hx2_78_2   -2.02e-01  -3.55e+01  1.61e+01   1.51e-01   9.84e-01
hx2_78_3   -6.23e-05  1.49e+02   -2.93e+01  -2.92e+02  9.86e-01
hx2_78_4   -3.05e+01  -3.92e-01  3.43e-02   1.65e-01   9.98e-01
hx2_79_0   6.05e-02   -3.74e-01  2.02e-01   -6.46e+01  9.90e-01
hx2_79_1   -3.22e+01  -4.84e-01  7.69e-02   9.36e-02   9.97e-01
hx2_79_2   -1.27e-01  -1.54e+01  1.76e+01   1.36e-01   9.87e-01
hx2_79_3   -7.00e-02  8.43e+00   3.21e+01   1.77e-01   9.90e-01
hx2_79_4   -4.09e+01  -4.17e-01  5.75e-02   1.01e-01   9.97e-01
hx2_80_0   7.24e-02   -3.43e-01  1.35e-01   -9.67e+01  9.88e-01
hx2_80_1   -2.00e-01  -3.33e+01  1.13e+01   8.86e-02   9.97e-01
hx2_80_2   -1.83e-01  -1.34e+01  1.68e+01   1.28e-01   9.91e-01
hx2_80_3   -6.07e-02  -1.65e+01  4.98e+01   1.66e-01   9.93e-01
hx2_80_4   -2.36e-01  -2.99e+01  9.70e+00   8.66e-02   9.97e-01
hx2_81_0   6.93e-02   -3.41e-01  9.78e-02   -1.45e+02  9.87e-01
hx2_81_1   -5.19e+00  -1.81e+00  5.38e-01   8.95e-02   9.97e-01
hx2_81_2   -8.41e-02  -3.75e+01  3.71e+01   1.14e-01   9.91e-01
hx2_81_3   -9.72e-02  -3.91e+01  3.57e+01   1.43e-01   9.93e-01
hx2_81_4   -5.83e-01  -1.45e+01  5.06e+00   8.84e-02   9.97e-01
hx2_82_0   5.38e-02   -3.34e-01  6.90e-02   -2.29e+02  9.89e-01
hx2_82_1   -2.99e-01  -2.19e+01  9.25e+00   1.03e-01   9.97e-01
hx2_82_2   -1.92e-01  -2.92e+01  1.90e+01   1.41e-01   9.83e-01
hx2_82_3   -1.02e-01  -4.65e+01  3.56e+01   1.53e-01   9.93e-01
hx2_82_4   -2.11e-01  -3.42e+01  1.47e+01   1.01e-01   9.96e-01
hx2_83_0   4.82e-02   -3.18e-01  5.57e-02   -2.37e+02  9.92e-01
hx2_83_1   -1.15e+00  -5.94e+00  2.43e+00   1.02e-01   9.97e-01
hx2_83_2   -1.09e-01  -3.83e+01  2.78e+01   1.51e-01   9.81e-01
hx2_83_3   -1.51e-01  -2.12e+01  2.14e+01   1.56e-01   9.94e-01
hx2_83_4   -2.52e-01  -2.57e+01  1.23e+01   1.10e-01   9.96e-01
hx2_84_0   -1.44e+02  -1.58e-01  1.56e-02   2.67e-01   9.93e-01
hx2_84_1   -1.19e-01  -5.89e+01  2.40e+01   9.48e-02   9.97e-01
hx2_84_2   -8.18e-02  -5.99e+01  3.34e+01   1.95e-01   9.76e-01
hx2_84_3   -7.71e-02  -6.71e+01  4.54e+01   1.58e-01   9.94e-01
hx2_84_4   -7.84e-02  -9.84e+01  4.02e+01   1.41e-01   9.95e-01
hx2_85_0   1.88e-02   -3.10e-01  3.85e-02   -5.11e+02  9.95e-01
hx2_85_1   -2.52e-01  -2.82e+01  1.21e+01   6.93e-02   9.98e-01
hx2_85_2   -1.68e-01  -3.09e+01  1.96e+01   1.53e-01   9.71e-01
hx2_85_3   -1.43e-01  -3.11e+01  2.51e+01   1.39e-01   9.94e-01
hx2_85_4   -2.17e-01  -2.73e+01  1.59e+01   1.19e-01   9.96e-01
hx2_86_0   4.00e-02   -3.98e-01  7.71e-02   -1.43e+02  9.95e-01
hx2_86_1   1.17e+01   -1.81e-01  8.73e-02   -5.08e-01  9.88e-01
hx2_86_2   -4.80e-02  -2.24e+02  5.99e+01   1.40e-01   9.84e-01
hx2_86_3   1.04e+02   -3.83e-01  3.77e-02   -1.07e-01  9.89e-01
hx2_86_4   1.75e-02   -2.89e-01  3.07e-02   -4.78e+02  9.97e-01
hx2_87_0   4.02e-02   -3.26e-01  1.39e-01   -1.06e+02  9.92e-01
hx2_87_1   -1.66e+01  -6.57e-01  9.97e-02   1.32e-01   9.97e-01
hx2_87_2   -8.65e-02  -1.37e+02  2.11e+01   2.63e-01   9.87e-01
hx2_87_3   9.31e+01   -4.00e-01  4.12e-02   -1.43e-01  9.86e-01
hx2_87_4   -2.86e+01  -4.18e-01  5.38e-02   1.28e-01   9.97e-01
hx2_88_0   -1.65e-02  3.67e-03   -8.73e+00  -5.74e+00  9.90e-01
hx2_88_1   -8.63e+00  -9.41e-01  2.39e-01   1.00e-01   9.97e-01
hx2_88_2   -7.11e-02  -9.45e+01  4.59e+01   1.36e-01   9.87e-01
hx2_88_3   -8.94e-02  -5.69e+01  3.78e+01   1.77e-01   9.88e-01
hx2_88_4   -9.81e+00  -9.09e-01  2.13e-01   9.94e-02   9.97e-01
hx2_89_0   7.87e-02   -2.61e-01  2.15e-01   -5.64e+01  9.89e-01
hx2_89_1   -9.47e-01  -8.37e+00  2.69e+00   9.01e-02   9.97e-01
hx2_89_2   -8.98e-02  -7.88e+01  3.70e+01   1.38e-01   9.92e-01
hx2_89_3   -1.42e-01  -3.72e+01  2.34e+01   1.71e-01   9.92e-01
hx2_89_4   -2.91e-01  -2.66e+01  8.98e+00   8.46e-02   9.97e-01
hx2_90_0   8.86e-02   -3.10e-01  1.77e-01   -5.73e+01  9.89e-01
hx2_90_1   -1.68e+00  -4.25e+00  1.59e+00   1.05e-01   9.97e-01
hx2_90_2   -6.53e-02  -1.36e+02  5.83e+01   1.50e-01   9.79e-01
hx2_90_3   -8.00e-02  -8.22e+01  4.68e+01   1.62e-01   9.93e-01
hx2_90_4   -2.39e-01  -3.36e+01  1.28e+01   1.01e-01   9.97e-01
hx2_91_0   5.32e-02   -2.87e-01  9.74e-02   -1.30e+02  9.92e-01
hx2_91_1   -5.40e-02  -1.28e+02  5.24e+01   1.08e-01   9.97e-01
hx2_91_2   -1.35e-01  -3.30e+01  2.25e+01   1.55e-01   9.86e-01
hx2_91_3   -8.13e-02  -5.31e+01  4.37e+01   1.54e-01   9.94e-01
hx2_91_4   -6.32e-02  -1.25e+02  5.26e+01   1.11e-01   9.96e-01
hx2_92_0   1.73e-02   -2.78e-01  7.70e-02   -3.17e+02  9.95e-01
hx2_92_1   -2.85e-01  -1.94e+01  8.28e+00   8.18e-02   9.98e-01
hx2_92_2   -9.37e-02  -6.58e+01  3.30e+01   1.61e-01   9.79e-01
hx2_92_3   -1.12e-01  -3.49e+01  2.94e+01   1.65e-01   9.94e-01
hx2_92_4   -8.37e-02  -7.94e+01  3.82e+01   1.30e-01   9.96e-01
hx2_93_0   2.50e-02   -2.58e-01  5.72e-02   -1.74e+02  9.97e-01
hx2_93_1   -6.07e+00  -8.80e-01  1.96e-01   8.52e-02   9.99e-01
hx2_93_2   5.65e+01   -4.37e-01  4.47e-02   -1.80e-01  9.86e-01
hx2_93_3   -1.10e-01  -2.70e+01  2.89e+01   1.83e-01   9.94e-01
hx2_93_4   -7.87e-02  -6.36e+01  4.04e+01   1.50e-01   9.95e-01
hx2_94_0   2.38e-02   -2.19e-01  4.68e-02   -1.53e+02  9.98e-01
hx2_94_1   -1.14e+01  -6.59e-01  1.41e-01   -3.87e-02  1.00e+00
hx2_94_2   -4.03e-01  -1.73e+01  8.75e+00   1.32e-01   9.86e-01
hx2_94_3   -1.33e-01  -2.85e+01  2.59e+01   1.50e-01   9.95e-01
hx2_94_4   -9.70e-02  -6.63e+01  4.06e+01   9.23e-02   9.96e-01
hx2_95_0   2.17e-02   -3.53e-01  6.85e-02   -3.16e+02  9.94e-01
hx2_95_1   -9.54e-03  -1.54e+01  -2.74e+01  -1.64e+00  9.93e-01
hx2_95_2   8.60e+00   -3.81e-01  3.87e-02   -1.17e+00  9.86e-01
hx2_95_3   1.97e-01   -3.67e-01  4.17e-02   -6.20e+01  9.84e-01
hx2_95_4   2.03e-02   -3.29e-01  4.01e-02   -3.30e+02  9.96e-01
hx2_96_0   5.86e-02   -2.69e-01  2.37e-01   -4.88e+01  9.91e-01
hx2_96_1   -1.03e+01  -9.37e-01  1.19e-01   2.09e-01   9.97e-01
hx2_96_2   -5.33e-02  -1.16e+02  5.57e+01   1.63e-01   9.83e-01
hx2_96_3   -8.35e-02  -4.20e+01  3.52e+01   1.97e-01   9.89e-01
hx2_96_4   -1.70e+01  -3.49e-01  3.15e-02   4.98e-01   9.97e-01
hx2_97_0   6.43e-04   -1.75e+01  -2.44e+01  5.27e+01   9.90e-01
hx2_97_1   -1.39e+01  -8.42e-01  1.79e-01   9.96e-02   9.97e-01
hx2_97_2   -4.90e-02  -1.74e+02  8.04e+01   1.46e-01   9.90e-01
hx2_97_3   -1.58e-01  -4.67e+01  2.42e+01   1.79e-01   9.90e-01
hx2_97_4   -2.25e+01  -6.03e-01  1.11e-01   9.80e-02   9.97e-01
hx2_98_0   1.78e-03   -4.30e+00  -2.16e+01  2.43e+01   9.89e-01
hx2_98_1   -5.55e-06  4.04e+02   -5.38e+01  -7.45e+02  9.97e-01
hx2_98_2   -2.27e-01  -2.06e+01  1.37e+01   1.29e-01   9.86e-01
hx2_98_3   -3.01e-01  -2.22e+01  1.18e+01   1.52e-01   9.93e-01
hx2_98_4   -3.13e-01  -2.37e+01  8.64e+00   1.17e-01   9.96e-01
hx2_99_0   -1.75e+02  -6.47e-02  1.85e-02   3.04e-01   9.89e-01
hx2_99_1   -7.93e-02  -9.36e+01  3.17e+01   1.29e-01   9.96e-01
hx2_99_2   -2.85e-01  -1.43e+01  1.09e+01   1.45e-01   9.85e-01
hx2_99_3   -7.49e-02  -3.66e+01  4.39e+01   1.66e-01   9.94e-01
hx2_99_4   -2.40e-01  -3.24e+01  1.22e+01   1.21e-01   9.96e-01
hx2_100_0  5.64e-02   -2.06e-01  1.54e-01   -6.07e+01  9.94e-01
hx2_100_1  -1.48e-01  -4.67e+01  1.76e+01   9.57e-02   9.97e-01
hx2_100_2  5.89e+01   -4.66e-01  5.74e-02   -1.74e-01  9.87e-01
hx2_100_3  -1.23e-01  -3.78e+01  2.70e+01   1.86e-01   9.93e-01
hx2_100_4  -7.56e-02  -9.01e+01  4.07e+01   1.40e-01   9.95e-01
hx2_101_0  2.42e-02   -1.16e-01  1.16e-01   -9.31e+01  9.97e-01
hx2_101_1  1.86e-01   -2.71e-01  2.85e-02   -2.51e+01  9.99e-01
hx2_101_2  -1.39e-01  -3.49e+01  2.19e+01   1.70e-01   9.89e-01
hx2_101_3  -2.22e-04  8.40e+01   -1.96e+01  -1.48e+02  9.93e-01
hx2_101_4  -8.24e-02  -6.41e+01  3.84e+01   1.76e-01   9.94e-01
hx2_102_0  1.15e-02   -2.78e-01  5.06e-02   -2.05e+02  9.99e-01
hx2_102_1  -6.90e-01  -2.70e+00  1.97e+00   -9.61e-02  1.00e+00
hx2_102_2  -1.49e-01  2.32e+00   2.31e+01   1.53e-01   9.93e-01
hx2_102_3  -1.92e-01  3.83e+00   1.92e+01   1.57e-01   9.94e-01
hx2_102_4  -1.08e-01  -1.08e+01  3.64e+01   1.14e-01   9.95e-01
hx2_103_0  2.99e-02   -2.41e+00  3.61e+01   1.41e-02   1.00e+00
hx2_103_1  -6.66e+00  -9.23e-01  2.25e-01   -6.12e-02  1.00e+00
hx2_103_2  -1.08e-01  -3.36e+01  2.89e+01   1.46e-01   9.93e-01
hx2_103_3  -1.12e-01  -3.94e+01  3.22e+01   1.38e-01   9.95e-01
hx2_103_4  -1.04e-01  -4.81e+01  3.65e+01   1.19e-01   9.95e-01
hx2_104_0  -8.73e+01  -1.26e-01  2.05e-02   2.98e-01   9.94e-01
hx2_104_1  1.67e-01   -1.67e-01  6.65e-02   -3.76e+01  9.92e-01
hx2_104_2  -4.81e+01  -3.05e-01  5.16e-02   2.26e-01   9.67e-01
hx2_104_3  -4.46e-05  1.79e+02   -3.88e+01  -3.16e+02  9.75e-01
hx2_104_4  -3.38e+01  -1.97e-01  2.39e-02   3.56e-01   9.96e-01
hx2_105_0  5.56e-02   -1.56e-01  2.45e-01   -5.30e+01  9.91e-01
hx2_105_1  -2.59e+01  -3.15e-01  4.54e-02   2.42e-01   9.96e-01
hx2_105_2  -1.87e-02  -6.69e+02  1.50e+02   2.25e-01   9.71e-01
hx2_105_3  6.14e+01   -3.86e-01  4.18e-02   -2.73e-01  9.79e-01
hx2_105_4  4.90e-02   -4.14e-01  5.10e-02   -9.94e+01  9.96e-01
hx2_106_0  -1.49e+00  6.09e-02   -7.00e-01  -8.68e-01  9.89e-01
hx2_106_1  5.92e-03   1.12e+03   -2.37e+02  2.11e-01   9.96e-01
hx2_106_2  -4.43e-02  -1.50e+02  7.55e+01   1.72e-01   9.86e-01
hx2_106_3  -3.83e-02  -1.33e+02  8.34e+01   1.92e-01   9.85e-01
hx2_106_4  -2.48e+01  -4.01e-01  5.59e-02   2.32e-01   9.96e-01
hx2_107_0  3.88e-03   6.77e-01   2.37e+00   -1.15e+02  9.87e-01
hx2_107_1  -6.85e-01  -8.41e+00  2.96e+00   1.65e-01   9.96e-01
hx2_107_2  -6.76e-02  -1.55e+01  4.34e+01   1.70e-01   9.77e-01
hx2_107_3  -6.14e-02  8.39e-01   4.77e+01   1.82e-01   9.91e-01
hx2_107_4  -3.43e-01  -1.73e+01  6.63e+00   1.49e-01   9.95e-01
hx2_108_0  8.07e-02   -1.65e-01  2.23e-01   -5.28e+01  9.88e-01
hx2_108_1  -5.08e+00  -1.87e+00  4.58e-01   1.91e-01   9.95e-01
hx2_108_2  -5.84e-02  -1.12e+02  5.73e+01   1.72e-01   9.71e-01
hx2_108_3  -7.15e-02  -7.93e+01  4.89e+01   1.67e-01   9.93e-01
hx2_108_4  -6.47e+00  -1.63e+00  5.06e-01   1.45e-01   9.94e-01
hx2_109_0  -9.94e-03  -5.88e+00  -1.80e+01  -2.46e+00  9.95e-01
hx2_109_1  -3.85e-01  -1.46e+01  5.37e+00   1.43e-01   9.97e-01
hx2_109_2  7.69e+01   -4.22e-01  4.77e-02   -1.58e-01  9.68e-01
hx2_109_3  -2.75e-01  -8.38e-01  1.32e-01   1.77e+01   9.93e-01
hx2_109_4  -1.12e-01  -6.02e+01  2.66e+01   1.60e-01   9.95e-01
hx2_110_0  -1.12e-02  -7.96e+00  -1.03e+01  -1.92e+00  9.97e-01
hx2_110_1  1.56e-01   -1.22e-01  3.14e-02   -3.49e+01  9.98e-01
hx2_110_2  8.20e+00   -7.03e-01  1.08e-01   -6.64e-01  9.84e-01
hx2_110_3  -2.62e-01  -5.27e+00  1.02e+01   3.18e-01   9.91e-01
hx2_110_4  6.71e+01   -4.68e-01  5.81e-02   -1.79e-01  9.93e-01
hx2_111_0  -4.96e+01  -4.95e-01  8.94e-02   -5.53e-02  1.00e+00
hx2_111_1  -1.98e-02  7.61e+00   1.03e+01   -4.42e+00  1.01e+00
hx2_111_2  -1.49e-01  -4.98e+01  4.81e+01   3.49e-02   9.93e-01
hx2_111_3  -2.84e-01  -2.64e+01  2.64e+01   4.00e-02   9.97e-01
hx2_111_4  -1.78e-01  -4.53e+01  4.30e+01   3.14e-02   9.97e-01
hy2_0_0    6.64e+02   -3.42e-01  4.75e-02   5.78e-02   1.01e+00
hy2_0_1    -4.47e-01  -4.05e-01  5.02e-02   -1.73e+02  1.02e+00
hy2_0_2    -2.69e-01  -4.03e-01  4.50e-02   -3.35e+02  8.92e-01
hy2_0_3    -1.89e-01  -4.05e-01  4.48e-02   -4.72e+02  8.89e-01
hy2_0_4    5.92e+02   -3.52e-01  5.36e-02   2.11e-02   1.00e+00
hy2_1_0    -2.09e-01  -9.77e-01  4.91e-03   -4.73e+01  9.93e-01
hy2_1_1    -4.78e-01  -5.29e-01  8.00e-02   -9.48e+01  1.02e+00
hy2_1_2    -1.05e-01  -4.82e-01  5.94e-02   -4.66e+02  8.73e-01
hy2_1_3    -1.15e-01  -4.72e-01  5.71e-02   -4.45e+02  8.74e-01
hy2_1_4    3.52e+02   -3.51e-01  5.65e-02   -1.35e-02  9.94e-01
hy2_2_0    5.58e+01   -5.23e-01  1.50e-01   -5.34e-02  9.94e-01
hy2_2_1    -3.71e-01  -5.04e-01  7.24e-02   -1.26e+02  1.02e+00
hy2_2_2    -3.80e-02  9.00e+02   -2.50e+02  1.36e-01   9.76e-01
hy2_2_3    3.10e+02   -3.12e-01  3.59e-02   1.37e-01   9.85e-01
hy2_2_4    4.22e+01   -5.21e-01  1.79e-01   -1.02e-01  9.91e-01
hy2_3_0    9.98e+01   -4.52e-01  9.70e-02   -2.27e-02  9.96e-01
hy2_3_1    9.77e+01   -4.41e-01  9.95e-02   3.39e-01   1.02e+00
hy2_3_2    5.87e-02   -4.72e+02  1.32e+02   8.67e-02   9.79e-01
hy2_3_3    5.95e-02   -4.65e+02  1.31e+02   7.91e-02   9.78e-01
hy2_3_4    2.07e-03   4.43e+01   7.99e+00   -3.74e+01  9.92e-01
hy2_4_0    8.99e-04   6.03e+01   8.12e+00   -6.24e+01  9.93e-01
hy2_4_1    -6.40e-01  -4.68e-01  6.44e-02   -6.91e+01  1.02e+00
hy2_4_2    1.02e+02   -4.84e-01  9.56e-02   7.33e-02   9.78e-01
hy2_4_3    -7.81e-02  -4.75e-01  2.64e-02   -2.40e+02  9.76e-01
hy2_4_4    1.22e-03   5.67e+01   1.12e+01   -4.96e+01  9.91e-01
hy2_5_0    3.36e+01   -6.25e-01  2.13e-01   -8.49e-02  9.93e-01
hy2_5_1    -3.03e-01  -4.92e-01  6.62e-02   -1.41e+02  1.02e+00
hy2_5_2    1.00e+02   -3.84e-01  7.80e-02   8.21e-02   9.89e-01
hy2_5_3    8.62e+01   -3.90e-01  8.72e-02   7.21e-02   9.87e-01
hy2_5_4    2.74e+01   -6.93e-01  2.62e-01   -1.22e-01  9.90e-01
hy2_6_0    1.29e+00   4.05e-01   2.62e-01   -2.50e+00  9.90e-01
hy2_6_1    -2.66e+01  -5.17e-01  7.15e-02   -1.44e+00  1.01e+00
hy2_6_2    1.14e+02   -4.24e-01  6.85e-02   5.80e-02   9.83e-01
hy2_6_3    1.30e+02   -4.24e-01  6.46e-02   4.72e-02   9.79e-01
hy2_6_4    1.51e+00   2.36e-01   2.21e-01   -3.16e+00  9.88e-01
hy2_7_0    1.57e+02   -3.13e-01  7.37e-02   -8.80e-03  9.95e-01
hy2_7_1    -2.10e-01  -4.75e-01  6.76e-02   -2.01e+02  1.02e+00
hy2_7_2    -3.57e-02  -4.13e-01  4.14e-02   -1.10e+03  9.86e-01
hy2_7_3    4.91e+02   -2.38e-01  2.20e-02   1.86e-01   9.94e-01
hy2_7_4    -3.52e-01  -2.61e+01  -6.89e+00  -2.77e-01  9.88e-01
hy2_8_0    3.54e+02   -4.51e-01  7.66e-02   6.98e-02   1.01e+00
hy2_8_1    -1.03e+00  -4.95e-01  7.15e-02   -4.70e+01  1.01e+00
hy2_8_2    1.31e+02   -1.82e-01  5.17e-02   1.76e-01   9.86e-01
hy2_8_3    1.63e+02   -1.71e-01  4.28e-02   1.69e-01   9.86e-01
hy2_8_4    3.30e+02   -4.55e-01  8.24e-02   4.84e-02   1.00e+00
hy2_9_0    4.11e+01   -9.80e-01  3.13e-01   3.54e-02   9.92e-01
hy2_9_1    -1.97e-01  -4.74e-01  6.25e-02   -2.24e+02  1.02e+00
hy2_9_2    3.22e+02   -2.47e-01  3.07e-02   1.53e-01   9.94e-01
hy2_9_3    3.30e+02   -2.49e-01  3.00e-02   1.46e-01   9.95e-01
hy2_9_4    2.85e-01   -7.79e+01  3.87e+01   8.40e-03   9.81e-01
hy2_10_0   1.35e+01   -1.51e+00  6.70e-01   -5.11e-02  9.94e-01
hy2_10_1   -1.47e-01  -5.16e-01  6.46e-02   -1.97e+02  1.01e+00
hy2_10_2   1.83e-01   3.08e+01   1.20e+01   1.59e-01   9.93e-01
hy2_10_3   3.15e-01   1.31e+01   -2.11e+00  -4.64e-01  9.92e-01
hy2_10_4   -2.04e+00  -4.93e-01  -7.32e-02  -5.64e+00  9.90e-01
hy2_11_0   2.17e+01   -8.14e-01  3.37e-01   -6.64e-02  9.93e-01
hy2_11_1   -2.38e-01  -5.05e-01  6.05e-02   -1.18e+02  1.01e+00
hy2_11_2   5.18e-02   -8.64e+01  7.08e+01   1.18e-01   9.97e-01
hy2_11_3   7.97e-02   -5.06e+01  4.22e+01   1.05e-01   9.97e-01
hy2_11_4   3.94e+01   -5.85e-01  1.87e-01   -1.25e-01  9.89e-01
hy2_12_0   -4.94e-01  -6.00e-01  -5.08e-02  -1.85e+01  9.93e-01
hy2_12_1   -1.62e-01  -7.65e-01  1.25e-01   -6.73e+01  1.01e+00
hy2_12_2   1.67e+01   -3.45e-02  7.31e-02   6.48e-02   9.97e-01
hy2_12_3   -3.16e-02  -1.18e+02  -6.86e+00  -5.87e-02  9.95e-01
hy2_12_4   5.21e+01   -5.47e-01  1.52e-01   -1.21e-01  9.89e-01
hy2_13_0   1.35e+00   -5.76e+00  -6.45e-01  7.46e-01   9.92e-01
hy2_13_1   2.09e+01   -7.43e-01  9.72e-02   5.73e-01   1.01e+00
hy2_13_2   7.27e-02   6.27e+01   5.28e+00   3.21e-02   9.91e-01
hy2_13_3   3.26e-01   -2.96e-02  1.47e-02   -1.47e+01  9.92e-01
hy2_13_4   1.57e+00   -3.89e+00  2.80e+00   -2.54e-01  9.87e-01
hy2_14_0   -5.77e-01  2.92e+01   1.16e+00   4.89e-01   9.95e-01
hy2_14_1   -7.35e-01  -4.44e-01  5.18e-02   -5.33e+01  1.02e+00
hy2_14_2   5.59e+01   -1.68e-01  2.32e-02   9.24e-02   9.87e-01
hy2_14_3   4.33e+01   -1.65e-01  2.15e-02   4.17e-02   9.87e-01
hy2_14_4   1.17e+01   -1.50e+00  6.51e-01   -1.05e-01  9.91e-01
hy2_15_0   -2.36e+01  -3.79e-01  -9.92e-02  -1.78e-01  9.93e-01
hy2_15_1   -2.97e-01  -5.01e-01  6.40e-02   -8.84e+01  1.01e+00
hy2_15_2   8.07e+01   -2.91e-01  5.71e-02   9.24e-02   9.93e-01
hy2_15_3   7.45e+01   -2.99e-01  6.36e-02   8.09e-02   9.91e-01
hy2_15_4   1.76e-03   1.12e+03   7.06e+02   -6.30e-01  9.88e-01
hy2_16_0   4.59e+02   -3.12e-01  4.56e-02   2.07e-02   9.92e-01
hy2_16_1   -2.87e-01  -5.99e-01  1.04e-01   -1.03e+02  1.00e+00
hy2_16_2   -9.16e-02  -5.79e-01  7.33e-02   -4.03e+02  9.09e-01
hy2_16_3   -7.77e-02  -5.75e-01  7.11e-02   -4.93e+02  9.07e-01
hy2_16_4   3.74e+02   -3.17e-01  5.42e-02   -1.03e-02  9.86e-01
hy2_17_0   9.08e+01   -5.96e-01  1.46e-01   2.77e-02   9.99e-01
hy2_17_1   -4.12e-01  -4.75e-01  6.71e-02   -1.12e+02  1.02e+00
hy2_17_2   1.80e-01   -4.44e+01  3.74e+01   1.56e-01   9.94e-01
hy2_17_3   1.82e-01   -3.14e+01  3.53e+01   1.50e-01   9.95e-01
hy2_17_4   -1.25e+00  1.51e+01   1.02e-01   5.49e-01   9.94e-01
hy2_18_0   4.14e+00   -6.95e+00  2.51e+00   2.94e-02   1.00e+00
hy2_18_1   -1.52e-01  -4.92e-01  7.11e-02   -2.27e+02  1.02e+00
hy2_18_2   -1.59e-02  -3.82e-01  4.05e-02   -1.31e+03  9.87e-01
hy2_18_3   8.89e-06   3.97e+02   -7.03e+01  -8.24e+02  9.80e-01
hy2_18_4   1.81e+02   -4.82e-01  9.12e-02   7.92e-03   9.99e-01
hy2_19_0   2.35e+02   -4.19e-01  6.22e-02   6.07e-02   1.01e+00
hy2_19_1   -1.05e-01  -4.41e-01  6.56e-02   -2.89e+02  1.01e+00
hy2_19_2   -4.02e-02  3.04e+01   2.38e+01   1.61e-01   9.87e-01
hy2_19_3   3.75e+01   -4.58e-01  4.96e-02   -9.94e-02  9.88e-01
hy2_19_4   2.89e+02   -4.40e-01  6.83e-02   2.26e-02   1.00e+00
hy2_20_0   -7.10e-02  -4.21e-01  1.40e-02   -3.14e+02  1.00e+00
hy2_20_1   -1.43e-01  -5.02e-01  7.28e-02   -1.34e+02  1.01e+00
hy2_20_2   -4.45e-02  4.00e+01   4.01e+01   2.61e-02   9.94e-01
hy2_20_3   -1.32e-01  1.14e+01   1.69e+01   6.29e-02   9.95e-01
hy2_20_4   2.31e+02   -4.48e-01  7.43e-02   7.39e-04   9.99e-01
hy2_21_0   -4.95e-02  -4.43e-01  1.59e-02   -4.27e+02  9.99e-01
hy2_21_1   -1.53e-01  -4.09e-01  5.50e-02   -2.02e+02  1.01e+00
hy2_21_2   1.63e-01   1.20e+01   -3.73e-01  1.10e+00   9.95e-01
hy2_21_3   -7.91e+00  -3.60e-01  2.72e-01   5.69e-02   9.96e-01
hy2_21_4   -1.36e-01  -4.25e-01  -6.57e-03  -1.60e+02  9.95e-01
hy2_22_0   -5.25e-02  -4.42e-01  1.46e-02   -4.55e+02  9.98e-01
hy2_22_1   -2.30e-01  -4.69e-01  7.12e-02   -1.22e+02  1.01e+00
hy2_22_2   -9.39e-02  1.36e+00   1.08e+01   -6.41e-02  9.91e-01
hy2_22_3   -7.08e-02  -4.40e+00  2.01e+01   1.53e-02   9.92e-01
hy2_22_4   2.75e+02   -4.18e-01  6.82e-02   1.16e-02   9.99e-01
hy2_23_0   2.56e+02   -4.34e-01  6.56e-02   6.88e-02   1.01e+00
hy2_23_1   -2.28e-01  -4.40e-01  5.92e-02   -2.11e+02  1.02e+00
hy2_23_2   -2.43e-02  -4.20e-01  5.54e-02   -7.43e+02  9.87e-01
hy2_23_3   -3.18e-02  -4.20e-01  5.44e-02   -5.55e+02  9.87e-01
hy2_23_4   9.45e-05   2.53e+02   -7.30e-01  -2.59e+02  9.91e-01
hy2_24_0   6.32e+02   -3.18e-01  4.96e-02   4.32e-02   1.00e+00
hy2_24_1   -4.66e-01  -5.77e-01  9.18e-02   -8.43e+01  1.01e+00
hy2_24_2   -1.97e-01  -4.61e-01  5.38e-02   -3.07e+02  9.16e-01
hy2_24_3   -1.00e-01  -4.55e-01  5.15e-02   -6.20e+02  9.19e-01
hy2_24_4   6.15e+02   -3.29e-01  5.41e-02   9.10e-03   9.96e-01
hy2_25_0   1.54e+02   -5.95e-01  1.36e-01   2.93e-02   9.97e-01
hy2_25_1   -9.63e-01  -4.32e-01  5.75e-02   -6.53e+01  1.02e+00
hy2_25_2   2.87e+02   -1.44e-01  2.55e-02   1.89e-01   9.91e-01
hy2_25_3   3.05e+02   -1.56e-01  2.52e-02   1.89e-01   9.92e-01
hy2_25_4   -4.16e-01  -4.56e-01  -1.41e-03  -8.64e+01  9.91e-01
hy2_26_0   -1.58e-01  -4.29e-01  1.32e-02   -1.83e+02  9.99e-01
hy2_26_1   -3.66e-01  -4.70e-01  7.01e-02   -1.31e+02  1.01e+00
hy2_26_2   -5.72e-02  -3.11e-01  4.20e-02   -3.87e+02  9.74e-01
hy2_26_3   -5.34e-02  -3.01e-01  4.20e-02   -3.96e+02  9.77e-01
hy2_26_4   2.07e+02   -4.42e-01  8.09e-02   1.16e-02   9.99e-01
hy2_27_0   1.29e+02   -5.16e-01  1.08e-01   3.10e-02   1.00e+00
hy2_27_1   -2.31e-01  -4.99e-01  8.04e-02   -1.62e+02  1.01e+00
hy2_27_2   -4.79e-02  2.24e+00   3.26e+00   -2.33e+00  9.82e-01
hy2_27_3   -2.49e-02  2.05e-01   2.19e-01   -5.65e+01  9.81e-01
hy2_27_4   -1.95e-01  1.17e+02   -5.63e+01  4.71e-03   9.97e-01
hy2_28_0   1.10e+02   -4.88e-01  1.08e-01   2.14e-02   9.98e-01
hy2_28_1   -6.79e-01  -5.03e-01  7.95e-02   -5.66e+01  1.01e+00
hy2_28_2   -1.77e-01  2.00e+00   6.98e+00   -2.20e-01  9.82e-01
hy2_28_3   -1.34e-01  1.12e+00   1.07e+01   -1.46e-01  9.81e-01
hy2_28_4   1.54e+02   -4.30e-01  8.94e-02   4.94e-03   9.96e-01
hy2_29_0   1.95e+01   -1.43e+00  5.29e-01   2.65e-02   9.97e-01
hy2_29_1   -3.29e-01  -4.79e-01  7.18e-02   -1.32e+02  1.02e+00
hy2_29_2   -2.62e-03  3.26e+01   4.18e-01   -2.65e+01  9.79e-01
hy2_29_3   -3.45e-01  -5.14e+00  8.33e+00   1.41e-02   9.80e-01
hy2_29_4   2.70e+02   -3.95e-01  6.53e-02   1.58e-02   9.99e-01
hy2_30_0   2.27e+02   -4.32e-01  7.26e-02   3.29e-02   1.00e+00
hy2_30_1   2.17e-04   1.60e+02   -4.01e+01  -2.78e+02  1.00e+00
hy2_30_2   -5.39e-02  -2.73e-01  3.22e-02   -3.22e+02  9.83e-01
hy2_30_3   -6.32e-02  -2.60e-01  3.17e-02   -2.56e+02  9.80e-01
hy2_30_4   2.67e+00   -8.98e+00  4.21e+00   8.66e-03   9.96e-01
hy2_31_0   3.84e+02   -3.96e-01  5.72e-02   9.26e-02   1.02e+00
hy2_31_1   -3.50e-01  -4.88e-01  7.38e-02   -1.41e+02  1.01e+00
hy2_31_2   -4.05e-02  -9.55e-01  1.69e-01   -1.34e+02  9.73e-01
hy2_31_3   -3.58e-02  -1.34e+00  2.71e-01   -8.84e+01  9.74e-01
hy2_31_4   3.65e+02   -4.10e-01  6.34e-02   6.66e-02   1.01e+00
hy2_32_0   7.29e+01   -3.35e-01  5.27e-02   6.82e-02   1.00e+00
hy2_32_1   -8.28e-01  -5.21e-01  1.10e-01   -1.99e+01  9.84e-01
hy2_32_2   7.65e+01   5.12e-02   6.40e-03   1.78e-01   9.68e-01
hy2_32_3   -4.63e+01  -4.70e-01  4.54e-02   1.35e-01   9.58e-01
hy2_32_4   1.22e+00   -1.69e+00  1.44e+00   1.20e-01   1.00e+00
hy2_33_0   3.53e+01   -6.34e-01  1.28e-01   1.03e-01   1.00e+00
hy2_33_1   -5.23e-01  -1.43e+01  4.39e+00   -6.48e-01  9.85e-01
hy2_33_2   -2.96e-02  -4.73e+02  9.42e+01   -1.59e-01  9.73e-01
hy2_33_3   2.76e+02   -2.44e-01  1.16e-02   6.46e-02   9.70e-01
hy2_33_4   -5.71e+01  -3.80e-01  3.48e-02   -1.28e-01  1.00e+00
hy2_34_0   7.14e+01   -3.55e-01  5.58e-02   1.22e-01   1.00e+00
hy2_34_1   -5.02e+01  -5.78e-01  1.03e-01   -2.21e-01  9.89e-01
hy2_34_2   6.24e-03   7.12e+00   -2.99e+00  -1.38e+01  9.77e-01
hy2_34_3   2.54e+02   -3.21e-01  2.34e-02   1.41e-03   9.79e-01
hy2_34_4   8.03e-03   -2.08e+02  4.01e+01   7.34e-01   1.00e+00
hy2_35_0   4.07e+01   -5.12e-01  9.36e-02   1.14e-01   1.00e+00
hy2_35_1   -1.36e-01  -6.54e-01  1.47e-01   -4.95e+01  9.87e-01
hy2_35_2   -1.47e-02  -3.03e+02  1.13e+02   -1.12e-01  9.85e-01
hy2_35_3   -4.66e-06  4.35e+02   -4.56e+01  -7.29e+02  9.84e-01
hy2_35_4   6.71e-03   2.86e+02   5.11e+01   1.60e-01   1.00e+00
hy2_36_0   -7.38e-02  -4.26e-01  2.62e-02   -1.39e+02  1.00e+00
hy2_36_1   -1.86e-01  -3.81e+01  8.98e+00   -5.39e-01  9.71e-01
hy2_36_2   8.80e+01   -3.84e-01  2.35e-02   7.64e-02   9.86e-01
hy2_36_3   -1.07e-01  5.41e+01   1.52e+01   1.84e-01   9.83e-01
hy2_36_4   7.55e-03   -2.28e-01  1.77e-02   -6.70e+02  9.99e-01
hy2_37_0   5.06e+01   -5.08e-01  9.37e-02   4.73e-02   1.00e+00
hy2_37_1   1.26e-01   -1.40e+00  2.54e+01   9.15e-02   9.91e-01
hy2_37_2   -4.66e-02  -5.43e-01  1.05e-01   -1.00e+02  9.97e-01
hy2_37_3   4.12e+01   -3.18e-01  2.32e-02   -8.51e-02  9.89e-01
hy2_37_4   2.07e-02   -2.57e-01  3.01e-02   -2.37e+02  9.98e-01
hy2_38_0   4.11e+01   -5.56e-01  1.17e-01   6.42e-02   1.00e+00
hy2_38_1   -2.71e-02  -7.15e+01  -2.89e+01  -4.02e-01  9.89e-01
hy2_38_2   -5.99e-02  -8.51e+01  3.33e+01   1.17e-01   9.86e-01
hy2_38_3   4.80e+01   -3.92e-01  4.02e-02   -2.68e-01  9.81e-01
hy2_38_4   -2.88e+01  -5.07e-01  4.64e-02   1.20e-01   9.98e-01
hy2_39_0   -8.95e-01  1.61e+01   -5.69e+00  5.17e-02   1.00e+00
hy2_39_1   1.20e+01   -2.66e-01  1.09e-01   -2.77e-01  9.93e-01
hy2_39_2   -1.08e-02  6.17e+02   9.09e+01   2.08e-01   9.86e-01
hy2_39_3   1.86e+02   -4.18e-01  4.57e-02   -2.98e-02  9.88e-01
hy2_39_4   1.24e-02   -3.06e-01  3.42e-02   -4.05e+02  9.97e-01
hy2_40_0   -2.62e-01  3.78e+01   -1.58e+01  5.13e-02   1.00e+00
hy2_40_1   -1.80e-01  -3.79e+00  -2.80e+00  -6.41e-01  9.92e-01
hy2_40_2   1.35e+02   -3.48e-01  3.19e-02   -9.13e-02  9.69e-01
hy2_40_3   5.67e+01   -4.02e-01  4.48e-02   -2.21e-01  9.78e-01
hy2_40_4   1.80e-02   -2.81e-01  3.06e-02   -3.59e+02  9.97e-01
hy2_41_0   1.62e+02   -2.63e-01  2.74e-02   1.84e-01   1.01e+00
hy2_41_1   -2.05e+00  -6.55e-01  1.51e-01   -5.39e+00  9.85e-01
hy2_41_2   -1.09e-01  -3.00e-01  5.65e-02   -1.08e+02  9.81e-01
hy2_41_3   -2.60e-01  1.73e-02   2.06e-02   -2.10e+01  9.73e-01
hy2_41_4   -5.28e-02  -4.50e-01  6.03e-02   -1.44e+02  1.00e+00
hy2_42_0   5.60e+01   -4.57e-01  4.44e-02   3.17e-01   1.01e+00
hy2_42_1   -1.76e-01  -1.26e+00  3.62e-01   -2.38e+01  9.92e-01
hy2_42_2   2.43e+02   -1.46e-01  1.10e-02   2.37e-01   9.82e-01
hy2_42_3   1.86e+02   -3.33e-01  2.42e-02   3.97e-03   9.73e-01
hy2_42_4   -1.17e+01  -4.30e-01  5.07e-02   -5.60e-01  1.00e+00
hy2_43_0   1.11e+02   -4.31e-01  5.85e-02   1.02e-01   1.00e+00
hy2_43_1   -6.80e-01  -5.54e-01  1.25e-01   -1.44e+01  9.93e-01
hy2_43_2   -2.58e-02  -4.00e-01  1.18e-01   -1.92e+02  9.86e-01
hy2_43_3   -1.52e-02  -4.04e+02  1.76e+02   5.14e-02   9.84e-01
hy2_43_4   3.14e-02   -1.03e+00  1.80e-01   2.00e+01   1.00e+00
hy2_44_0   1.15e+02   -3.95e-01  5.14e-02   1.03e-01   1.00e+00
hy2_44_1   5.08e+01   -4.06e-02  6.30e-02   1.81e-01   9.89e-01
hy2_44_2   -2.16e-02  -1.90e+02  9.51e+01   2.06e-02   9.79e-01
hy2_44_3   -3.88e-02  -1.61e+02  8.09e+01   1.30e-01   9.78e-01
hy2_44_4   -1.74e+01  -5.23e-01  7.31e-02   2.66e-04   9.99e-01
hy2_45_0   -4.00e-02  4.30e+02   -1.25e+02  9.53e-02   1.00e+00
hy2_45_1   -6.75e-02  -2.93e+00  -2.98e+00  -1.35e+00  9.94e-01
hy2_45_2   -3.18e-02  3.08e-01   -4.77e-02  -4.31e+01  9.87e-01
hy2_45_3   -1.14e-01  -3.43e+01  1.82e+01   2.11e-01   9.83e-01
hy2_45_4   -2.74e+01  -4.93e-01  6.95e-02   5.05e-02   9.99e-01
hy2_46_0   -7.47e-02  2.97e+02   -9.04e+01  7.07e-02   1.00e+00
hy2_46_1   3.60e-02   -3.36e-01  5.12e-02   -1.11e+02  9.97e-01
hy2_46_2   -8.25e-03  -8.26e+02  2.45e+02   7.51e-02   9.88e-01
hy2_46_3   1.25e+02   -3.54e-01  3.13e-02   -8.59e-02  9.89e-01
hy2_46_4   -3.88e+01  -4.15e-01  5.29e-02   7.72e-02   9.98e-01
hy2_47_0   5.43e-06   8.14e+02   -3.89e+01  -9.88e+02  9.96e-01
hy2_47_1   -3.03e+01  -3.55e-01  2.79e-02   2.38e-01   9.97e-01
hy2_47_2   1.68e+02   -3.47e-01  2.87e-02   4.61e-03   9.88e-01
hy2_47_3   -2.63e-02  -8.09e+01  6.25e+01   2.39e-01   9.89e-01
hy2_47_4   -2.36e+01  -3.81e-01  2.85e-02   2.79e-01   9.97e-01
hy2_48_0   1.91e+01   -1.68e+00  5.24e-01   2.94e-02   1.00e+00
hy2_48_1   -2.28e+01  -4.98e-01  8.60e-02   9.97e-02   9.97e-01
hy2_48_2   1.57e+02   -3.69e-01  3.15e-02   -3.03e-02  9.89e-01
hy2_48_3   -4.31e-02  -6.72e-01  8.85e-02   1.38e+02   9.88e-01
hy2_48_4   -2.83e+01  -4.15e-01  5.90e-02   1.20e-01   9.97e-01
hy2_49_0   3.75e-04   1.17e+02   3.04e+00   -9.41e+01  9.95e-01
hy2_49_1   -1.95e+01  -6.19e-01  9.81e-02   1.14e-01   9.96e-01
hy2_49_2   7.63e+01   -5.32e-01  6.26e-02   -8.65e-02  9.71e-01
hy2_49_3   -1.68e-01  2.72e+01   1.89e+01   1.96e-01   9.84e-01
hy2_49_4   -1.14e+01  -3.83e-01  3.18e-02   5.57e-01   9.96e-01
hy2_50_0   1.86e+02   -2.29e-01  2.11e-02   1.96e-01   1.01e+00
hy2_50_1   -1.27e-01  -1.46e+00  6.66e-01   -1.50e+01  9.95e-01
hy2_50_2   -1.65e-03  2.10e+01   7.18e+00   -1.73e+01  9.79e-01
hy2_50_3   -3.39e-02  -1.33e+02  8.33e+01   7.80e-02   9.68e-01
hy2_50_4   -4.41e-02  -9.21e-01  2.28e-01   -2.65e+01  1.00e+00
hy2_51_0   1.16e+02   -3.59e-01  4.29e-02   1.53e-01   1.01e+00
hy2_51_1   -3.86e-02  -1.05e+02  3.54e+01   -7.19e-01  9.93e-01
hy2_51_2   -1.82e-02  -3.46e-01  1.29e-01   -1.19e+02  9.87e-01
hy2_51_3   -1.45e-02  -1.01e+02  1.08e+02   1.05e-01   9.87e-01
hy2_51_4   -6.34e-04  -2.17e+03  5.70e+02   -5.27e-01  1.00e+00
hy2_52_0   -3.93e-02  -3.62e-01  2.77e-02   -4.64e+02  1.00e+00
hy2_52_1   -2.32e-01  -1.07e+00  1.66e-01   -7.29e+00  9.91e-01
hy2_52_2   -3.99e-02  -1.03e+01  6.72e+00   -8.08e-01  9.91e-01
hy2_52_3   -7.25e-02  -6.29e+01  2.08e+01   1.42e-01   9.86e-01
hy2_52_4   -1.10e+00  -2.23e+00  6.35e-01   -2.20e-02  9.99e-01
hy2_53_0   1.06e+02   -4.28e-01  5.91e-02   7.77e-02   1.00e+00
hy2_53_1   -6.00e+01  -1.53e-01  1.59e-02   3.13e-01   9.95e-01
hy2_53_2   -2.66e+00  6.78e-01   -1.00e-01  -7.82e-01  9.86e-01
hy2_53_3   1.70e+01   -8.29e-01  1.10e-01   -2.27e-01  9.87e-01
hy2_53_4   -4.05e+01  -4.31e-01  5.67e-02   6.15e-02   9.98e-01
hy2_54_0   9.43e+01   -5.76e-01  1.06e-01   4.80e-02   1.00e+00
hy2_54_1   -2.30e-01  -3.18e+01  8.29e+00   9.85e-02   9.97e-01
hy2_54_2   -1.01e-02  -8.08e+01  1.03e+01   2.45e+00   9.89e-01
hy2_54_3   -8.09e-02  -5.36e+01  3.95e+01   1.66e-01   9.89e-01
hy2_54_4   -1.90e-01  -3.23e+01  9.35e+00   7.54e-02   9.98e-01
hy2_55_0   -1.75e-01  -3.72e-01  6.88e-03   -1.38e+02  1.00e+00
hy2_55_1   -1.47e+01  -5.97e-01  1.31e-01   8.02e-02   9.98e-01
hy2_55_2   1.10e+02   -2.20e-01  -1.27e-02  1.24e-01   9.93e-01
hy2_55_3   -4.16e-02  -8.52e+01  7.47e+01   1.81e-01   9.88e-01
hy2_55_4   -1.93e+01  -5.56e-01  1.04e-01   7.47e-02   9.98e-01
hy2_56_0   -1.01e+00  -3.74e-01  -3.39e-04  -2.23e+01  9.98e-01
hy2_56_1   -2.80e+00  -2.54e+00  7.68e-01   8.90e-02   9.98e-01
hy2_56_2   -2.67e-02  -1.22e+02  8.76e+01   1.30e-01   9.88e-01
hy2_56_3   -3.92e-02  -7.35e+01  7.06e+01   1.67e-01   9.92e-01
hy2_56_4   1.56e-01   4.19e+01   -1.37e+01  9.14e-02   9.97e-01
hy2_57_0   3.66e-01   -4.89e+01  2.11e+01   -3.63e-02  9.96e-01
hy2_57_1   -1.42e+01  -7.44e-01  1.55e-01   1.11e-01   9.97e-01
hy2_57_2   -6.19e-02  2.60e+01   3.50e+01   1.75e-01   9.88e-01
hy2_57_3   6.02e+01   -4.89e-01  5.66e-02   -1.32e-01  9.91e-01
hy2_57_4   -1.36e+01  -7.41e-01  1.59e-01   1.11e-01   9.97e-01
hy2_58_0   -5.53e+01  -1.25e-01  -7.92e-02  -8.88e-02  9.94e-01
hy2_58_1   -1.47e-01  -3.43e+01  1.18e+01   1.35e-01   9.97e-01
hy2_58_2   -2.39e-02  -4.37e+02  1.36e+02   1.36e-01   9.90e-01
hy2_58_3   -1.41e-01  -6.72e+01  2.13e+01   2.10e-01   9.88e-01
hy2_58_4   -2.81e-01  -1.79e+01  6.53e+00   1.33e-01   9.97e-01
hy2_59_0   2.06e+02   -2.27e-01  1.99e-02   2.03e-01   1.01e+00
hy2_59_1   -3.32e-01  -3.51e-01  9.16e-02   -3.63e+01  9.96e-01
hy2_59_2   -4.12e-02  -3.60e-01  8.47e-02   -1.82e+02  9.82e-01
hy2_59_3   -3.84e-03  1.77e+01   7.14e-01   -1.28e+01  9.75e-01
hy2_59_4   -2.73e-02  -6.09e+00  2.68e+00   -2.37e+00  1.00e+00
hy2_60_0   1.27e+02   -3.51e-01  4.04e-02   1.25e-01   1.00e+00
hy2_60_1   -4.52e+01  -4.60e-01  6.09e-02   -1.41e-01  9.91e-01
hy2_60_2   -8.55e-05  1.21e+02   -2.83e+00  -1.01e+02  9.83e-01
hy2_60_3   -1.68e-02  4.79e+01   1.23e+02   1.45e-01   9.84e-01
hy2_60_4   -7.43e-03  -3.23e+02  7.67e+01   -8.24e-02  1.00e+00
hy2_61_0   1.01e+02   -4.49e-01  5.91e-02   8.37e-02   1.00e+00
hy2_61_1   3.27e+00   -4.18e-01  5.87e-02   -1.30e+00  9.96e-01
hy2_61_2   -4.17e-02  -1.16e+00  3.79e+01   6.00e-02   9.86e-01
hy2_61_3   2.84e-01   -5.16e+00  -8.07e+00  1.37e-01   9.89e-01
hy2_61_4   -1.56e+01  -5.61e-01  1.11e-01   5.61e-02   9.99e-01
hy2_62_0   6.05e-01   -2.44e+01  9.42e+00   2.19e-02   9.99e-01
hy2_62_1   -8.11e+00  -8.40e-01  2.72e-01   5.32e-02   9.98e-01
hy2_62_2   -1.48e+01  -5.55e-01  1.25e-01   5.37e-02   9.91e-01
hy2_62_3   -3.25e+01  -4.14e-01  7.58e-02   1.53e-01   9.90e-01
hy2_62_4   -3.53e+01  -4.60e-01  8.27e-02   3.67e-02   9.98e-01
hy2_63_0   -5.84e-01  -3.52e-01  -1.03e-02  -2.61e+01  9.96e-01
hy2_63_1   -3.53e+00  -1.40e+00  4.98e-01   8.30e-02   9.98e-01
hy2_63_2   -1.82e-01  -3.20e+01  1.61e+01   1.39e-01   9.86e-01
hy2_63_3   -3.29e+00  -1.82e+00  1.05e+00   1.60e-01   9.91e-01
hy2_63_4   -9.99e-01  -4.41e+00  1.73e+00   8.04e-02   9.98e-01
hy2_64_0   1.64e-04   1.09e+02   3.11e+01   -9.85e+01  9.93e-01
hy2_64_1   -2.02e+01  -6.72e-01  1.30e-01   7.93e-02   9.98e-01
hy2_64_2   -5.65e-02  5.63e+01   3.64e+01   1.54e-01   9.87e-01
hy2_64_3   -9.95e-02  -1.24e+01  2.96e+01   1.74e-01   9.92e-01
hy2_64_4   -2.38e+01  -6.29e-01  1.14e-01   7.95e-02   9.97e-01
hy2_65_0   1.65e-01   -5.41e+01  2.89e+01   -1.15e-01  9.93e-01
hy2_65_1   -4.22e+00  -1.63e+00  5.75e-01   9.46e-02   9.97e-01
hy2_65_2   -7.20e-02  -9.05e+00  3.31e+01   1.46e-01   9.91e-01
hy2_65_3   -1.37e-01  -1.44e+01  2.24e+01   1.75e-01   9.92e-01
hy2_65_4   -1.36e+01  -7.27e-01  2.02e-01   9.31e-02   9.97e-01
hy2_66_0   7.45e-04   4.75e+01   2.09e+01   -4.58e+01  9.91e-01
hy2_66_1   -6.86e-02  -9.39e+01  3.10e+01   1.20e-01   9.97e-01
hy2_66_2   -4.77e-02  -9.42e+01  5.15e+01   1.64e-01   9.87e-01
hy2_66_3   7.50e+01   -4.19e-01  4.31e-02   -1.58e-01  9.93e-01
hy2_66_4   -5.37e-02  -1.38e+02  4.68e+01   1.12e-01   9.97e-01
hy2_67_0   3.67e-02   -1.85e+02  1.15e+02   -1.62e-01  9.92e-01
hy2_67_1   -2.67e-01  -1.83e+01  6.86e+00   1.29e-01   9.96e-01
hy2_67_2   -2.86e-02  -1.48e+02  8.99e+01   1.42e-01   9.93e-01
hy2_67_3   -5.21e-02  -1.70e+02  6.74e+01   1.71e-01   9.91e-01
hy2_67_4   -2.20e-01  -2.86e+01  1.02e+01   1.21e-01   9.96e-01
hy2_68_0   1.80e+02   -2.05e-01  1.85e-02   2.14e-01   1.01e+00
hy2_68_1   -5.26e-01  -6.09e+00  2.07e+00   -8.14e-01  9.93e-01
hy2_68_2   1.35e+02   -3.75e-01  1.48e-02   4.46e-02   9.83e-01
hy2_68_3   -3.83e-02  9.16e+01   -9.70e+00  -8.33e-01  9.83e-01
hy2_68_4   -1.16e-01  -7.87e+00  4.41e+00   -1.90e-01  1.00e+00
hy2_69_0   9.27e+01   -3.57e-01  4.04e-02   1.51e-01   1.00e+00
hy2_69_1   1.70e-01   -7.82e-02  7.75e-02   -1.48e+01  9.93e-01
hy2_69_2   -2.57e-05  2.25e+02   -8.05e+00  -2.07e+02  9.86e-01
hy2_69_3   -3.48e-02  -2.22e+02  9.07e+01   1.24e-01   9.86e-01
hy2_69_4   -1.74e-05  1.04e+02   1.30e+01   -9.48e+01  1.00e+00
hy2_70_0   1.04e+02   -4.41e-01  6.24e-02   6.26e-02   1.00e+00
hy2_70_1   -2.70e+01  -4.55e-01  7.55e-02   9.86e-02   9.97e-01
hy2_70_2   -2.03e-02  -1.50e+02  1.35e+02   4.46e-02   9.90e-01
hy2_70_3   -1.10e-01  -6.66e+01  3.83e+01   1.04e-01   9.89e-01
hy2_70_4   -2.42e+01  -5.31e-01  9.76e-02   6.56e-02   9.98e-01
hy2_71_0   2.38e-01   -1.59e+01  1.05e+01   -8.50e-02  9.96e-01
hy2_71_1   -2.58e+01  -5.77e-01  1.23e-01   4.62e-02   9.98e-01
hy2_71_2   -3.66e-02  -3.26e+01  5.15e+01   5.40e-02   9.92e-01
hy2_71_3   -2.09e-01  -1.83e+01  1.50e+01   1.18e-01   9.91e-01
hy2_71_4   -3.08e+01  -5.60e-01  1.13e-01   4.54e-02   9.98e-01
hy2_72_0   1.01e-03   1.52e+01   2.33e+01   -2.32e+01  9.93e-01
hy2_72_1   -8.78e-02  -8.12e+01  2.82e+01   7.11e-02   9.98e-01
hy2_72_2   -3.19e-02  -1.58e+02  8.82e+01   1.30e-01   9.86e-01
hy2_72_3   -5.10e-02  -7.84e-01  9.65e-02   1.10e+02   9.92e-01
hy2_72_4   -2.90e-01  -2.49e+01  8.79e+00   7.24e-02   9.98e-01
hy2_73_0   1.16e-01   -4.57e+00  6.81e+00   -8.77e-01  9.91e-01
hy2_73_1   -1.91e-01  -3.33e+01  1.38e+01   9.93e-02   9.97e-01
hy2_73_2   -6.29e-02  -4.84e+01  3.99e+01   1.25e-01   9.91e-01
hy2_73_3   -1.43e-01  -3.31e+01  2.36e+01   1.60e-01   9.92e-01
hy2_73_4   -3.79e-01  -1.67e+01  7.24e+00   9.61e-02   9.97e-01
hy2_74_0   -2.69e-03  -9.13e+00  -2.91e+00  -7.16e+01  9.93e-01
hy2_74_1   -2.65e-01  -2.52e+01  1.01e+01   1.02e-01   9.97e-01
hy2_74_2   -5.88e-02  -4.32e+01  4.82e+01   1.34e-01   9.87e-01
hy2_74_3   -9.92e-02  -4.13e+01  3.48e+01   1.54e-01   9.93e-01
hy2_74_4   -4.13e-01  -1.77e+01  7.23e+00   1.02e-01   9.96e-01
hy2_75_0   1.88e-01   -3.23e-02  3.45e-01   -1.14e+01  9.90e-01
hy2_75_1   -1.23e-01  -6.56e+01  2.51e+01   9.14e-02   9.97e-01
hy2_75_2   -7.48e-02  -5.07e+01  3.43e+01   1.16e-01   9.87e-01
hy2_75_3   -1.80e-01  -3.17e+01  1.78e+01   1.38e-01   9.95e-01
hy2_75_4   -2.89e-01  -2.93e+01  1.16e+01   8.69e-02   9.97e-01
hy2_76_0   8.95e-04   1.97e+01   2.78e+01   -3.07e+01  9.91e-01
hy2_76_1   -3.36e-01  -2.39e+01  9.48e+00   1.02e-01   9.96e-01
hy2_76_2   -1.09e-01  -1.05e+02  3.21e+01   1.36e-01   9.77e-01
hy2_76_3   -2.88e-01  -4.59e+01  1.39e+01   1.42e-01   9.93e-01
hy2_76_4   -1.02e-01  -9.33e+01  3.66e+01   9.35e-02   9.96e-01
hy2_77_0   -5.19e-02  -3.96e-01  4.33e-02   -1.97e+02  1.00e+00
hy2_77_1   -6.96e+01  -4.33e-01  5.25e-02   -7.76e-02  9.93e-01
hy2_77_2   -9.34e-02  5.76e+01   1.14e+01   6.67e-02   9.82e-01
hy2_77_3   -1.82e-01  2.67e+01   1.36e+01   1.40e-01   9.81e-01
hy2_77_4   -1.57e+01  -3.94e-01  6.88e-02   1.43e-02   9.99e-01
hy2_78_0   8.39e+01   -2.89e-01  3.42e-02   1.98e-01   1.00e+00
hy2_78_1   -8.03e+01  -1.97e-01  1.79e-02   2.23e-01   9.95e-01
hy2_78_2   -3.41e-02  5.40e+01   6.15e+01   9.87e-02   9.84e-01
hy2_78_3   -6.76e-02  2.88e+01   4.48e+01   1.40e-01   9.88e-01
hy2_78_4   -4.90e+01  -4.34e-01  5.94e-02   4.24e-02   9.98e-01
hy2_79_0   8.29e+00   -9.23e-01  3.08e-01   3.42e-02   9.99e-01
hy2_79_1   -1.62e-01  -4.45e+01  1.43e+01   5.72e-02   9.98e-01
hy2_79_2   -5.10e-02  -1.20e+02  6.50e+01   7.04e-02   9.91e-01
hy2_79_3   -4.10e-02  -1.15e+02  9.08e+01   1.16e-01   9.90e-01
hy2_79_4   -6.60e-01  -1.09e+01  3.40e+00   5.36e-02   9.98e-01
hy2_80_0   5.13e-02   -2.55e-01  8.67e-02   -1.01e+02  9.94e-01
hy2_80_1   -2.98e-01  -2.02e+01  7.95e+00   7.53e-02   9.98e-01
hy2_80_2   -9.88e-03  1.26e-01   -6.59e-03  -3.67e+02  9.92e-01
hy2_80_3   8.15e+01   -4.43e-01  4.24e-02   -8.78e-02  9.95e-01
hy2_80_4   -1.85e-01  -3.52e+01  1.33e+01   8.42e-02   9.97e-01
hy2_81_0   4.37e-02   -3.33e-01  9.65e-02   -1.64e+02  9.91e-01
hy2_81_1   -7.77e-02  -6.95e+01  3.26e+01   8.46e-02   9.97e-01
hy2_81_2   -2.95e-02  -1.05e+02  8.63e+01   1.11e-01   9.87e-01
hy2_81_3   -5.77e-02  -5.07e+01  5.19e+01   1.51e-01   9.94e-01
hy2_81_4   -1.49e-01  -3.84e+01  1.87e+01   8.66e-02   9.97e-01
hy2_82_0   2.60e-02   -3.00e-01  1.07e-01   -2.58e+02  9.91e-01
hy2_82_1   -1.47e-01  -4.24e+01  1.79e+01   1.02e-01   9.97e-01
hy2_82_2   -5.01e-02  -9.32e+01  6.70e+01   1.30e-01   9.81e-01
hy2_82_3   -9.23e-02  -5.95e+01  4.24e+01   1.48e-01   9.93e-01
hy2_82_4   -1.46e-01  -4.46e+01  2.01e+01   9.86e-02   9.97e-01
hy2_83_0   2.28e-02   -2.63e-01  1.49e-01   -1.85e+02  9.92e-01
hy2_83_1   -1.32e-01  -4.93e+01  2.10e+01   1.09e-01   9.97e-01
hy2_83_2   -6.57e-02  -6.92e+01  4.69e+01   1.76e-01   9.77e-01
hy2_83_3   -6.41e-02  -7.85e+01  5.36e+01   1.65e-01   9.93e-01
hy2_83_4   -1.64e-01  -3.92e+01  1.89e+01   1.14e-01   9.96e-01
hy2_84_0   4.92e-02   -1.47e-01  1.71e-01   -5.82e+01  9.94e-01
hy2_84_1   -4.07e-01  -1.53e+01  6.44e+00   8.45e-02   9.98e-01
hy2_84_2   5.96e+01   -4.56e-01  5.77e-02   -1.74e-01  9.73e-01
hy2_84_3   -1.17e-01  -4.46e+01  2.63e+01   1.92e-01   9.94e-01
hy2_84_4   -1.29e-01  -5.01e+01  2.25e+01   1.39e-01   9.96e-01
hy2_85_0   9.73e-02   4.90e-02   4.88e-01   -9.69e+00  9.95e-01
hy2_85_1   -1.01e-01  -6.45e+01  2.50e+01   1.02e-01   9.97e-01
hy2_85_2   5.07e+01   -4.54e-01  5.13e-02   -1.96e-01  9.69e-01
hy2_85_3   -6.98e-02  -5.69e+01  4.52e+01   1.86e-01   9.94e-01
hy2_85_4   -1.29e-01  -4.65e+01  2.45e+01   1.31e-01   9.95e-01
hy2_86_0   -1.50e-02  -4.40e-01  5.48e-02   -5.07e+02  1.00e+00
hy2_86_1   1.08e-02   -2.61e-01  3.03e-02   -4.40e+02  9.90e-01
hy2_86_2   -3.74e-02  1.75e+02   -1.40e+01  -1.72e-01  9.84e-01
hy2_86_3   -7.57e-02  6.18e+01   3.11e+01   1.34e-01   9.89e-01
hy2_86_4   -1.16e+01  -4.32e-01  8.48e-02   5.47e-02   9.99e-01
hy2_87_0   5.02e+01   -3.00e-01  4.81e-02   2.00e-01   1.00e+00
hy2_87_1   -1.44e+01  -8.05e-01  1.63e-01   8.12e-02   9.97e-01
hy2_87_2   -1.66e-02  -1.66e-01  1.13e+02   3.58e-02   9.93e-01
hy2_87_3   -3.82e-02  -1.97e+02  1.06e+02   1.05e-01   9.87e-01
hy2_87_4   -1.38e+01  -4.69e-01  1.41e-02   4.37e-01   9.98e-01
hy2_88_0   1.45e-02   -1.91e-01  3.21e-02   -3.21e+02  9.97e-01
hy2_88_1   -2.00e+01  -6.59e-01  1.50e-01   5.84e-02   9.98e-01
hy2_88_2   -6.78e-02  -7.26e+01  4.77e+01   9.88e-02   9.86e-01
hy2_88_3   -1.33e+00  -4.64e+00  2.98e+00   1.34e-01   9.90e-01
hy2_88_4   -2.82e+01  -5.69e-01  1.13e-01   5.76e-02   9.98e-01
hy2_89_0   3.05e-02   -3.22e-01  4.66e-02   -3.69e+02  9.92e-01
hy2_89_1   8.90e+00   -4.17e-01  2.63e-02   -8.23e-01  9.97e-01
hy2_89_2   -1.58e-01  2.20e+00   1.39e+01   1.08e-01   9.89e-01
hy2_89_3   -3.42e-01  -2.54e+00  9.03e+00   1.46e-01   9.93e-01
hy2_89_4   -7.42e-02  -9.93e+01  3.67e+01   7.74e-02   9.97e-01
hy2_90_0   1.51e-02   -3.25e-01  4.94e-02   -9.29e+02  9.90e-01
hy2_90_1   -1.06e-01  -6.45e+01  2.52e+01   8.93e-02   9.97e-01
hy2_90_2   -4.77e-02  -7.89e+01  6.41e+01   1.27e-01   9.82e-01
hy2_90_3   -8.83e-02  -5.59e+01  4.06e+01   1.44e-01   9.94e-01
hy2_90_4   -1.23e-01  -6.17e+01  2.40e+01   9.10e-02   9.97e-01
hy2_91_0   4.00e-02   -3.16e-01  5.95e-02   -2.46e+02  9.92e-01
hy2_91_1   -8.62e-02  -7.73e+01  3.34e+01   9.71e-02   9.97e-01
hy2_91_2   -3.59e-02  -6.63e+01  8.10e+01   1.30e-01   9.84e-01
hy2_91_3   -1.08e-01  -3.45e+01  3.31e+01   1.45e-01   9.94e-01
hy2_91_4   -4.29e-01  -1.73e+01  7.59e+00   1.08e-01   9.96e-01
hy2_92_0   4.52e-02   -2.67e-01  9.54e-02   -9.40e+01  9.95e-01
hy2_92_1   -3.77e-01  -1.46e+01  6.24e+00   7.96e-02   9.98e-01
hy2_92_2   -9.35e-02  -4.79e+01  3.04e+01   1.78e-01   9.76e-01
hy2_92_3   -8.17e-05  1.36e+02   -2.31e+01  -2.72e+02  9.94e-01
hy2_92_4   -9.48e-02  -6.29e+01  3.39e+01   1.30e-01   9.96e-01
hy2_93_0   1.23e-02   -1.29e-02  1.72e-01   -1.25e+02  9.97e-01
hy2_93_1   1.11e-01   -2.46e-01  3.89e-02   -3.66e+01  9.98e-01
hy2_93_2   -9.91e-02  -3.29e+01  2.77e+01   1.91e-01   9.87e-01
hy2_93_3   4.66e+01   -4.98e-01  6.72e-02   -2.07e-01  9.93e-01
hy2_93_4   -1.60e-01  -3.20e+01  1.77e+01   2.04e-01   9.94e-01
hy2_94_0   4.89e-02   -1.09e-02  1.74e-01   -2.70e+01  9.97e-01
hy2_94_1   1.22e-01   -1.06e-01  3.81e-02   -3.61e+01  9.98e-01
hy2_94_2   1.97e+01   -4.97e-01  6.66e-02   -4.76e-01  9.87e-01
hy2_94_3   -8.50e-02  -1.70e+01  5.51e+00   1.83e+00   9.91e-01
hy2_94_4   -1.01e-04  1.28e+02   -2.78e+01  -2.38e+02  9.93e-01
hy2_95_0   -3.34e-02  -4.44e-01  6.72e-02   -2.52e+02  1.00e+00
hy2_95_1   3.67e-02   -3.60e-01  5.97e-02   -8.51e+01  9.96e-01
hy2_95_2   -3.09e-02  -2.24e+02  1.19e+02   3.99e-02   9.75e-01
hy2_95_3   -3.15e-02  -2.61e+02  1.39e+02   7.96e-02   9.76e-01
hy2_95_4   -9.08e-05  1.07e+02   7.71e+00   -7.45e+01  1.00e+00
hy2_96_0   2.12e+01   -4.76e-01  1.12e-01   1.73e-01   1.00e+00
hy2_96_1   -1.79e+01  -7.73e-01  1.52e-01   7.04e-02   9.98e-01
hy2_96_2   -4.15e-02  3.97e+01   4.33e+01   5.74e-02   9.90e-01
hy2_96_3   -9.57e-02  -1.35e+01  3.21e+01   1.16e-01   9.90e-01
hy2_96_4   -3.33e-06  5.01e+02   -7.37e+00  -4.78e+02  9.99e-01
hy2_97_0   8.77e-03   -2.53e-01  1.91e-02   -1.04e+03  9.95e-01
hy2_97_1   -3.29e+00  -2.31e+00  7.74e-01   5.11e-02   9.98e-01
hy2_97_2   -2.18e+01  -2.91e-01  1.01e-01   6.04e-02   9.90e-01
hy2_97_3   -1.50e-01  -1.58e+01  1.87e+01   1.27e-01   9.94e-01
hy2_97_4   -6.45e+00  -1.33e+00  4.03e-01   5.18e-02   9.98e-01
hy2_98_0   2.44e-02   -3.24e-01  3.79e-02   -6.87e+02  9.90e-01
hy2_98_1   -1.32e-01  -5.87e+01  2.18e+01   8.33e-02   9.97e-01
hy2_98_2   -6.07e-01  -6.91e-01  3.75e+00   1.06e-01   9.87e-01
hy2_98_3   -2.73e-01  -1.17e+01  1.22e+01   1.39e-01   9.93e-01
hy2_98_4   -1.31e-01  -6.71e+01  2.37e+01   8.56e-02   9.97e-01
hy2_99_0   2.59e-02   -3.20e-01  3.99e-02   -6.27e+02  9.91e-01
hy2_99_1   -1.66e-01  -4.33e+01  1.73e+01   9.01e-02   9.97e-01
hy2_99_2   -5.18e-02  -8.22e+01  5.82e+01   9.72e-02   9.91e-01
hy2_99_3   -7.41e-02  -6.93e+01  4.96e+01   1.32e-01   9.94e-01
hy2_99_4   -1.19e-01  -6.16e+01  2.61e+01   9.44e-02   9.96e-01
hy2_100_0  4.44e-02   -3.03e-01  4.35e-02   -2.22e+02  9.94e-01
hy2_100_1  -8.78e-02  -7.25e+01  3.37e+01   7.28e-02   9.98e-01
hy2_100_2  -5.42e-02  -4.85e+01  4.96e+01   1.36e-01   9.88e-01
hy2_100_3  -8.07e-02  -5.56e+01  4.56e+01   1.34e-01   9.95e-01
hy2_100_4  -9.63e-02  -6.53e+01  3.45e+01   1.07e-01   9.96e-01
hy2_101_0  2.68e-02   -2.44e-01  6.01e-02   -1.46e+02  9.97e-01
hy2_101_1  -3.04e+00  -1.33e+00  4.12e-01   5.13e-02   9.99e-01
hy2_101_2  -5.48e-02  -1.03e+02  6.37e+01   1.19e-01   9.84e-01
hy2_101_3  -8.87e-02  -4.25e+01  3.81e+01   1.61e-01   9.94e-01
hy2_101_4  -9.34e-02  -6.43e+01  3.79e+01   1.19e-01   9.96e-01
hy2_102_0  1.24e-02   -2.54e-01  5.24e-02   -1.67e+02  9.99e-01
hy2_102_1  -2.85e+00  -1.05e+00  5.39e-01   -9.04e-02  1.00e+00
hy2_102_2  -1.32e-01  1.03e+00   2.51e+01   1.47e-01   9.90e-01
hy2_102_3  -1.59e-01  1.83e+00   2.19e+01   1.58e-01   9.94e-01
hy2_102_4  -2.47e-01  -6.74e+00  1.52e+01   1.05e-01   9.96e-01
hy2_103_0  -4.12e+01  -4.96e-01  9.34e-02   -8.21e-02  1.00e+00
hy2_103_1  -1.39e+00  -2.68e+00  2.05e+00   -2.76e-01  1.01e+00
hy2_103_2  -2.77e-01  -2.83e+01  2.43e+01   9.17e-03   9.96e-01
hy2_103_3  -4.05e-03  3.64e+01   7.93e-02   -3.40e+01  1.00e+00
hy2_103_4  -3.05e-01  -3.11e+01  2.43e+01   2.49e-03   1.00e+00
hy2_104_0  -2.49e-02  -7.92e-01  1.59e-01   -9.92e+01  1.00e+00
hy2_104_1  5.91e+00   -4.16e-01  6.35e-02   -9.03e-01  9.91e-01
hy2_104_2  -7.48e+01  -2.85e-01  4.97e-02   1.09e-01   9.64e-01
hy2_104_3  -7.26e+01  -3.32e-01  6.49e-02   1.30e-01   9.66e-01
hy2_104_4  -2.10e+00  -5.45e+00  1.52e+00   5.27e-02   9.97e-01
hy2_105_0  4.99e+01   -2.16e-01  4.62e-02   1.98e-01   1.00e+00
hy2_105_1  -8.56e-01  -6.95e+00  2.39e+00   8.20e-02   9.97e-01
hy2_105_2  -1.65e-02  -5.32e+02  2.30e+02   5.96e-02   9.72e-01
hy2_105_3  -3.44e-02  -2.65e+02  1.29e+02   1.07e-01   9.73e-01
hy2_105_4  -6.99e+00  -9.96e-01  2.93e-01   5.68e-02   9.98e-01
hy2_106_0  8.24e-03   -2.68e-01  2.36e-02   -1.17e+03  9.94e-01
hy2_106_1  -5.42e+00  -1.76e+00  5.39e-01   5.88e-02   9.97e-01
hy2_106_2  -7.48e-02  -1.07e+02  4.84e+01   9.87e-02   9.89e-01
hy2_106_3  -1.08e-01  -5.22e+01  3.59e+01   1.26e-01   9.88e-01
hy2_106_4  -1.63e+01  -7.85e-01  1.90e-01   6.20e-02   9.97e-01
hy2_107_0  -1.86e+02  -1.90e-01  1.57e-02   2.69e-01   9.90e-01
hy2_107_1  -1.08e+00  -8.74e+00  3.00e+00   8.26e-02   9.97e-01
hy2_107_2  -1.36e-04  1.11e+02   -1.24e+01  -1.89e+02  9.80e-01
hy2_107_3  -2.71e-01  -2.87e+00  1.22e+01   1.30e-01   9.93e-01
hy2_107_4  -1.74e+00  -5.59e+00  1.91e+00   8.74e-02   9.96e-01
hy2_108_0  3.18e-02   -3.23e-01  4.08e-02   -5.25e+02  9.90e-01
hy2_108_1  -1.96e-01  -3.50e+01  1.57e+01   9.24e-02   9.97e-01
hy2_108_2  -9.72e-02  -7.67e+01  4.07e+01   1.22e-01   9.73e-01
hy2_108_3  -8.55e-02  -6.33e+01  4.58e+01   1.29e-01   9.94e-01
hy2_108_4  -1.67e-01  -4.54e+01  2.05e+01   9.76e-02   9.96e-01
hy2_109_0  -1.37e+02  -3.55e-01  2.66e-02   1.08e-01   9.94e-01
hy2_109_1  -1.99e-01  -3.35e+01  1.46e+01   6.07e-02   9.98e-01
hy2_109_2  -1.23e-01  -2.29e+01  2.62e+01   1.51e-01   9.73e-01
hy2_109_3  -8.81e-02  -3.70e+01  4.25e+01   1.31e-01   9.95e-01
hy2_109_4  -1.15e-01  -5.42e+01  2.94e+01   1.08e-01   9.96e-01
hy2_110_0  2.86e-02   -2.12e-01  4.68e-02   -1.29e+02  9.98e-01
hy2_110_1  -9.28e+00  -7.30e-01  1.61e-01   -4.54e-02  1.00e+00
hy2_110_2  -1.70e-01  -2.84e+01  2.11e+01   1.26e-01   9.90e-01
hy2_110_3  -3.67e-01  -1.06e+01  9.91e+00   1.37e-01   9.95e-01
hy2_110_4  -7.13e-02  -9.44e+01  5.87e+01   8.13e-02   9.96e-01
hy2_111_0  2.32e-02   -9.91e+00  4.44e+01   -2.73e-02  9.99e-01
hy2_111_1  -1.14e+00  -3.15e-01  -2.45e-02  2.75e+00   1.00e+00
hy2_111_2  -1.34e-01  -3.02e+01  2.58e+01   1.33e-01   9.91e-01
hy2_111_3  -1.01e-01  -5.32e+01  3.88e+01   1.22e-01   9.95e-01
hy2_111_4  -7.16e-02  -8.07e+01  5.72e+01   1.06e-01   9.95e-01
