               0.1          0.760472         0.0297983
               0.5          0.765242         0.0360354
               0.9          0.758988         0.0350939
               1.3          0.767091         0.0271147
               1.7          0.763669         0.0280142
               2.1          0.767518         0.0317291
               2.5          0.759435         0.0306975
               2.9          0.757021         0.0342662
               3.3          0.759867         0.0343731
               3.7          0.758158         0.0325441
               4.1          0.756361         0.0339294
               4.5          0.756816         0.0329806
               4.9          0.755164         0.0349369
               5.3          0.754342          0.033743
               5.7          0.753259         0.0331168
               6.1          0.747173         0.0350609
               6.5          0.747847         0.0333846
               6.9          0.745347         0.0364575
               7.3          0.744237         0.0352335
               7.7          0.740234         0.0380398
               8.1          0.739001         0.0375587
               8.5          0.736271         0.0386104
               8.9          0.732664         0.0391443
               9.3          0.730316         0.0394232
               9.7           0.72819         0.0385521
              10.1          0.724195         0.0404818
              10.5          0.723079         0.0419484
              10.9          0.716585         0.0420906
              11.3          0.711788         0.0419064
              11.7          0.707201         0.0441149
              12.1          0.702444         0.0484291
              12.5          0.696827          0.046954
              12.9          0.689837         0.0483761
              13.3          0.682012         0.0522953
              13.7          0.679388         0.0495696
              14.1          0.672393         0.0524835
              14.5          0.663559         0.0533429
              14.9           0.65927         0.0525902
              15.3          0.647952         0.0588277
              15.7          0.636542         0.0631814
              16.1          0.632355         0.0628245
              16.5          0.617131         0.0682029
              16.9           0.60568          0.069396
              17.3          0.590487         0.0763967
              17.7          0.583978         0.0742418
              18.1          0.562982         0.0829983
              18.5          0.548067         0.0862179
              18.9          0.522701          0.100959
              19.3          0.496637          0.113653
              19.7          0.473036          0.122356
              20.1           0.43837          0.133554
              20.5          0.420367          0.138127
              20.9          0.392096          0.136776
              21.3          0.366522          0.137422
              21.7          0.351025             0.138
              22.1          0.315921          0.131446
              22.5          0.307612          0.133718
              22.9          0.285798          0.127689
              23.3          0.263703          0.120114
              23.7            0.2454          0.116172
              24.1          0.228741          0.108743
              24.5          0.217196          0.102698
              24.9          0.198373         0.0944728
              25.3          0.186059         0.0894085
              25.7          0.167892         0.0771303
              26.1          0.157614         0.0737869
              26.5          0.149104         0.0680669
              26.9          0.137692         0.0616005
              27.3          0.130586         0.0579491
              27.7          0.119198         0.0511111
              28.1          0.114259         0.0511754
              28.5          0.107401         0.0457908
              28.9          0.100587         0.0431875
              29.3         0.0951617         0.0418772
              29.7         0.0904332         0.0379966
              30.1         0.0862436         0.0376077
              30.5         0.0816019         0.0365427
              30.9         0.0782871         0.0342103
              31.3         0.0728607         0.0314243
              31.7         0.0699797         0.0321618
              32.1         0.0658003         0.0295133
              32.5          0.062515         0.0282924
              32.9         0.0607636         0.0280308
              33.3         0.0570818         0.0260879
              33.7         0.0557991         0.0258315
              34.1         0.0528432         0.0244671
              34.5         0.0508542         0.0238988
              34.9         0.0492301          0.022965
              35.3         0.0467554         0.0218658
              35.7         0.0448569          0.021616
              36.1         0.0428173         0.0202074
              36.5         0.0415655         0.0204204
              36.9         0.0399346         0.0192787
              37.3         0.0379678         0.0183512
              37.7         0.0368185          0.018308
              38.1         0.0355229         0.0179564
              38.5         0.0341703         0.0175304
              38.9         0.0328011         0.0168094
              39.3         0.0316073         0.0161542
              39.7         0.0308215         0.0160338
              40.1         0.0293574         0.0151846
              40.5         0.0284614         0.0149825
              40.9         0.0280426         0.0143417
              41.3         0.0266065         0.0144163
              41.7         0.0257823         0.0139572
              42.1         0.0252111         0.0134675
              42.5          0.024363         0.0126612
              42.9         0.0238939         0.0139007
              43.3         0.0228213         0.0124921
              43.7         0.0221764         0.0125466
              44.1         0.0217696         0.0123975
              44.5         0.0203876          0.011392
              44.9         0.0199053         0.0109896
              45.3         0.0194072         0.0107684
              45.7         0.0193755         0.0109413
              46.1         0.0184581         0.0102936
              46.5          0.018234         0.0103599
              46.9         0.0176205         0.0100468
              47.3         0.0168114        0.00956025
              47.7         0.0166327          0.009843
              48.1         0.0162676        0.00959939
              48.5         0.0158197        0.00927665
              48.9           0.01533        0.00898357
              49.3         0.0150761        0.00889223
              49.7         0.0143894        0.00858315
              50.1         0.0144298        0.00872867
              50.5         0.0140953        0.00860092
              50.9         0.0135823        0.00859196
              51.3         0.0132803        0.00854175
              51.7         0.0128824        0.00809138
              52.1         0.0127813        0.00789677
              52.5         0.0122813        0.00766107
              52.9         0.0120164        0.00730424
              53.3         0.0116562         0.0071746
              53.7         0.0114894        0.00788446
              54.1         0.0112483        0.00724447
              54.5         0.0108793        0.00697052
              54.9         0.0107687        0.00696299
              55.3         0.0104564        0.00670926
              55.7         0.0102703        0.00697321
              56.1        0.00988041        0.00648048
              56.5        0.00980163        0.00641235
              56.9        0.00949593        0.00621866
              57.3        0.00928189        0.00635244
              57.7        0.00911024         0.0058999
              58.1        0.00889488        0.00604863
              58.5        0.00888124        0.00718451
              58.9        0.00839679        0.00576819
              59.3        0.00842235        0.00579163
              59.7        0.00828032        0.00575762
              60.1        0.00797354        0.00546628
              60.5        0.00802107        0.00569395
              60.9        0.00777086        0.00533848
              61.3        0.00771486        0.00554866
              61.7        0.00738375        0.00522724
              62.1        0.00724578        0.00527867
              62.5        0.00718634        0.00514723
              62.9        0.00708003        0.00511671
              63.3        0.00681925        0.00501377
              63.7        0.00676086        0.00501086
              64.1        0.00651522        0.00487863
              64.5        0.00647878        0.00491704
              64.9        0.00623685        0.00474664
              65.3        0.00615517        0.00464963
              65.7        0.00602694        0.00462675
              66.1        0.00606705        0.00456743
              66.5        0.00595224        0.00458062
              66.9        0.00574206        0.00431364
              67.3        0.00564978        0.00427088
              67.7        0.00549382        0.00439414
              68.1        0.00547667        0.00432595
              68.5        0.00538636         0.0042113
              68.9        0.00529707        0.00417997
              69.3        0.00519506        0.00419799
              69.7        0.00508808        0.00442358
              70.1        0.00501094         0.0041579
              70.5        0.00487531        0.00407551
              70.9        0.00484201        0.00392457
              71.3        0.00470939         0.0039345
              71.7        0.00466411        0.00383971
              72.1        0.00448996        0.00377851
              72.5        0.00448956        0.00374463
              72.9         0.0043779        0.00366337
              73.3        0.00431069        0.00372253
              73.7        0.00429796        0.00400281
              74.1        0.00420086        0.00368501
              74.5        0.00413762        0.00375995
              74.9        0.00391765        0.00337085
              75.3        0.00398727        0.00380895
              75.7        0.00385282        0.00337112
              76.1         0.0038328        0.00344389
              76.5        0.00374218        0.00341123
              76.9        0.00369604        0.00332189
              77.3        0.00364365        0.00320062
              77.7        0.00354327        0.00322058
              78.1        0.00350467        0.00315402
              78.5        0.00350745        0.00335144
              78.9        0.00346811        0.00329633
              79.3        0.00338508        0.00331974
              79.7         0.0032624        0.00305793
              80.1        0.00327617        0.00308879
              80.5        0.00314753        0.00292712
              80.9        0.00314317        0.00285866
              81.3        0.00306763        0.00293354
              81.7        0.00298076        0.00292621
              82.1        0.00300715        0.00290695
              82.5        0.00292903          0.002905
              82.9        0.00291384        0.00294575
              83.3        0.00283261        0.00283235
              83.7        0.00285371        0.00284646
              84.1        0.00276326        0.00278124
              84.5        0.00269698        0.00272661
              84.9        0.00267398        0.00269769
              85.3        0.00264012        0.00265662
              85.7        0.00257251        0.00258772
              86.1        0.00248548        0.00247809
              86.5        0.00245034        0.00253265
              86.9        0.00241169        0.00251844
              87.3        0.00240893        0.00249542
              87.7         0.0024397         0.0025776
              88.1        0.00239873        0.00260813
              88.5        0.00234592        0.00247384
              88.9        0.00231549        0.00249736
              89.3        0.00225911        0.00241507
              89.7        0.00227334        0.00254819
              90.1        0.00218818        0.00234902
              90.5         0.0021957        0.00234339
              90.9        0.00212848        0.00234144
              91.3        0.00208662        0.00233596
              91.7         0.0020766        0.00231943
              92.1        0.00209138        0.00236039
              92.5          0.002034        0.00231059
              92.9        0.00194328        0.00228238
              93.3        0.00192783        0.00215584
              93.7        0.00190192        0.00217153
              94.1        0.00189166        0.00220087
              94.5        0.00185729        0.00219712
              94.9        0.00180746        0.00208059
              95.3        0.00178427        0.00207295
              95.7        0.00173495        0.00200836
              96.1        0.00174413        0.00204961
              96.5        0.00173789        0.00205464
              96.9        0.00166301        0.00202119
              97.3        0.00171733        0.00205308
              97.7        0.00164332        0.00200719
              98.1        0.00165391        0.00201095
              98.5        0.00161519        0.00197422
              98.9         0.0015551        0.00189177
              99.3        0.00158313        0.00195127
              99.7        0.00151045        0.00180859
             100.1        0.00149125           0.00191
             100.5        0.00147614        0.00184096
             100.9        0.00146127         0.0018439
             101.3        0.00144051        0.00181487
             101.7        0.00143536        0.00189585
             102.1        0.00144062        0.00185941
             102.5        0.00140407        0.00184153
             102.9        0.00135779        0.00181855
             103.3        0.00134335        0.00175475
             103.7        0.00132516        0.00181551
             104.1        0.00135474        0.00183115
             104.5        0.00131816        0.00181616
             104.9        0.00127343        0.00170572
             105.3        0.00129205        0.00176561
             105.7        0.00130108        0.00180773
             106.1        0.00121369        0.00164107
             106.5        0.00122979        0.00180066
             106.9        0.00118129        0.00165432
             107.3        0.00117893        0.00164895
             107.7        0.00115488        0.00161407
             108.1        0.00114706        0.00162709
             108.5         0.0011844        0.00164648
             108.9        0.00116221        0.00168957
             109.3        0.00110815        0.00161326
             109.7        0.00109664        0.00157227
             110.1        0.00110703        0.00161036
             110.5        0.00104701        0.00148748
             110.9        0.00105082        0.00156295
             111.3        0.00100098        0.00142814
             111.7        0.00101044        0.00150436
             112.1       0.000997588         0.0015696
             112.5       0.000987543         0.0014863
             112.9        0.00101022        0.00151414
             113.3        0.00100959        0.00150859
             113.7       0.000968281        0.00144059
             114.1       0.000937458        0.00138955
             114.5       0.000926609        0.00141134
             114.9       0.000909172        0.00137175
             115.3       0.000900403        0.00139966
             115.7       0.000913328        0.00142229
             116.1       0.000895848        0.00141614
             116.5       0.000856396        0.00130458
             116.9        0.00087963        0.00140021
             117.3       0.000889004        0.00140932
             117.7       0.000848918        0.00133418
             118.1        0.00083121        0.00131922
             118.5       0.000827966         0.0013273
             118.9       0.000796048        0.00132489
             119.3       0.000793264        0.00128772
             119.7        0.00079043        0.00131166
             120.1        0.00079228        0.00135745
             120.5       0.000760166        0.00126708
             120.9       0.000773931        0.00130637
             121.3        0.00073478        0.00120998
             121.7        0.00072157        0.00118506
             122.1       0.000731198        0.00125554
             122.5       0.000708696        0.00120938
             122.9       0.000684281         0.0011306
             123.3        0.00071212        0.00117116
             123.7       0.000683413        0.00119074
             124.1       0.000681275        0.00118131
             124.5       0.000687743        0.00117402
             124.9       0.000696415        0.00126451
             125.3       0.000668622        0.00114538
             125.7       0.000649842        0.00112242
             126.1       0.000656186        0.00118751
             126.5       0.000642177        0.00112197
             126.9       0.000656528        0.00115949
             127.3       0.000662166         0.0012422
             127.7       0.000639525         0.0011605
             128.1        0.00061122        0.00113513
             128.5       0.000610706        0.00114798
             128.9        0.00057927        0.00110785
             129.3       0.000576151        0.00104755
             129.7       0.000573384        0.00108462
             130.1       0.000589199        0.00108912
             130.5       0.000569844        0.00106041
             130.9       0.000571355        0.00109391
             131.3       0.000547548        0.00106398
             131.7       0.000563444        0.00107528
             132.1       0.000552044        0.00108991
             132.5       0.000523471       0.000991621
             132.9       0.000557559        0.00110309
             133.3       0.000530456        0.00105267
             133.7        0.00052636        0.00102542
             134.1        0.00050289       0.000973842
             134.5       0.000503078       0.000967676
             134.9       0.000508358        0.00106085
             135.3       0.000500367        0.00100151
             135.7       0.000477576       0.000964512
             136.1       0.000449367       0.000888124
             136.5       0.000493038        0.00100175
             136.9       0.000479192       0.000984473
             137.3       0.000465035       0.000931761
             137.7       0.000466179       0.000982013
             138.1       0.000464627       0.000939477
             138.5       0.000454394       0.000950708
             138.9       0.000428225       0.000881212
             139.3       0.000438135       0.000937851
             139.7       0.000418493       0.000849349
             140.1       0.000429324       0.000902663
             140.5       0.000437074       0.000940694
             140.9       0.000423981       0.000874101
             141.3       0.000392713       0.000842274
             141.7        0.00041264       0.000883422
             142.1       0.000386419       0.000803711
             142.5         0.0004174       0.000908652
             142.9       0.000398002       0.000869398
             143.3       0.000395197       0.000829493
             143.7       0.000385329       0.000872245
             144.1       0.000389197        0.00092634
             144.5       0.000362847       0.000782618
             144.9       0.000378021       0.000845751
             145.3       0.000375482       0.000939127
             145.7       0.000355932       0.000804144
             146.1       0.000354601       0.000809444
             146.5       0.000362103       0.000819634
             146.9        0.00036207        0.00085557
             147.3       0.000343876       0.000798305
             147.7       0.000330049       0.000754321
             148.1       0.000334279       0.000788195
             148.5        0.00037886       0.000919314
             148.9       0.000330175       0.000797728
             149.3       0.000341729       0.000808827
             149.7       0.000328493        0.00073315
             150.1       0.000319855       0.000795422
             150.5       0.000339963       0.000989526
             150.9       0.000329605       0.000795686
             151.3       0.000325681       0.000787324
             151.7       0.000316099       0.000745175
             152.1       0.000324686        0.00081324
             152.5        0.00029733       0.000707829
             152.9         0.0002943       0.000754718
             153.3       0.000307969        0.00082593
             153.7       0.000313242       0.000830575
             154.1       0.000284465       0.000727143
             154.5       0.000295009       0.000732255
             154.9       0.000300767       0.000778435
             155.3       0.000261729       0.000678233
             155.7       0.000276078       0.000690494
             156.1       0.000280051       0.000733244
             156.5       0.000295052       0.000775255
             156.9       0.000282881       0.000812506
             157.3       0.000274486       0.000746999
             157.7       0.000261966       0.000659646
             158.1       0.000266429       0.000690258
             158.5       0.000268708        0.00071627
             158.9       0.000263198       0.000732856
             159.3       0.000258948       0.000681604
             159.7       0.000260001       0.000751551
             160.1       0.000244958       0.000654999
             160.5       0.000232538       0.000665486
             160.9       0.000227697       0.000602643
             161.3       0.000248114       0.000717703
             161.7       0.000232006       0.000621393
             162.1       0.000223379       0.000590297
             162.5        0.00023066       0.000633705
             162.9       0.000221451       0.000611396
             163.3       0.000241409       0.000638597
             163.7       0.000225018       0.000657304
             164.1       0.000213837       0.000568065
             164.5       0.000220505       0.000645162
             164.9       0.000213664       0.000628101
             165.3       0.000218456       0.000648537
             165.7       0.000215627        0.00063607
             166.1       0.000196707       0.000549372
             166.5       0.000202702        0.00058656
             166.9        0.00021746       0.000633043
             167.3        0.00021262       0.000599676
             167.7       0.000214783       0.000619383
             168.1       0.000204831       0.000603217
             168.5       0.000214005       0.000658433
             168.9       0.000191186       0.000585259
             169.3       0.000175065       0.000504378
             169.7       0.000193197       0.000579012
             170.1       0.000191621       0.000579299
             170.5        0.00018201        0.00056883
             170.9       0.000171442       0.000527714
             171.3       0.000187729        0.00057822
             171.7       0.000191701       0.000583255
             172.1       0.000188264       0.000569724
             172.5        0.00017544       0.000562551
             172.9       0.000174936       0.000552161
             173.3       0.000180027       0.000564614
             173.7       0.000169148       0.000521438
             174.1       0.000171524       0.000547537
             174.5       0.000176253       0.000647039
             174.9       0.000172393        0.00055299
             175.3       0.000162025       0.000504292
             175.7       0.000160821       0.000597526
             176.1       0.000163678       0.000528271
             176.5       0.000172768       0.000568615
             176.9        0.00016081       0.000529371
             177.3         0.0001604       0.000529843
             177.7       0.000156116       0.000534173
             178.1       0.000155672       0.000498038
             178.5       0.000161186       0.000571044
             178.9       0.000152941       0.000491916
             179.3       0.000141305        0.00046766
