               0.1          0.739558         0.0281554
               0.5          0.763767         0.0333059
               0.9           0.76749         0.0289303
               1.3          0.764741         0.0371271
               1.7          0.762705         0.0310969
               2.1          0.765089         0.0320426
               2.5          0.766821         0.0316029
               2.9          0.759606         0.0370609
               3.3           0.76438         0.0303297
               3.7          0.760667         0.0330969
               4.1          0.758073         0.0330359
               4.5          0.751059         0.0372336
               4.9          0.760201         0.0339583
               5.3          0.752673         0.0336597
               5.7          0.755349          0.034332
               6.1           0.74943         0.0365104
               6.5          0.750852         0.0364233
               6.9          0.744968         0.0348498
               7.3          0.746651         0.0347399
               7.7          0.742463         0.0362024
               8.1          0.741704         0.0368984
               8.5          0.732593         0.0406392
               8.9          0.731483         0.0411999
               9.3          0.729504         0.0410936
               9.7          0.727167          0.040109
              10.1          0.725261         0.0423632
              10.5          0.719824         0.0411006
              10.9          0.715829         0.0429942
              11.3          0.708409         0.0440961
              11.7          0.707476         0.0466666
              12.1          0.699814         0.0465922
              12.5           0.69511         0.0481947
              12.9          0.690637         0.0480957
              13.3          0.684081         0.0499228
              13.7          0.677542         0.0521648
              14.1          0.671252         0.0543813
              14.5          0.664928         0.0549842
              14.9          0.655126         0.0589376
              15.3          0.649601         0.0597482
              15.7          0.640319         0.0606163
              16.1          0.629257          0.063874
              16.5          0.617253         0.0666904
              16.9          0.604372         0.0724996
              17.3           0.59489         0.0744752
              17.7          0.584362         0.0787436
              18.1          0.565265         0.0859732
              18.5          0.546022         0.0944439
              18.9          0.530946         0.0990891
              19.3          0.502843          0.112705
              19.7          0.466169           0.12709
              20.1          0.441736          0.131991
              20.5          0.418605          0.134976
              20.9          0.392783          0.138245
              21.3          0.367276          0.142721
              21.7          0.343944          0.136796
              22.1          0.327344          0.133537
              22.5          0.302519           0.13306
              22.9          0.286116          0.128642
              23.3          0.268127          0.125625
              23.7          0.250367          0.119539
              24.1          0.233077          0.114493
              24.5          0.215878          0.106568
              24.9           0.20017         0.0982729
              25.3          0.188597         0.0932761
              25.7          0.171579         0.0827636
              26.1          0.161248         0.0764343
              26.5          0.147168         0.0688288
              26.9          0.139656         0.0626099
              27.3           0.12897         0.0577252
              27.7          0.123019         0.0561102
              28.1          0.115055         0.0505315
              28.5          0.108527          0.048846
              28.9          0.102331         0.0465369
              29.3         0.0974718         0.0426875
              29.7         0.0918679         0.0407333
              30.1         0.0875798         0.0399514
              30.5         0.0790974          0.035287
              30.9         0.0762986         0.0340768
              31.3          0.073603         0.0335803
              31.7           0.06995         0.0313617
              32.1         0.0658572         0.0295963
              32.5         0.0627781         0.0293418
              32.9         0.0613152         0.0290063
              33.3         0.0578428         0.0267414
              33.7         0.0546192         0.0255116
              34.1         0.0527327         0.0260475
              34.5          0.050502         0.0234247
              34.9         0.0489254         0.0236884
              35.3         0.0471071         0.0231806
              35.7         0.0441273         0.0211651
              36.1         0.0427258         0.0212026
              36.5         0.0410475          0.020174
              36.9         0.0397911          0.019658
              37.3         0.0386262         0.0196944
              37.7         0.0370263         0.0187006
              38.1         0.0352868         0.0179165
              38.5         0.0335072         0.0169904
              38.9         0.0335187         0.0177309
              39.3          0.031415         0.0169359
              39.7         0.0305892         0.0165118
              40.1         0.0300622         0.0157671
              40.5         0.0280773         0.0146041
              40.9         0.0275374         0.0148073
              41.3         0.0269315         0.0145898
              41.7         0.0258375         0.0141575
              42.1         0.0245554         0.0133907
              42.5         0.0245915         0.0135868
              42.9         0.0234587         0.0129518
              43.3         0.0232395         0.0134582
              43.7         0.0218766         0.0124973
              44.1         0.0216368         0.0124975
              44.5         0.0209877         0.0123065
              44.9          0.020236         0.0112361
              45.3         0.0198956         0.0112851
              45.7          0.019179          0.011038
              46.1          0.018597         0.0106267
              46.5         0.0178701         0.0105113
              46.9         0.0175063         0.0103251
              47.3         0.0173044         0.0100519
              47.7         0.0169136         0.0103774
              48.1         0.0161692         0.0102223
              48.5         0.0155074        0.00940292
              48.9         0.0151377        0.00902831
              49.3         0.0151213        0.00931934
              49.7         0.0146554         0.0090721
              50.1         0.0145173        0.00899393
              50.5          0.013615        0.00843017
              50.9         0.0135029        0.00830044
              51.3         0.0131886        0.00834798
              51.7         0.0128746        0.00776186
              52.1         0.0125163        0.00786554
              52.5          0.012332        0.00804024
              52.9         0.0120846        0.00786015
              53.3         0.0115026        0.00740494
              53.7         0.0115902         0.0075911
              54.1          0.010933         0.0071497
              54.5         0.0110636        0.00721003
              54.9         0.0105073        0.00695131
              55.3         0.0105662        0.00698231
              55.7         0.0102614        0.00705942
              56.1        0.00991865        0.00664148
              56.5        0.00980572        0.00658194
              56.9        0.00952065        0.00655702
              57.3        0.00922369        0.00631271
              57.7        0.00914352        0.00630672
              58.1         0.0088722        0.00600135
              58.5        0.00858219        0.00610532
              58.9        0.00864751         0.0065099
              59.3        0.00840594        0.00583744
              59.7        0.00827664        0.00613508
              60.1        0.00822014        0.00603603
              60.5        0.00780386        0.00548826
              60.9        0.00780315        0.00571824
              61.3        0.00750666        0.00535195
              61.7        0.00734607        0.00526498
              62.1        0.00729708        0.00539152
              62.5        0.00710811        0.00528593
              62.9        0.00694828        0.00504323
              63.3        0.00674392         0.0051625
              63.7        0.00687981        0.00739528
              64.1        0.00650718        0.00476687
              64.5        0.00645746        0.00499049
              64.9        0.00630939        0.00493605
              65.3         0.0061318        0.00480585
              65.7         0.0062063        0.00496397
              66.1        0.00591498        0.00461349
              66.5        0.00586972        0.00453391
              66.9        0.00576666        0.00451966
              67.3        0.00568184         0.0044479
              67.7        0.00555508        0.00463082
              68.1        0.00536809        0.00439138
              68.5        0.00529497        0.00428195
              68.9        0.00527756        0.00430606
              69.3         0.0050848        0.00419501
              69.7        0.00509375        0.00420445
              70.1        0.00493897        0.00413159
              70.5        0.00505798        0.00404604
              70.9        0.00474642        0.00419829
              71.3        0.00477879         0.0041565
              71.7         0.0044998        0.00378188
              72.1        0.00459524        0.00403673
              72.5        0.00447752        0.00382157
              72.9        0.00437937        0.00380668
              73.3        0.00424167        0.00369624
              73.7        0.00415738        0.00356197
              74.1        0.00434855        0.00383229
              74.5        0.00400869        0.00347269
              74.9         0.0040425        0.00348661
              75.3        0.00392298        0.00341821
              75.7        0.00392267        0.00356692
              76.1        0.00379217        0.00333656
              76.5        0.00385855         0.0036431
              76.9        0.00367415        0.00339937
              77.3        0.00353728        0.00328835
              77.7        0.00347904        0.00318414
              78.1        0.00351686        0.00337507
              78.5        0.00344821        0.00317895
              78.9        0.00337374        0.00308705
              79.3         0.0033317        0.00308228
              79.7        0.00328788        0.00322739
              80.1        0.00324537        0.00313623
              80.5         0.0031627        0.00301859
              80.9        0.00317797        0.00322523
              81.3        0.00302606        0.00299251
              81.7        0.00300198        0.00306142
              82.1         0.0029856        0.00294753
              82.5        0.00299702        0.00293618
              82.9        0.00291374        0.00288834
              83.3        0.00286323        0.00289657
              83.7        0.00279911        0.00286621
              84.1        0.00276151        0.00289876
              84.5        0.00270243        0.00281847
              84.9         0.0026625        0.00280111
              85.3        0.00265142        0.00277441
              85.7        0.00259415        0.00299998
              86.1        0.00250503        0.00261848
              86.5        0.00251441         0.0026443
              86.9        0.00251416        0.00264222
              87.3        0.00243735        0.00273154
              87.7        0.00246984        0.00264357
              88.1        0.00235977        0.00260987
              88.5        0.00229859        0.00248235
              88.9        0.00228608        0.00253594
              89.3        0.00223031        0.00250303
              89.7        0.00218058        0.00235586
              90.1        0.00219939        0.00242331
              90.5        0.00218411        0.00247435
              90.9        0.00213506        0.00237743
              91.3        0.00210364        0.00246155
              91.7        0.00208041        0.00250971
              92.1        0.00197497        0.00226907
              92.5        0.00196685        0.00234002
              92.9        0.00198461        0.00227934
              93.3        0.00192992        0.00223229
              93.7        0.00188216        0.00224942
              94.1        0.00185065        0.00216295
              94.5        0.00188583        0.00229066
              94.9        0.00181469        0.00209956
              95.3        0.00182894         0.0022498
              95.7        0.00177125        0.00212246
              96.1        0.00171146        0.00219437
              96.5        0.00171547        0.00211976
              96.9        0.00170105        0.00200949
              97.3        0.00166969        0.00203826
              97.7        0.00164085        0.00206991
              98.1        0.00159151        0.00196854
              98.5        0.00162868        0.00199803
              98.9        0.00158225        0.00199506
              99.3         0.0015772        0.00199676
              99.7        0.00149434        0.00185956
             100.1          0.001508        0.00191896
             100.5        0.00148612        0.00191544
             100.9        0.00145445        0.00185589
             101.3        0.00147541        0.00194458
             101.7        0.00142245        0.00202214
             102.1        0.00141097        0.00181938
             102.5        0.00138528        0.00176537
             102.9        0.00135413        0.00180709
             103.3         0.0013345        0.00174425
             103.7        0.00128876        0.00169728
             104.1        0.00134499         0.0018521
             104.5        0.00129886        0.00173795
             104.9        0.00128686        0.00171791
             105.3        0.00124792        0.00171679
             105.7        0.00130705        0.00192046
             106.1        0.00122152        0.00173875
             106.5        0.00122504        0.00175002
             106.9        0.00120639        0.00172192
             107.3        0.00120094        0.00173283
             107.7        0.00114185        0.00161468
             108.1        0.00111092         0.0016097
             108.5        0.00111128        0.00158642
             108.9        0.00110576        0.00157091
             109.3        0.00109956        0.00167161
             109.7        0.00110207        0.00156925
             110.1        0.00108267        0.00154844
             110.5         0.0010618        0.00159508
             110.9        0.00103777        0.00155884
             111.3        0.00105972        0.00167674
             111.7        0.00101843        0.00151367
             112.1        0.00103149        0.00165928
             112.5        0.00100067        0.00152255
             112.9        0.00097366        0.00152513
             113.3       0.000959979        0.00146787
             113.7       0.000941046        0.00145006
             114.1       0.000923931        0.00147989
             114.5         0.0009379        0.00147754
             114.9       0.000918451        0.00141353
             115.3       0.000898943        0.00143776
             115.7        0.00089722        0.00144303
             116.1        0.00089998        0.00145877
             116.5       0.000860798        0.00138411
             116.9       0.000853763        0.00141442
             117.3       0.000871704        0.00147573
             117.7       0.000834919         0.0013429
             118.1       0.000845548         0.0013691
             118.5       0.000803192        0.00130687
             118.9       0.000779568         0.0012811
             119.3       0.000790213        0.00131677
             119.7       0.000779654        0.00128051
             120.1       0.000780979         0.0013217
             120.5       0.000777472        0.00133765
             120.9       0.000749614        0.00122741
             121.3       0.000745614         0.0012507
             121.7       0.000746875        0.00125891
             122.1        0.00072947        0.00123803
             122.5       0.000737195        0.00127594
             122.9       0.000723196        0.00130327
             123.3       0.000722716        0.00123051
             123.7       0.000696145        0.00127737
             124.1       0.000703895        0.00122233
             124.5       0.000700628        0.00130896
             124.9       0.000715032        0.00128273
             125.3       0.000667721        0.00120052
             125.7        0.00065311        0.00122407
             126.1       0.000649326        0.00120775
             126.5       0.000659609        0.00120845
             126.9       0.000642493        0.00118902
             127.3       0.000628955        0.00117302
             127.7       0.000618635        0.00114779
             128.1       0.000597741        0.00108174
             128.5       0.000607014        0.00113397
             128.9       0.000609207        0.00120148
             129.3        0.00058035         0.0010579
             129.7       0.000594391        0.00114488
             130.1       0.000560691        0.00112491
             130.5        0.00055556        0.00108329
             130.9       0.000562212        0.00107865
             131.3       0.000534771          0.001037
             131.7       0.000558348        0.00109818
             132.1        0.00054285        0.00106599
             132.5       0.000540264        0.00106122
             132.9       0.000547952        0.00112772
             133.3       0.000527499        0.00105965
             133.7       0.000526668        0.00105106
             134.1       0.000517866        0.00103582
             134.5       0.000508443         0.0010225
             134.9       0.000525154        0.00109127
             135.3       0.000497058       0.000997215
             135.7       0.000463418        0.00092289
             136.1       0.000496622       0.000997813
             136.5       0.000475394        0.00101171
             136.9       0.000492382        0.00103164
             137.3       0.000478796       0.000984448
             137.7       0.000462411       0.000975828
             138.1       0.000442069       0.000982551
             138.5        0.00044079       0.000900238
             138.9       0.000445571       0.000974565
             139.3       0.000442405       0.000991657
             139.7       0.000430691       0.000988939
             140.1       0.000429192       0.000944894
             140.5       0.000447404        0.00109673
             140.9       0.000421208       0.000927114
             141.3       0.000414692       0.000921063
             141.7       0.000409684       0.000926196
             142.1       0.000394982       0.000872851
             142.5       0.000413983       0.000907486
             142.9       0.000407167       0.000937134
             143.3       0.000391504        0.00090257
             143.7       0.000397156       0.000911978
             144.1       0.000404547       0.000866436
             144.5       0.000380932        0.00092543
             144.9       0.000405464       0.000930285
             145.3       0.000373527       0.000884726
             145.7        0.00038365       0.000917684
             146.1       0.000353901       0.000775501
             146.5       0.000353872       0.000800281
             146.9       0.000345464       0.000848824
             147.3        0.00033915       0.000797732
             147.7       0.000352873       0.000872246
             148.1       0.000356826       0.000832294
             148.5        0.00033563       0.000817563
             148.9       0.000345628       0.000864137
             149.3       0.000318448       0.000768046
             149.7       0.000322194       0.000873529
             150.1       0.000316117       0.000737152
             150.5       0.000316975        0.00075668
             150.9       0.000329883       0.000832672
             151.3       0.000307686       0.000765311
             151.7       0.000295052       0.000731732
             152.1       0.000305199       0.000772374
             152.5       0.000304025       0.000793962
             152.9       0.000289011       0.000719234
             153.3       0.000299517       0.000785202
             153.7       0.000288697       0.000727556
             154.1       0.000310216       0.000827961
             154.5       0.000273823        0.00067589
             154.9       0.000289643        0.00074695
             155.3       0.000291912       0.000744101
             155.7       0.000290679       0.000830254
             156.1       0.000281128       0.000728789
             156.5       0.000268649       0.000735229
             156.9       0.000269474       0.000738104
             157.3       0.000273416       0.000708411
             157.7       0.000263569        0.00067624
             158.1       0.000259793       0.000714516
             158.5       0.000273503       0.000744006
             158.9       0.000257851       0.000712069
             159.3       0.000266322       0.000756881
             159.7       0.000243761       0.000713439
             160.1       0.000254808       0.000719979
             160.5       0.000250963       0.000680454
             160.9       0.000235364        0.00064776
             161.3       0.000247501       0.000696381
             161.7       0.000251193       0.000704131
             162.1       0.000230836       0.000654563
             162.5       0.000233366       0.000666404
             162.9         0.0002396       0.000663298
             163.3       0.000213606       0.000633874
             163.7       0.000230583       0.000692549
             164.1       0.000237585        0.00073964
             164.5       0.000210357       0.000630265
             164.9       0.000226431       0.000725854
             165.3       0.000209976       0.000604364
             165.7       0.000219133       0.000600322
             166.1       0.000202569        0.00058702
             166.5       0.000209975        0.00061186
             166.9       0.000199392       0.000568206
             167.3       0.000217615       0.000637854
             167.7        0.00019771       0.000622758
             168.1       0.000208569       0.000658623
             168.5       0.000215198       0.000710962
             168.9       0.000202907       0.000642021
             169.3       0.000199704        0.00058695
             169.7       0.000200044       0.000622127
             170.1       0.000188469       0.000583052
             170.5        0.00018235       0.000560428
             170.9       0.000204882       0.000648207
             171.3       0.000183669       0.000580687
             171.7       0.000194142       0.000639956
             172.1       0.000185796       0.000603982
             172.5        0.00018052       0.000597234
             172.9        0.00017775       0.000578669
             173.3       0.000176188       0.000566974
             173.7       0.000164811       0.000530155
             174.1       0.000174886       0.000575341
             174.5       0.000174921       0.000622546
             174.9       0.000180949       0.000544685
             175.3       0.000189437       0.000625886
             175.7       0.000168068       0.000603323
             176.1       0.000172609       0.000609359
             176.5       0.000159763       0.000577441
             176.9       0.000155096       0.000509798
             177.3       0.000158474       0.000584539
             177.7       0.000162288       0.000622334
             178.1       0.000165834       0.000528917
             178.5       0.000162132       0.000627751
             178.9       0.000142042        0.00046002
             179.3       0.000150821       0.000520796
