               0.1          0.743091          0.038111
               0.5          0.763414         0.0482429
               0.9          0.752222         0.0534983
               1.3          0.758994         0.0512109
               1.7          0.762311         0.0494147
               2.1          0.758394         0.0545065
               2.5          0.761511         0.0478594
               2.9          0.762496         0.0488891
               3.3          0.764065         0.0475695
               3.7          0.756031         0.0451554
               4.1          0.755475          0.051964
               4.5          0.752448         0.0532608
               4.9          0.754763         0.0514863
               5.3           0.75499         0.0492748
               5.7          0.750976         0.0531581
               6.1          0.747327         0.0549377
               6.5          0.745312         0.0528778
               6.9          0.747737         0.0568127
               7.3           0.74034         0.0596278
               7.7          0.740484         0.0572992
               8.1          0.739279         0.0604861
               8.5           0.73636         0.0592192
               8.9          0.732066         0.0611942
               9.3          0.720554         0.0660569
               9.7          0.730197         0.0576147
              10.1          0.721802         0.0655446
              10.5          0.717481         0.0650174
              10.9          0.706781         0.0714497
              11.3          0.708371         0.0672695
              11.7          0.704269         0.0684015
              12.1          0.696918         0.0743376
              12.5          0.694395         0.0723457
              12.9           0.68493         0.0761039
              13.3          0.683047         0.0756866
              13.7           0.68303         0.0768195
              14.1          0.667924          0.080776
              14.5          0.665983         0.0835227
              14.9          0.654653         0.0877437
              15.3          0.650833         0.0873217
              15.7           0.63815         0.0893174
              16.1          0.627145         0.0999647
              16.5          0.612108         0.0971647
              16.9          0.599153          0.103422
              17.3          0.586414          0.113186
              17.7          0.583749          0.109516
              18.1          0.564066          0.115596
              18.5           0.54745          0.121395
              18.9          0.520207           0.13402
              19.3          0.500225          0.145067
              19.7           0.46175          0.154414
              20.1          0.439228          0.155681
              20.5          0.409743           0.16417
              20.9          0.398342          0.157014
              21.3          0.361895          0.166014
              21.7          0.345882          0.161772
              22.1          0.319361           0.15799
              22.5          0.311244          0.153799
              22.9           0.28598          0.150968
              23.3          0.262902           0.14658
              23.7          0.245381          0.139654
              24.1          0.232144           0.13034
              24.5          0.217958          0.127259
              24.9          0.201842          0.119587
              25.3           0.18735          0.115593
              25.7          0.171911          0.101056
              26.1          0.162859         0.0995041
              26.5          0.148002         0.0897248
              26.9          0.139442         0.0866477
              27.3          0.128852         0.0785683
              27.7          0.121611         0.0766988
              28.1          0.118549         0.0757369
              28.5          0.106078         0.0651303
              28.9           0.10176         0.0626903
              29.3         0.0948359          0.062548
              29.7         0.0906287         0.0584046
              30.1         0.0852628         0.0574741
              30.5         0.0822805          0.055812
              30.9         0.0765499         0.0517825
              31.3         0.0713977         0.0482941
              31.7         0.0693901         0.0479294
              32.1         0.0663717         0.0464663
              32.5         0.0632675         0.0431884
              32.9         0.0593328         0.0435298
              33.3         0.0568615         0.0398692
              33.7         0.0558036         0.0398595
              34.1         0.0546202         0.0393112
              34.5         0.0521521         0.0362671
              34.9         0.0480746         0.0348614
              35.3         0.0469577         0.0337701
              35.7          0.043644         0.0320724
              36.1         0.0427217         0.0329026
              36.5         0.0410779         0.0303145
              36.9         0.0402403         0.0311028
              37.3         0.0380145         0.0301886
              37.7         0.0364069          0.028503
              38.1         0.0352179         0.0284706
              38.5         0.0335497         0.0257113
              38.9         0.0331948         0.0260558
              39.3         0.0322233         0.0259209
              39.7         0.0304999         0.0250585
              40.1         0.0301382         0.0247528
              40.5         0.0293694         0.0239852
              40.9          0.028414         0.0242363
              41.3         0.0268454         0.0229848
              41.7         0.0253575         0.0204053
              42.1         0.0261195         0.0216264
              42.5         0.0236284         0.0197915
              42.9          0.023768         0.0202926
              43.3         0.0225588         0.0186421
              43.7         0.0220608         0.0194831
              44.1         0.0210103         0.0189221
              44.5         0.0214559         0.0184848
              44.9         0.0205933         0.0180541
              45.3         0.0198006         0.0172718
              45.7         0.0199707         0.0177541
              46.1         0.0188411         0.0165367
              46.5         0.0183733         0.0161038
              46.9         0.0175303         0.0166295
              47.3         0.0170975         0.0158443
              47.7         0.0168038         0.0157493
              48.1         0.0159702         0.0149525
              48.5         0.0157812         0.0151123
              48.9         0.0152722         0.0142544
              49.3         0.0149495         0.0148256
              49.7         0.0149133          0.013909
              50.1         0.0145699         0.0139384
              50.5         0.0147625           0.01466
              50.9         0.0135065         0.0136204
              51.3         0.0134755         0.0135989
              51.7         0.0129461         0.0124648
              52.1          0.012774         0.0124526
              52.5         0.0125097         0.0122536
              52.9         0.0122014          0.012051
              53.3         0.0116666         0.0112242
              53.7         0.0117398         0.0125274
              54.1         0.0110127         0.0110684
              54.5         0.0114756         0.0127404
              54.9         0.0106178         0.0108439
              55.3         0.0106644         0.0107689
              55.7         0.0102952         0.0114088
              56.1         0.0101328          0.010605
              56.5         0.0103238         0.0104553
              56.9        0.00978632         0.0105013
              57.3        0.00950135        0.00978843
              57.7        0.00919956        0.00980825
              58.1        0.00914565        0.00956128
              58.5        0.00887311        0.00960211
              58.9        0.00866181        0.00922398
              59.3        0.00812385        0.00894763
              59.7        0.00817058        0.00878506
              60.1        0.00817526        0.00935744
              60.5        0.00777122        0.00844078
              60.9        0.00787473        0.00861843
              61.3        0.00766345        0.00917137
              61.7        0.00740417         0.0083648
              62.1        0.00711575        0.00808357
              62.5        0.00723453        0.00778065
              62.9        0.00701887        0.00812548
              63.3        0.00697079        0.00789789
              63.7        0.00679803        0.00797052
              64.1        0.00650333        0.00749609
              64.5          0.006332        0.00770406
              64.9        0.00631972        0.00733977
              65.3        0.00634237         0.0079571
              65.7        0.00649196        0.00813904
              66.1        0.00619592        0.00763417
              66.5        0.00596048        0.00750886
              66.9        0.00569265        0.00686835
              67.3        0.00590627        0.00736972
              67.7        0.00550707        0.00676413
              68.1        0.00515158        0.00636415
              68.5        0.00533782        0.00658124
              68.9        0.00524533        0.00654978
              69.3          0.005286        0.00645307
              69.7        0.00508546         0.0062304
              70.1        0.00491219        0.00596415
              70.5        0.00491206        0.00622406
              70.9        0.00483858        0.00626818
              71.3        0.00486093        0.00627458
              71.7        0.00470264         0.0061079
              72.1        0.00467673         0.0061616
              72.5        0.00453749        0.00625248
              72.9        0.00446478        0.00573819
              73.3        0.00422952        0.00551574
              73.7         0.0042449        0.00572745
              74.1         0.0041355        0.00544076
              74.5        0.00413853        0.00566101
              74.9         0.0039764        0.00526818
              75.3          0.004053        0.00559602
              75.7        0.00382875        0.00548064
              76.1        0.00382226        0.00533951
              76.5        0.00380631          0.005226
              76.9        0.00367424        0.00519619
              77.3        0.00358919        0.00500851
              77.7        0.00366899        0.00513173
              78.1        0.00349745        0.00493397
              78.5         0.0035428        0.00508351
              78.9        0.00335193        0.00472901
              79.3        0.00337102        0.00508661
              79.7        0.00329079        0.00482028
              80.1        0.00330119        0.00487131
              80.5        0.00322871        0.00487172
              80.9        0.00329017        0.00492487
              81.3        0.00325061        0.00477512
              81.7        0.00303071        0.00452018
              82.1        0.00304269         0.0046457
              82.5        0.00299055        0.00460987
              82.9        0.00300348        0.00483156
              83.3        0.00281805        0.00417235
              83.7        0.00285137        0.00471044
              84.1         0.0028108        0.00447077
              84.5        0.00277614        0.00453294
              84.9        0.00273596        0.00427077
              85.3        0.00267616         0.0042798
              85.7        0.00258611        0.00402136
              86.1         0.0026724        0.00437256
              86.5        0.00238998        0.00387884
              86.9        0.00245004         0.0038911
              87.3        0.00244513        0.00401398
              87.7        0.00240938        0.00396544
              88.1        0.00239237        0.00398222
              88.5        0.00231186        0.00389901
              88.9        0.00238152        0.00401619
              89.3        0.00232976        0.00410429
              89.7         0.0022829        0.00426182
              90.1        0.00221411          0.003939
              90.5        0.00217015        0.00371589
              90.9        0.00215226        0.00431925
              91.3        0.00226751        0.00521343
              91.7        0.00214898        0.00375373
              92.1        0.00212169        0.00374754
              92.5        0.00204858        0.00353037
              92.9        0.00201663        0.00352954
              93.3        0.00196891        0.00344483
              93.7        0.00193899        0.00349098
              94.1         0.0018769        0.00340672
              94.5        0.00186167        0.00341283
              94.9         0.0018925        0.00357192
              95.3        0.00182567        0.00340388
              95.7        0.00176428        0.00327684
              96.1        0.00178014        0.00330335
              96.5         0.0017676         0.0033255
              96.9         0.0017022         0.0031227
              97.3        0.00169669        0.00309761
              97.7        0.00168408        0.00309295
              98.1         0.0016778        0.00330587
              98.5         0.0016925         0.0033606
              98.9        0.00156807        0.00296221
              99.3        0.00154605        0.00294605
              99.7        0.00147822         0.0027509
             100.1        0.00157181        0.00316502
             100.5         0.0014611        0.00297983
             100.9        0.00151675        0.00318474
             101.3        0.00139453        0.00270275
             101.7        0.00141101        0.00273975
             102.1        0.00143746        0.00293284
             102.5        0.00137203        0.00274817
             102.9        0.00138662        0.00312521
             103.3        0.00131703        0.00282482
             103.7        0.00134713        0.00286972
             104.1        0.00129276        0.00279369
             104.5        0.00129723        0.00271713
             104.9        0.00128716        0.00257892
             105.3        0.00129718          0.002686
             105.7        0.00127718        0.00265902
             106.1        0.00127312        0.00277261
             106.5        0.00126365        0.00275621
             106.9        0.00119867        0.00252771
             107.3        0.00124141          0.002838
             107.7        0.00121569        0.00270255
             108.1        0.00118706        0.00270043
             108.5        0.00120447        0.00263384
             108.9        0.00109938        0.00258656
             109.3        0.00108103        0.00240524
             109.7        0.00110921        0.00244188
             110.1         0.0010726        0.00244572
             110.5        0.00106874        0.00237938
             110.9        0.00104802         0.0024091
             111.3        0.00107967        0.00261791
             111.7       0.000999389        0.00236639
             112.1        0.00106382        0.00255029
             112.5       0.000977527        0.00220117
             112.9        0.00103493        0.00236752
             113.3        0.00101296        0.00235826
             113.7       0.000912754        0.00210123
             114.1       0.000941721         0.0024288
             114.5       0.000964443        0.00230585
             114.9       0.000952025        0.00233862
             115.3       0.000931292        0.00235401
             115.7        0.00093565        0.00220171
             116.1       0.000905258        0.00218284
             116.5       0.000851015        0.00207249
             116.9        0.00086749         0.0020936
             117.3       0.000881892        0.00216356
             117.7       0.000848167        0.00208195
             118.1       0.000804156        0.00199332
             118.5       0.000845518        0.00209874
             118.9       0.000824175        0.00206594
             119.3        0.00083953        0.00208327
             119.7       0.000791449        0.00200038
             120.1       0.000750077        0.00194513
             120.5       0.000779793        0.00203646
             120.9       0.000748754        0.00199883
             121.3       0.000760673        0.00187277
             121.7        0.00075175        0.00202319
             122.1       0.000712775        0.00201064
             122.5       0.000758247        0.00214432
             122.9       0.000692008         0.0018305
             123.3       0.000742355        0.00199308
             123.7       0.000691166        0.00188539
             124.1       0.000656505        0.00179521
             124.5        0.00073326        0.00207334
             124.9       0.000689592        0.00190803
             125.3       0.000700481        0.00195181
             125.7       0.000629981        0.00177463
             126.1       0.000703593        0.00213433
             126.5       0.000603802        0.00165234
             126.9       0.000658005        0.00181086
             127.3       0.000630515        0.00172795
             127.7        0.00061649        0.00178227
             128.1       0.000602687        0.00176908
             128.5       0.000598028        0.00166049
             128.9       0.000656666        0.00184791
             129.3       0.000614158        0.00177923
             129.7       0.000599866        0.00170211
             130.1       0.000580697        0.00167608
             130.5       0.000570683         0.0016576
             130.9       0.000610465        0.00173719
             131.3       0.000587855        0.00181193
             131.7       0.000540984        0.00159102
             132.1       0.000564052        0.00172718
             132.5       0.000567733        0.00167884
             132.9        0.00056292        0.00184789
             133.3       0.000531366        0.00163233
             133.7       0.000561395        0.00162276
             134.1       0.000537687        0.00162833
             134.5       0.000487167        0.00158208
             134.9       0.000514355        0.00155393
             135.3       0.000507339        0.00169098
             135.7       0.000486018        0.00153942
             136.1       0.000534906        0.00170133
             136.5       0.000492813        0.00150668
             136.9       0.000466334        0.00141866
             137.3       0.000485925        0.00170134
             137.7       0.000471835        0.00152601
             138.1        0.00047591        0.00156239
             138.5       0.000480708        0.00159725
             138.9       0.000472565        0.00160634
             139.3       0.000429534        0.00148793
             139.7       0.000473236        0.00154458
             140.1       0.000423519        0.00143416
             140.5       0.000391351        0.00124243
             140.9       0.000404394          0.001301
             141.3       0.000422391        0.00147923
             141.7        0.00041118         0.0014345
             142.1        0.00039054        0.00130408
             142.5       0.000395456        0.00135311
             142.9       0.000397794        0.00126342
             143.3       0.000414722        0.00145698
             143.7       0.000404548        0.00135406
             144.1       0.000406093        0.00146952
             144.5       0.000380395        0.00142839
             144.9       0.000396488        0.00144165
             145.3       0.000403237        0.00145302
             145.7       0.000395447        0.00130573
             146.1       0.000359656        0.00117893
             146.5       0.000368885        0.00132281
             146.9       0.000345273        0.00124991
             147.3       0.000390296        0.00146068
             147.7       0.000357276        0.00123525
             148.1       0.000330342        0.00115247
             148.5        0.00034448        0.00120117
             148.9       0.000333503        0.00127584
             149.3       0.000368037        0.00133281
             149.7       0.000347966        0.00137748
             150.1       0.000312245        0.00113105
             150.5       0.000306898        0.00115999
             150.9         0.0003446        0.00133878
             151.3       0.000295804        0.00113571
             151.7       0.000324458         0.0012151
             152.1       0.000286608        0.00117572
             152.5       0.000288667        0.00105128
             152.9       0.000328171        0.00129446
             153.3       0.000288472        0.00106489
             153.7       0.000320516        0.00131611
             154.1        0.00028996        0.00109659
             154.5       0.000320965        0.00124758
             154.9        0.00027887        0.00112238
             155.3        0.00029472        0.00120915
             155.7        0.00027454        0.00106659
             156.1       0.000272832        0.00110961
             156.5       0.000277621         0.0011118
             156.9        0.00026476        0.00111052
             157.3       0.000253977        0.00101226
             157.7        0.00026821        0.00123246
             158.1       0.000282373        0.00115972
             158.5       0.000252353        0.00103593
             158.9       0.000235577       0.000965536
             159.3       0.000250209       0.000959245
             159.7       0.000264398        0.00115718
             160.1       0.000250252        0.00103951
             160.5       0.000261339        0.00108331
             160.9       0.000247064        0.00100486
             161.3       0.000245292        0.00103795
             161.7        0.00027994          0.001198
             162.1       0.000239101        0.00109421
             162.5       0.000249421           0.00112
             162.9       0.000261548        0.00119234
             163.3       0.000248807        0.00100711
             163.7       0.000225537        0.00104921
             164.1       0.000238688        0.00105684
             164.5        0.00023598        0.00112326
             164.9       0.000221743       0.000989045
             165.3       0.000225326        0.00100773
             165.7       0.000212093       0.000901427
             166.1       0.000220366       0.000994436
             166.5       0.000201193       0.000861913
             166.9       0.000230466        0.00109641
             167.3       0.000201974       0.000926207
             167.7       0.000214595        0.00105883
             168.1       0.000205381       0.000963467
             168.5       0.000186704        0.00084936
             168.9       0.000216912       0.000986635
             169.3       0.000201938       0.000992971
             169.7       0.000209659       0.000969473
             170.1       0.000185293        0.00084962
             170.5       0.000204087          0.000886
             170.9       0.000214386       0.000995576
             171.3       0.000173237       0.000814748
             171.7       0.000173245       0.000819711
             172.1       0.000174561       0.000845759
             172.5       0.000189609       0.000878921
             172.9       0.000194167        0.00089008
             173.3        0.00017346       0.000809717
             173.7       0.000172329       0.000927814
             174.1       0.000157018       0.000772546
             174.5       0.000185389       0.000984164
             174.9        0.00018101       0.000939226
             175.3       0.000159725        0.00079185
             175.7       0.000159176       0.000718767
             176.1       0.000176482       0.000898511
             176.5       0.000172835       0.000813065
             176.9       0.000181843        0.00100493
             177.3       0.000169796       0.000908782
             177.7       0.000163369       0.000890127
             178.1       0.000144264       0.000889253
             178.5       0.000146767       0.000754738
             178.9       0.000171543          0.001053
             179.3       0.000185356        0.00110633
