               0.1          0.768682         0.0283956
               0.5          0.765541         0.0418225
               0.9          0.771598         0.0317593
               1.3          0.761249         0.0374766
               1.7          0.764404         0.0378301
               2.1          0.758404         0.0389524
               2.5          0.761564         0.0372515
               2.9          0.759649         0.0364305
               3.3          0.760861         0.0368795
               3.7          0.753411         0.0390117
               4.1          0.758542         0.0331548
               4.5          0.758418         0.0387336
               4.9          0.753494         0.0390596
               5.3          0.753461         0.0384861
               5.7          0.751971         0.0377082
               6.1          0.750511         0.0380736
               6.5          0.747597         0.0423679
               6.9          0.745647         0.0428665
               7.3          0.746195         0.0408934
               7.7          0.738933         0.0431218
               8.1          0.741251         0.0431842
               8.5          0.737019         0.0419378
               8.9           0.73253         0.0444894
               9.3          0.731508         0.0433225
               9.7          0.726425         0.0471609
              10.1          0.726731         0.0438819
              10.5          0.717112         0.0496827
              10.9          0.715338         0.0490963
              11.3          0.711785         0.0473663
              11.7          0.706521         0.0483766
              12.1          0.702865         0.0516354
              12.5          0.694091          0.053733
              12.9          0.692866         0.0559652
              13.3          0.684886         0.0566654
              13.7          0.677554         0.0589096
              14.1          0.673342         0.0561129
              14.5          0.665653         0.0606544
              14.9          0.655722         0.0617135
              15.3          0.646491         0.0666014
              15.7          0.639912         0.0658269
              16.1          0.627356         0.0740735
              16.5          0.613495         0.0734636
              16.9          0.600649         0.0800037
              17.3          0.596223         0.0836767
              17.7          0.578288         0.0900488
              18.1          0.565565         0.0920358
              18.5          0.545651         0.0989439
              18.9          0.523409          0.111901
              19.3          0.494783          0.123824
              19.7           0.46524          0.132744
              20.1          0.439278          0.134834
              20.5          0.412296          0.139131
              20.9           0.39339          0.141528
              21.3          0.366826          0.144614
              21.7          0.344081          0.140991
              22.1          0.324568          0.141898
              22.5          0.301609          0.136299
              22.9          0.283826          0.133564
              23.3          0.266672          0.127948
              23.7          0.249048          0.121148
              24.1          0.234472          0.117889
              24.5          0.215756          0.107667
              24.9          0.198477           0.10255
              25.3          0.180286         0.0890747
              25.7          0.172941         0.0884758
              26.1          0.159672         0.0806182
              26.5          0.151145         0.0750489
              26.9           0.13651         0.0647258
              27.3          0.131749         0.0647951
              27.7           0.11999         0.0566628
              28.1          0.112303         0.0542504
              28.5           0.10733         0.0541647
              28.9          0.102031         0.0504178
              29.3         0.0969595         0.0494798
              29.7         0.0905447         0.0446767
              30.1         0.0856205         0.0415349
              30.5         0.0816881         0.0402704
              30.9         0.0757834         0.0369329
              31.3         0.0728534         0.0377271
              31.7         0.0694852         0.0361776
              32.1         0.0657996         0.0340107
              32.5         0.0644155         0.0343613
              32.9         0.0610112         0.0321072
              33.3         0.0581315         0.0306003
              33.7         0.0551952         0.0292415
              34.1         0.0525922         0.0279611
              34.5         0.0504962         0.0259104
              34.9         0.0485423         0.0263895
              35.3         0.0464798         0.0264645
              35.7         0.0445966         0.0256442
              36.1         0.0426177         0.0230147
              36.5          0.040931         0.0236211
              36.9          0.039589         0.0220047
              37.3         0.0382987         0.0218481
              37.7          0.037061         0.0214117
              38.1         0.0353468          0.019854
              38.5          0.034109          0.019441
              38.9          0.033066         0.0202245
              39.3         0.0318294         0.0184121
              39.7         0.0304651         0.0182761
              40.1         0.0297682         0.0173685
              40.5         0.0286445         0.0173338
              40.9         0.0281928         0.0171673
              41.3         0.0271916         0.0169191
              41.7         0.0264999         0.0164944
              42.1          0.025302         0.0148226
              42.5         0.0247217         0.0152281
              42.9         0.0237006         0.0148318
              43.3         0.0231332         0.0144822
              43.7         0.0219222         0.0132806
              44.1         0.0219605         0.0139562
              44.5         0.0207727         0.0128904
              44.9         0.0202449         0.0132284
              45.3         0.0195148         0.0125882
              45.7         0.0194965         0.0126431
              46.1         0.0183459         0.0115945
              46.5         0.0180855         0.0116725
              46.9         0.0178648         0.0116629
              47.3         0.0172085         0.0111546
              47.7         0.0163749         0.0106966
              48.1         0.0159986         0.0107711
              48.5         0.0156669          0.010363
              48.9         0.0156095         0.0110718
              49.3         0.0149588         0.0106322
              49.7         0.0145899        0.00990964
              50.1         0.0140634        0.00990574
              50.5         0.0138988         0.0095016
              50.9         0.0135168         0.0094999
              51.3          0.013172        0.00928975
              51.7           0.01302        0.00912867
              52.1         0.0126368        0.00928055
              52.5         0.0123106        0.00892601
              52.9         0.0119156        0.00828244
              53.3         0.0116828        0.00881047
              53.7         0.0113815        0.00836466
              54.1         0.0113691        0.00815287
              54.5         0.0109509        0.00831392
              54.9         0.0106952        0.00801543
              55.3         0.0105404        0.00780995
              55.7         0.0101655        0.00747897
              56.1         0.0100085        0.00798686
              56.5        0.00987628        0.00745175
              56.9        0.00962057        0.00732106
              57.3        0.00946466        0.00713558
              57.7        0.00903304        0.00715942
              58.1        0.00882681         0.0067991
              58.5        0.00895105         0.0070959
              58.9        0.00840025        0.00682145
              59.3        0.00845394         0.0067472
              59.7        0.00815572        0.00640588
              60.1        0.00805814        0.00636307
              60.5        0.00801883        0.00676563
              60.9        0.00768657        0.00631896
              61.3        0.00767441        0.00614428
              61.7        0.00747199         0.0061146
              62.1         0.0073024        0.00616842
              62.5        0.00720236        0.00592947
              62.9        0.00683805        0.00564491
              63.3        0.00705272        0.00603307
              63.7        0.00682509        0.00575048
              64.1        0.00667423         0.0057651
              64.5        0.00648549        0.00549467
              64.9        0.00640264        0.00537749
              65.3        0.00615839        0.00517415
              65.7        0.00606734        0.00548543
              66.1        0.00600363        0.00517926
              66.5        0.00578989        0.00522818
              66.9        0.00590605        0.00535675
              67.3        0.00570454        0.00514129
              67.7        0.00561786        0.00512425
              68.1        0.00537191        0.00488649
              68.5        0.00544147        0.00508488
              68.9        0.00523005        0.00484673
              69.3        0.00513632        0.00470172
              69.7        0.00515323        0.00459234
              70.1        0.00495775        0.00471076
              70.5        0.00472871          0.004555
              70.9        0.00479472        0.00456368
              71.3        0.00465332        0.00444807
              71.7         0.0047141        0.00449799
              72.1        0.00455015        0.00432016
              72.5        0.00459128        0.00428745
              72.9        0.00435883         0.0042576
              73.3        0.00432955        0.00420873
              73.7        0.00436597        0.00433139
              74.1        0.00414992        0.00416646
              74.5        0.00412283        0.00407268
              74.9        0.00402526         0.0042169
              75.3        0.00394097        0.00403556
              75.7        0.00383157         0.0039442
              76.1        0.00390348        0.00398211
              76.5        0.00368054         0.0036452
              76.9        0.00370655        0.00382633
              77.3        0.00361887        0.00370679
              77.7        0.00364874        0.00375227
              78.1        0.00349423        0.00367151
              78.5        0.00352707        0.00391832
              78.9        0.00342552        0.00368029
              79.3        0.00339255        0.00371724
              79.7        0.00317102        0.00332059
              80.1        0.00334604        0.00367941
              80.5        0.00317081        0.00346384
              80.9        0.00312419        0.00338902
              81.3        0.00310655        0.00342786
              81.7         0.0030278        0.00339711
              82.1        0.00292349        0.00317019
              82.5        0.00292456         0.0033062
              82.9        0.00292752        0.00324391
              83.3        0.00284387        0.00321217
              83.7        0.00285928        0.00327393
              84.1        0.00274613        0.00311586
              84.5        0.00263266        0.00298111
              84.9        0.00264716        0.00296999
              85.3        0.00264415        0.00328659
              85.7        0.00262584        0.00302734
              86.1        0.00246772        0.00283365
              86.5         0.0025535        0.00300306
              86.9         0.0024667        0.00297937
              87.3        0.00239024        0.00280763
              87.7        0.00238927        0.00291133
              88.1         0.0023917        0.00298804
              88.5        0.00230171        0.00277005
              88.9        0.00234177        0.00293818
              89.3        0.00229252        0.00296235
              89.7        0.00226548        0.00286797
              90.1        0.00223144        0.00284257
              90.5        0.00220185        0.00274077
              90.9        0.00210259        0.00271476
              91.3        0.00206025        0.00270276
              91.7        0.00206341        0.00263574
              92.1        0.00205423        0.00273105
              92.5        0.00198327        0.00258595
              92.9        0.00202641         0.0026572
              93.3         0.0018979        0.00248024
              93.7        0.00190218        0.00256763
              94.1         0.0019275        0.00247762
              94.5        0.00186943         0.0025039
              94.9        0.00184891          0.002498
              95.3        0.00178225         0.0024223
              95.7        0.00175154         0.0024015
              96.1        0.00181241        0.00253028
              96.5        0.00177643        0.00252102
              96.9        0.00167617        0.00232333
              97.3        0.00166411        0.00233266
              97.7        0.00164248        0.00235017
              98.1        0.00162426         0.0024351
              98.5        0.00165538        0.00238672
              98.9         0.0016168        0.00241252
              99.3        0.00153193         0.0021594
              99.7        0.00155328        0.00215852
             100.1        0.00153535        0.00220887
             100.5        0.00149838        0.00219552
             100.9        0.00147496        0.00212208
             101.3        0.00149176        0.00221751
             101.7        0.00144709        0.00212407
             102.1        0.00139862        0.00213779
             102.5         0.0013694        0.00201011
             102.9        0.00140045        0.00209266
             103.3        0.00135608         0.0020093
             103.7        0.00136572        0.00208809
             104.1        0.00132787        0.00211948
             104.5        0.00133806        0.00209168
             104.9        0.00130417        0.00210485
             105.3        0.00126674         0.0019343
             105.7        0.00128026        0.00206671
             106.1        0.00123732        0.00194931
             106.5        0.00119729        0.00191679
             106.9        0.00121718        0.00195543
             107.3        0.00115554        0.00183112
             107.7        0.00115412         0.0019071
             108.1        0.00116358        0.00192153
             108.5        0.00111829        0.00182052
             108.9        0.00112565        0.00184809
             109.3        0.00110247        0.00175354
             109.7        0.00114081        0.00190233
             110.1        0.00109329        0.00184035
             110.5        0.00107355        0.00180918
             110.9        0.00104902        0.00171639
             111.3        0.00105367         0.0016764
             111.7        0.00101624        0.00169386
             112.1        0.00105466        0.00177544
             112.5        0.00104028        0.00178342
             112.9       0.000990719        0.00172311
             113.3       0.000996004        0.00168301
             113.7       0.000976405        0.00170589
             114.1       0.000949328        0.00164591
             114.5       0.000931782        0.00163485
             114.9        0.00091318        0.00153943
             115.3       0.000906194        0.00161754
             115.7       0.000915861        0.00164703
             116.1       0.000875646        0.00158425
             116.5        0.00088096        0.00158962
             116.9        0.00086693        0.00156102
             117.3       0.000854605        0.00149565
             117.7       0.000868085        0.00158217
             118.1       0.000842887        0.00161479
             118.5       0.000847373        0.00160596
             118.9       0.000798158        0.00151483
             119.3       0.000804327        0.00152037
             119.7       0.000797305        0.00142149
             120.1        0.00081316        0.00164798
             120.5       0.000768699        0.00151313
             120.9        0.00076824        0.00149642
             121.3       0.000739006         0.0014062
             121.7       0.000735381        0.00141542
             122.1       0.000734529        0.00142643
             122.5       0.000738804        0.00140496
             122.9       0.000704354        0.00136342
             123.3       0.000728479        0.00143125
             123.7       0.000693762        0.00143179
             124.1       0.000685905        0.00139418
             124.5       0.000674302         0.0013556
             124.9       0.000669717        0.00130901
             125.3       0.000653788        0.00128927
             125.7       0.000668868        0.00136787
             126.1       0.000644576        0.00128308
             126.5       0.000626834        0.00130038
             126.9       0.000663881        0.00136986
             127.3       0.000640752         0.0013599
             127.7       0.000607959        0.00127925
             128.1       0.000602872        0.00123433
             128.5       0.000625263        0.00132943
             128.9       0.000618042        0.00125694
             129.3       0.000611475        0.00128443
             129.7       0.000600592        0.00137656
             130.1       0.000586631        0.00122795
             130.5        0.00056293        0.00121246
             130.9         0.0005774         0.0012634
             131.3       0.000580403        0.00125247
             131.7       0.000576675         0.0013003
             132.1       0.000560334        0.00128378
             132.5       0.000560207        0.00121648
             132.9       0.000546005        0.00123343
             133.3       0.000525758        0.00116993
             133.7       0.000531817        0.00125822
             134.1       0.000514473        0.00118499
             134.5        0.00050555        0.00116241
             134.9       0.000491246        0.00113328
             135.3       0.000522943        0.00118627
             135.7       0.000474157        0.00105033
             136.1       0.000479296        0.00114713
             136.5       0.000483686        0.00111804
             136.9       0.000482756        0.00115628
             137.3       0.000485642        0.00122288
             137.7       0.000451685        0.00108803
             138.1       0.000449507        0.00111731
             138.5       0.000443923         0.0011289
             138.9       0.000472074        0.00115046
             139.3       0.000449675        0.00111079
             139.7       0.000460184        0.00116344
             140.1         0.0004126       0.000947765
             140.5       0.000425341         0.0010281
             140.9       0.000431174        0.00109517
             141.3       0.000403485       0.000977441
             141.7       0.000432581        0.00109845
             142.1       0.000431987        0.00113306
             142.5       0.000427659        0.00105745
             142.9       0.000393048       0.000984745
             143.3       0.000388281       0.000989308
             143.7       0.000371906       0.000928429
             144.1       0.000379615       0.000970321
             144.5       0.000389529        0.00101616
             144.9       0.000357598       0.000894822
             145.3       0.000370919       0.000979548
             145.7       0.000381622        0.00104493
             146.1       0.000390658        0.00105563
             146.5       0.000360441        0.00100011
             146.9        0.00037448       0.000914894
             147.3          0.000343       0.000946511
             147.7       0.000327783       0.000846634
             148.1       0.000335123       0.000894761
             148.5       0.000323072       0.000842984
             148.9       0.000352205       0.000959365
             149.3       0.000339394        0.00100007
             149.7       0.000322958       0.000881249
             150.1       0.000350621        0.00099288
             150.5       0.000351388       0.000980074
             150.9       0.000326417       0.000873015
             151.3       0.000331559       0.000939078
             151.7       0.000324826       0.000903155
             152.1       0.000288557       0.000779539
             152.5       0.000309797       0.000852388
             152.9       0.000294589       0.000866654
             153.3       0.000313013       0.000897657
             153.7        0.00028968        0.00078352
             154.1       0.000287604       0.000806155
             154.5       0.000274071       0.000794965
             154.9       0.000280263       0.000855957
             155.3       0.000289724       0.000838189
             155.7        0.00028712       0.000834746
             156.1       0.000305135       0.000949404
             156.5       0.000267389       0.000819808
             156.9       0.000278902       0.000866694
             157.3       0.000270222       0.000833021
             157.7       0.000261781       0.000801649
             158.1       0.000280992       0.000834647
             158.5       0.000283616       0.000797433
             158.9       0.000246233       0.000770894
             159.3        0.00024174       0.000875606
             159.7       0.000266043       0.000845432
             160.1       0.000251463       0.000771132
             160.5       0.000257737       0.000823019
             160.9       0.000235577       0.000841003
             161.3       0.000253476       0.000765313
             161.7       0.000248532       0.000807194
             162.1       0.000240706       0.000771886
             162.5       0.000223464       0.000748027
             162.9       0.000217831       0.000732463
             163.3       0.000227905       0.000749528
             163.7       0.000226069       0.000757249
             164.1       0.000237657       0.000836944
             164.5       0.000240662       0.000833233
             164.9       0.000241638       0.000788837
             165.3       0.000219458       0.000755293
             165.7       0.000219964       0.000715849
             166.1        0.00021132       0.000695681
             166.5       0.000211022       0.000748048
             166.9       0.000209513       0.000695606
             167.3       0.000209935       0.000724128
             167.7       0.000195524       0.000638038
             168.1       0.000217362       0.000774053
             168.5       0.000215477       0.000782161
             168.9       0.000204776       0.000680338
             169.3       0.000192114       0.000686504
             169.7       0.000217068        0.00073385
             170.1        0.00019538       0.000669617
             170.5       0.000202342       0.000691933
             170.9       0.000205796       0.000703331
             171.3       0.000195955       0.000743809
             171.7       0.000182096       0.000647275
             172.1       0.000176248       0.000626459
             172.5       0.000176774       0.000630937
             172.9       0.000185479       0.000660211
             173.3        0.00016277       0.000549744
             173.7       0.000158939       0.000582135
             174.1       0.000175171       0.000637871
             174.5       0.000177792       0.000600267
             174.9        0.00019008       0.000758752
             175.3       0.000176457       0.000656829
             175.7       0.000183073       0.000651876
             176.1       0.000164977        0.00066504
             176.5        0.00016144        0.00056488
             176.9       0.000147641       0.000515566
             177.3       0.000160157       0.000703188
             177.7       0.000174771       0.000636128
             178.1       0.000160693       0.000539252
             178.5       0.000144387       0.000545151
             178.9        0.00014903       0.000605603
             179.3       0.000139349       0.000547722
