               0.1          0.774517         0.0379511
               0.5          0.761424         0.0386952
               0.9          0.762288         0.0380724
               1.3          0.767689         0.0346083
               1.7          0.763678         0.0375448
               2.1          0.755124          0.044433
               2.5          0.758695         0.0380929
               2.9          0.762001         0.0414606
               3.3          0.759101         0.0439891
               3.7          0.755645         0.0376359
               4.1          0.759722         0.0419091
               4.5          0.751982         0.0423276
               4.9          0.753394         0.0404064
               5.3          0.753849         0.0423579
               5.7          0.755882         0.0404297
               6.1          0.748589         0.0431879
               6.5          0.747925         0.0430836
               6.9          0.745067         0.0451857
               7.3           0.74407         0.0436589
               7.7           0.74491         0.0446677
               8.1            0.7384         0.0461595
               8.5          0.736586         0.0440828
               8.9          0.734279         0.0462663
               9.3            0.7272         0.0505735
               9.7          0.727625         0.0477537
              10.1          0.720452         0.0492812
              10.5          0.721205         0.0490547
              10.9          0.714233         0.0512654
              11.3          0.712948         0.0543973
              11.7           0.70896         0.0551931
              12.1          0.699148          0.057732
              12.5          0.695312         0.0575365
              12.9          0.687996         0.0580727
              13.3          0.680831         0.0608186
              13.7          0.677249         0.0644664
              14.1          0.666948         0.0668564
              14.5          0.666834         0.0658618
              14.9          0.657339         0.0687708
              15.3          0.647961         0.0712323
              15.7          0.637095         0.0749801
              16.1          0.630211         0.0769253
              16.5          0.618524         0.0810466
              16.9          0.602998         0.0834235
              17.3          0.595077         0.0897772
              17.7           0.57845         0.0918329
              18.1          0.562375         0.0950319
              18.5          0.543964          0.101545
              18.9          0.523282          0.111998
              19.3          0.493794          0.127124
              19.7          0.464538          0.134931
              20.1          0.436802          0.145242
              20.5          0.417153          0.144258
              20.9          0.387552          0.145309
              21.3          0.370546          0.148431
              21.7          0.342917          0.148451
              22.1          0.325065          0.143199
              22.5           0.30281           0.14073
              22.9          0.280506          0.136014
              23.3          0.273075          0.133526
              23.7           0.25054          0.126165
              24.1          0.233257          0.120173
              24.5          0.217515          0.117071
              24.9          0.202825          0.107486
              25.3          0.187782         0.0994988
              25.7          0.171751         0.0933628
              26.1          0.166117         0.0887378
              26.5          0.149788         0.0787763
              26.9          0.138896         0.0706267
              27.3          0.131642         0.0678867
              27.7          0.119958         0.0621192
              28.1          0.113907         0.0587211
              28.5          0.110014         0.0561094
              28.9         0.0994452         0.0513964
              29.3         0.0935815         0.0492647
              29.7         0.0929625         0.0494882
              30.1         0.0864164         0.0458589
              30.5         0.0808712         0.0444126
              30.9         0.0769097         0.0412552
              31.3         0.0745297          0.040761
              31.7         0.0694326         0.0392817
              32.1          0.065229         0.0354128
              32.5         0.0644659         0.0349918
              32.9         0.0600596          0.033334
              33.3         0.0570891         0.0309684
              33.7         0.0565987         0.0332409
              34.1          0.052743         0.0284295
              34.5         0.0507045         0.0294015
              34.9         0.0477964         0.0267449
              35.3          0.045966         0.0268312
              35.7         0.0453225         0.0266595
              36.1         0.0439595         0.0261776
              36.5         0.0418205         0.0258919
              36.9         0.0396955         0.0235971
              37.3         0.0379048         0.0234346
              37.7         0.0369825         0.0227339
              38.1         0.0365255         0.0223518
              38.5         0.0341097         0.0210879
              38.9         0.0327001          0.020012
              39.3         0.0318887         0.0197506
              39.7         0.0307147         0.0191591
              40.1         0.0300674         0.0199902
              40.5         0.0284209         0.0190117
              40.9         0.0277397         0.0171734
              41.3          0.027241         0.0175391
              41.7         0.0257621         0.0168935
              42.1         0.0250317         0.0165322
              42.5         0.0240783         0.0158947
              42.9         0.0234975         0.0150588
              43.3         0.0229661         0.0153015
              43.7         0.0217571         0.0139884
              44.1         0.0214946         0.0145973
              44.5         0.0208036         0.0141041
              44.9         0.0204119         0.0141371
              45.3          0.019489         0.0128692
              45.7         0.0193589         0.0140782
              46.1         0.0185288         0.0129816
              46.5         0.0178406         0.0127961
              46.9         0.0177271         0.0131011
              47.3         0.0175025          0.012946
              47.7         0.0166927         0.0124642
              48.1         0.0163153          0.011714
              48.5         0.0158935         0.0115869
              48.9         0.0152887         0.0114053
              49.3         0.0149764         0.0109489
              49.7         0.0146628         0.0105434
              50.1          0.014025         0.0103295
              50.5         0.0142335          0.010572
              50.9         0.0137326         0.0105816
              51.3          0.013295        0.00986727
              51.7         0.0131498         0.0101192
              52.1         0.0125437        0.00970356
              52.5         0.0121377        0.00955465
              52.9         0.0119663        0.00925695
              53.3         0.0116374        0.00915061
              53.7         0.0114174        0.00879276
              54.1         0.0109179        0.00835259
              54.5         0.0107413        0.00854235
              54.9         0.0106291        0.00860353
              55.3         0.0104502        0.00851303
              55.7         0.0101121        0.00802593
              56.1         0.0101114        0.00805297
              56.5        0.00987331        0.00822351
              56.9        0.00963039        0.00769793
              57.3        0.00946605        0.00783982
              57.7        0.00925439        0.00798428
              58.1        0.00874207        0.00717071
              58.5        0.00886657        0.00739272
              58.9        0.00851632        0.00719058
              59.3        0.00834871        0.00712615
              59.7        0.00792662        0.00680654
              60.1        0.00817211        0.00685219
              60.5         0.0080177        0.00682897
              60.9        0.00780785        0.00714719
              61.3        0.00760097         0.0067815
              61.7        0.00739622        0.00642107
              62.1        0.00723833        0.00629665
              62.5        0.00707506        0.00628606
              62.9         0.0068965        0.00611639
              63.3        0.00681061        0.00616469
              63.7        0.00658381        0.00571273
              64.1        0.00679634        0.00650077
              64.5        0.00649703        0.00602432
              64.9        0.00628289        0.00571378
              65.3        0.00615271        0.00591359
              65.7        0.00623527        0.00604444
              66.1        0.00601412        0.00561542
              66.5        0.00596171        0.00570912
              66.9        0.00577855        0.00550396
              67.3        0.00583307         0.0057519
              67.7        0.00562115        0.00529201
              68.1        0.00548364        0.00523789
              68.5        0.00528228        0.00535016
              68.9        0.00530965        0.00539197
              69.3        0.00522958        0.00513654
              69.7        0.00520887         0.0052715
              70.1        0.00494242        0.00489873
              70.5        0.00494174        0.00508278
              70.9        0.00474468        0.00461317
              71.3        0.00490927        0.00500933
              71.7        0.00462716        0.00465874
              72.1        0.00444397          0.004635
              72.5        0.00457969        0.00478005
              72.9        0.00429012        0.00450336
              73.3         0.0044013        0.00463198
              73.7        0.00424732        0.00432441
              74.1        0.00421776        0.00452535
              74.5        0.00406227        0.00434314
              74.9        0.00408023        0.00440946
              75.3        0.00404245        0.00433698
              75.7        0.00389876        0.00414255
              76.1        0.00393128         0.0043974
              76.5        0.00380673        0.00427402
              76.9        0.00368157        0.00407035
              77.3         0.0036382        0.00410152
              77.7        0.00357169        0.00403832
              78.1        0.00359122        0.00438061
              78.5        0.00344785        0.00390952
              78.9        0.00339608        0.00389445
              79.3        0.00332932        0.00388857
              79.7        0.00337025        0.00385846
              80.1        0.00319242        0.00363209
              80.5        0.00320737        0.00363953
              80.9        0.00319552        0.00369062
              81.3        0.00294084         0.0036055
              81.7        0.00299822        0.00348662
              82.1        0.00293494        0.00340083
              82.5         0.0029347        0.00344497
              82.9        0.00293114        0.00355097
              83.3        0.00282033        0.00336714
              83.7        0.00276669        0.00345916
              84.1         0.0027681        0.00337255
              84.5        0.00272076         0.0032668
              84.9        0.00264271        0.00318852
              85.3        0.00258055        0.00320948
              85.7        0.00258049         0.0031875
              86.1        0.00253446        0.00315207
              86.5        0.00246946        0.00312564
              86.9        0.00245902        0.00316488
              87.3        0.00250309        0.00334136
              87.7        0.00242907         0.0032562
              88.1        0.00238452        0.00315979
              88.5        0.00236195        0.00305587
              88.9        0.00226458        0.00296763
              89.3        0.00224988        0.00298102
              89.7        0.00221387        0.00295462
              90.1        0.00218973        0.00297668
              90.5        0.00219246        0.00299279
              90.9        0.00212978        0.00291356
              91.3        0.00212379        0.00289958
              91.7        0.00204164        0.00278297
              92.1        0.00206203        0.00285801
              92.5        0.00201621        0.00279326
              92.9        0.00196822        0.00276285
              93.3        0.00188118        0.00267849
              93.7        0.00194465        0.00275964
              94.1        0.00185299        0.00267206
              94.5        0.00180113         0.0026081
              94.9        0.00181793        0.00269978
              95.3        0.00180478        0.00259707
              95.7        0.00176106        0.00251409
              96.1         0.0017333        0.00258931
              96.5          0.001684        0.00237481
              96.9        0.00171172        0.00262637
              97.3        0.00171629         0.0025775
              97.7        0.00172508        0.00259636
              98.1        0.00161233        0.00241338
              98.5        0.00155624        0.00230227
              98.9        0.00160838        0.00246563
              99.3         0.0015622        0.00238551
              99.7         0.0015627        0.00242903
             100.1        0.00158214        0.00239492
             100.5          0.001511        0.00232507
             100.9        0.00148949        0.00228407
             101.3        0.00145723        0.00225316
             101.7        0.00143971        0.00229992
             102.1        0.00143921        0.00224787
             102.5        0.00136189        0.00218583
             102.9         0.0013716        0.00211921
             103.3        0.00143736        0.00232843
             103.7        0.00137124        0.00232852
             104.1         0.0013321        0.00218663
             104.5        0.00129375         0.0020737
             104.9         0.0012934        0.00201605
             105.3        0.00126148        0.00205188
             105.7        0.00125497        0.00206685
             106.1        0.00123271        0.00210086
             106.5        0.00126452         0.0020879
             106.9         0.0011871        0.00202097
             107.3         0.0011882        0.00198185
             107.7        0.00114487        0.00199141
             108.1        0.00115315        0.00200412
             108.5        0.00114112        0.00194509
             108.9        0.00112943         0.0020047
             109.3        0.00110387        0.00193107
             109.7        0.00107334        0.00185685
             110.1        0.00106085        0.00184191
             110.5        0.00107471        0.00194482
             110.9        0.00107085        0.00193819
             111.3        0.00106226        0.00190087
             111.7        0.00104246        0.00188425
             112.1        0.00101072        0.00190005
             112.5       0.000988063        0.00179662
             112.9        0.00099975        0.00180687
             113.3       0.000994889        0.00188478
             113.7       0.000988623        0.00181507
             114.1       0.000975051        0.00189082
             114.5       0.000931601        0.00175223
             114.9       0.000947902        0.00182748
             115.3       0.000892509        0.00174248
             115.7       0.000877304        0.00161834
             116.1       0.000915239        0.00167964
             116.5       0.000903778        0.00178899
             116.9       0.000855688        0.00166716
             117.3       0.000828109        0.00158802
             117.7       0.000856619         0.0016615
             118.1       0.000856073        0.00179781
             118.5       0.000799235        0.00160284
             118.9       0.000821627        0.00158835
             119.3         0.0007768        0.00154808
             119.7       0.000748492        0.00167844
             120.1       0.000773864        0.00161512
             120.5       0.000752732        0.00156132
             120.9       0.000781025        0.00157525
             121.3        0.00075808        0.00159363
             121.7       0.000736925        0.00150662
             122.1       0.000759505        0.00156729
             122.5       0.000760642        0.00152974
             122.9       0.000726911        0.00152745
             123.3       0.000699688        0.00151229
             123.7        0.00070703        0.00150291
             124.1        0.00070443        0.00149417
             124.5       0.000694914        0.00147671
             124.9       0.000710572        0.00147784
             125.3       0.000655834        0.00142715
             125.7       0.000652109        0.00143633
             126.1       0.000639819        0.00136465
             126.5       0.000647358        0.00151136
             126.9       0.000637838        0.00139929
             127.3       0.000620308        0.00140592
             127.7       0.000618605        0.00138189
             128.1       0.000620784        0.00136955
             128.5       0.000601128        0.00133976
             128.9       0.000610445        0.00142791
             129.3       0.000591275        0.00134325
             129.7       0.000596377        0.00135095
             130.1       0.000584514        0.00134767
             130.5       0.000583494        0.00134094
             130.9        0.00059727        0.00138617
             131.3       0.000567916        0.00136702
             131.7       0.000565491         0.0013416
             132.1       0.000560268        0.00133557
             132.5       0.000527341        0.00125003
             132.9       0.000507012        0.00119557
             133.3        0.00053819         0.0013203
             133.7       0.000545758        0.00136995
             134.1       0.000524248        0.00125527
             134.5       0.000513362        0.00125418
             134.9       0.000499943        0.00123935
             135.3       0.000491679        0.00115314
             135.7       0.000478793        0.00113205
             136.1       0.000495991         0.0012334
             136.5       0.000476176        0.00123127
             136.9       0.000496352        0.00132205
             137.3       0.000467343        0.00117316
             137.7       0.000449972        0.00112668
             138.1       0.000485589        0.00126019
             138.5       0.000463622        0.00127071
             138.9       0.000444292        0.00122367
             139.3       0.000473411        0.00119245
             139.7       0.000445332        0.00115055
             140.1       0.000439188        0.00113799
             140.5       0.000435317        0.00112509
             140.9       0.000439796        0.00118539
             141.3       0.000444422        0.00114259
             141.7        0.00042005        0.00109832
             142.1       0.000407659        0.00111281
             142.5       0.000401154        0.00111579
             142.9       0.000394926        0.00105558
             143.3       0.000400226        0.00107796
             143.7       0.000390675        0.00107117
             144.1       0.000370528       0.000977939
             144.5       0.000378483        0.00106252
             144.9       0.000391454        0.00108799
             145.3        0.00039427        0.00111319
             145.7       0.000375785        0.00109035
             146.1       0.000364906        0.00101834
             146.5       0.000380084        0.00110165
             146.9       0.000370596        0.00101781
             147.3       0.000348478        0.00106105
             147.7       0.000341816       0.000989816
             148.1       0.000352131        0.00100172
             148.5       0.000356523        0.00109413
             148.9       0.000354198        0.00103241
             149.3       0.000339515       0.000991585
             149.7       0.000344513       0.000987389
             150.1       0.000308972       0.000889676
             150.5       0.000330549       0.000956182
             150.9       0.000346572        0.00104309
             151.3       0.000324357        0.00093481
             151.7       0.000342071         0.0010546
             152.1       0.000304752       0.000868446
             152.5       0.000312274       0.000966724
             152.9       0.000310957       0.000937942
             153.3       0.000280523       0.000875333
             153.7       0.000296811        0.00094271
             154.1        0.00030406       0.000969188
             154.5       0.000302349       0.000916971
             154.9       0.000310324       0.000944805
             155.3       0.000283048       0.000914543
             155.7       0.000299363       0.000930928
             156.1       0.000267897       0.000863235
             156.5       0.000302214         0.0010119
             156.9       0.000261063       0.000860412
             157.3       0.000277412       0.000858386
             157.7       0.000271372       0.000896196
             158.1       0.000266997       0.000863262
             158.5       0.000265902       0.000901302
             158.9       0.000278796       0.000939538
             159.3       0.000272798        0.00086618
             159.7         0.0002385       0.000800974
             160.1       0.000245639       0.000827706
             160.5       0.000255982       0.000912407
             160.9       0.000245143       0.000953563
             161.3       0.000241037       0.000871357
             161.7       0.000250577       0.000859041
             162.1       0.000253079       0.000932486
             162.5       0.000232457       0.000851571
             162.9       0.000231478       0.000729034
             163.3       0.000222081       0.000757725
             163.7       0.000225825       0.000821876
             164.1       0.000234997       0.000813952
             164.5       0.000225328       0.000766217
             164.9       0.000229562       0.000826489
             165.3       0.000233224       0.000820104
             165.7        0.00020909       0.000755235
             166.1       0.000212102       0.000748137
             166.5       0.000199141       0.000666473
             166.9       0.000222843         0.0007884
             167.3       0.000197498       0.000704022
             167.7       0.000199702       0.000799545
             168.1       0.000220545        0.00080224
             168.5       0.000204802       0.000739469
             168.9       0.000175171       0.000629357
             169.3       0.000185409       0.000685584
             169.7       0.000222011       0.000829346
             170.1        0.00019141       0.000697913
             170.5       0.000205648       0.000900649
             170.9       0.000182492       0.000705682
             171.3       0.000180429       0.000684181
             171.7       0.000191868       0.000673797
             172.1       0.000183527       0.000731941
             172.5       0.000185779         0.0007084
             172.9       0.000175408       0.000640185
             173.3       0.000173273       0.000675405
             173.7       0.000175642       0.000770635
             174.1        0.00018168       0.000668998
             174.5       0.000181846        0.00072259
             174.9       0.000172935       0.000621495
             175.3       0.000174496       0.000682901
             175.7         0.0001602       0.000644951
             176.1       0.000169893        0.00069555
             176.5       0.000164665        0.00062694
             176.9       0.000164035        0.00070557
             177.3       0.000159098       0.000698141
             177.7       0.000161079       0.000659992
             178.1       0.000157681       0.000655185
             178.5       0.000172898       0.000705866
             178.9       0.000170919       0.000707023
             179.3       0.000157547       0.000694072
