               0.1          0.758533         0.0657251
               0.5          0.758942         0.0575606
               0.9           0.75498         0.0541157
               1.3          0.765258         0.0496384
               1.7          0.768884         0.0531782
               2.1          0.755111         0.0528799
               2.5          0.756408         0.0624726
               2.9          0.765467         0.0561609
               3.3          0.754247          0.070572
               3.7          0.753308          0.056117
               4.1          0.757802         0.0544058
               4.5           0.75649         0.0504871
               4.9          0.754306         0.0553013
               5.3          0.750645         0.0612406
               5.7          0.750588         0.0571939
               6.1          0.746852         0.0566148
               6.5          0.745807         0.0628322
               6.9          0.747687         0.0600117
               7.3          0.742249         0.0612983
               7.7          0.738469         0.0618721
               8.1          0.741011         0.0617636
               8.5          0.734813         0.0617921
               8.9           0.73301         0.0634712
               9.3           0.72766          0.062466
               9.7          0.727505         0.0643986
              10.1           0.72272          0.069202
              10.5          0.719578         0.0691444
              10.9          0.710763          0.073845
              11.3          0.703295         0.0737351
              11.7          0.704382         0.0717337
              12.1          0.697261         0.0744994
              12.5          0.690376         0.0786314
              12.9          0.687662         0.0803184
              13.3          0.680893         0.0840535
              13.7          0.672692          0.085702
              14.1          0.667408         0.0897663
              14.5          0.662704         0.0883942
              14.9          0.649326         0.0919281
              15.3          0.638144         0.0986663
              15.7          0.634588         0.0970353
              16.1          0.627022          0.100067
              16.5          0.613711         0.0990096
              16.9           0.60481          0.103315
              17.3          0.589944          0.114592
              17.7          0.579405          0.114522
              18.1          0.556445          0.128758
              18.5          0.547451          0.125149
              18.9          0.525439          0.136039
              19.3          0.494346          0.145863
              19.7           0.47086          0.156969
              20.1          0.446555          0.164063
              20.5          0.420198          0.157499
              20.9          0.390566           0.17057
              21.3          0.365748          0.164104
              21.7          0.342038          0.161352
              22.1          0.316724          0.158187
              22.5          0.306261          0.159001
              22.9          0.284704          0.153321
              23.3          0.267455          0.148143
              23.7          0.246531          0.143217
              24.1          0.225475            0.1344
              24.5           0.22116          0.134075
              24.9          0.202041          0.121862
              25.3          0.187156          0.116953
              25.7          0.170919          0.109186
              26.1          0.164188          0.106305
              26.5          0.149109         0.0921315
              26.9          0.143752         0.0915721
              27.3           0.12919         0.0820591
              27.7          0.124394         0.0816364
              28.1          0.116454         0.0754475
              28.5          0.109784         0.0733994
              28.9          0.100789         0.0680652
              29.3         0.0966406         0.0654452
              29.7         0.0910527         0.0621183
              30.1         0.0884268         0.0619188
              30.5          0.082674         0.0584892
              30.9         0.0785263         0.0562286
              31.3         0.0751051         0.0536872
              31.7         0.0704098         0.0497053
              32.1         0.0656526         0.0479076
              32.5          0.063443          0.047341
              32.9         0.0618314         0.0466665
              33.3         0.0593106         0.0429668
              33.7         0.0546717         0.0392013
              34.1         0.0527221         0.0407375
              34.5         0.0505635         0.0397513
              34.9         0.0488824         0.0399038
              35.3         0.0464167         0.0367063
              35.7         0.0450104           0.03631
              36.1         0.0430584         0.0342361
              36.5         0.0412588         0.0321071
              36.9         0.0391427         0.0316298
              37.3         0.0376265         0.0311433
              37.7         0.0369013         0.0303527
              38.1         0.0355277         0.0302978
              38.5         0.0337889         0.0287359
              38.9         0.0334014         0.0287324
              39.3         0.0321273         0.0275285
              39.7         0.0317101         0.0276238
              40.1         0.0297016         0.0261212
              40.5         0.0289313         0.0244993
              40.9          0.028258         0.0248818
              41.3         0.0266849          0.024296
              41.7         0.0260811          0.023187
              42.1         0.0258129         0.0244902
              42.5         0.0248297         0.0228298
              42.9         0.0243551         0.0229346
              43.3         0.0229593         0.0214676
              43.7         0.0222314          0.020642
              44.1         0.0219732         0.0204582
              44.5         0.0210443         0.0191057
              44.9         0.0204397         0.0190075
              45.3          0.019761         0.0188256
              45.7         0.0193808         0.0182115
              46.1         0.0182914         0.0180636
              46.5         0.0183027         0.0171172
              46.9         0.0176597         0.0174396
              47.3         0.0173525         0.0172606
              47.7         0.0163549         0.0165546
              48.1         0.0163291         0.0166879
              48.5         0.0163559          0.016134
              48.9         0.0154755         0.0153039
              49.3         0.0151413         0.0158439
              49.7         0.0145073         0.0143459
              50.1         0.0143353         0.0142125
              50.5         0.0141859          0.014681
              50.9         0.0139328          0.014109
              51.3         0.0131891         0.0132411
              51.7         0.0127341         0.0129561
              52.1         0.0125093         0.0129183
              52.5         0.0124516         0.0130604
              52.9         0.0119953         0.0130023
              53.3         0.0122139         0.0133096
              53.7         0.0115782         0.0118596
              54.1         0.0111273         0.0116582
              54.5         0.0108068         0.0123059
              54.9         0.0108457         0.0116149
              55.3         0.0105602         0.0116741
              55.7         0.0101742         0.0105282
              56.1        0.00998812         0.0112635
              56.5          0.010053         0.0116386
              56.9        0.00968246         0.0112064
              57.3        0.00939037         0.0106057
              57.7        0.00921603         0.0105004
              58.1        0.00878038        0.00971412
              58.5        0.00899026         0.0109812
              58.9        0.00883096         0.0100811
              59.3        0.00818127        0.00901721
              59.7        0.00850971         0.0102135
              60.1         0.0080698         0.0090186
              60.5        0.00834322         0.0100981
              60.9        0.00779616        0.00951636
              61.3        0.00746073        0.00879101
              61.7        0.00757037        0.00936268
              62.1        0.00716813        0.00847242
              62.5         0.0069797         0.0086244
              62.9        0.00717518        0.00857699
              63.3        0.00680253        0.00840688
              63.7         0.0066661        0.00806609
              64.1        0.00669314        0.00895695
              64.5        0.00658192        0.00819462
              64.9        0.00647807        0.00836203
              65.3        0.00640967        0.00862403
              65.7        0.00611421        0.00779883
              66.1        0.00621044        0.00813352
              66.5        0.00606826        0.00774122
              66.9        0.00604108        0.00800006
              67.3        0.00570832        0.00757001
              67.7        0.00554124         0.0072957
              68.1        0.00536742         0.0071939
              68.5        0.00530911        0.00715863
              68.9        0.00516856        0.00679976
              69.3        0.00520122         0.0069688
              69.7        0.00511199        0.00698129
              70.1        0.00487743        0.00660272
              70.5        0.00472164        0.00626654
              70.9        0.00482689         0.0067204
              71.3        0.00475336        0.00663037
              71.7        0.00471131         0.0069599
              72.1        0.00462154        0.00625497
              72.5        0.00451843        0.00657402
              72.9        0.00454144        0.00671854
              73.3        0.00450578        0.00688503
              73.7        0.00428998        0.00627108
              74.1        0.00423945         0.0061208
              74.5        0.00394236        0.00572173
              74.9        0.00409597        0.00586632
              75.3        0.00407443        0.00597475
              75.7        0.00392676         0.0059163
              76.1        0.00385379        0.00622065
              76.5        0.00369414        0.00566693
              76.9        0.00367095        0.00541409
              77.3         0.0037892        0.00585614
              77.7        0.00368156        0.00546769
              78.1        0.00368352        0.00569738
              78.5        0.00363202        0.00568805
              78.9        0.00341928        0.00546706
              79.3         0.0032804        0.00501891
              79.7        0.00327038        0.00495273
              80.1        0.00305665        0.00471123
              80.5        0.00312225        0.00512868
              80.9          0.003002        0.00467547
              81.3        0.00307561        0.00513215
              81.7        0.00310488        0.00499309
              82.1        0.00304709        0.00489722
              82.5        0.00293286        0.00473462
              82.9        0.00287888        0.00483967
              83.3         0.0028613        0.00467022
              83.7        0.00285543        0.00504334
              84.1        0.00281894        0.00486842
              84.5        0.00270164        0.00462029
              84.9        0.00269315        0.00450588
              85.3        0.00260167        0.00444688
              85.7        0.00254101        0.00446111
              86.1        0.00258104        0.00434498
              86.5        0.00247316          0.004306
              86.9        0.00252208        0.00470532
              87.3         0.0024288        0.00418389
              87.7        0.00249382        0.00458092
              88.1        0.00234181        0.00469496
              88.5        0.00227602        0.00398278
              88.9        0.00235996        0.00409308
              89.3        0.00225796         0.0039142
              89.7        0.00224343        0.00408362
              90.1        0.00220615        0.00415028
              90.5        0.00215102        0.00396554
              90.9        0.00208428        0.00379457
              91.3        0.00210293         0.0039986
              91.7          0.002153        0.00401785
              92.1        0.00203819        0.00387866
              92.5        0.00200474        0.00383077
              92.9        0.00201548        0.00428077
              93.3        0.00186756        0.00353397
              93.7        0.00194848        0.00377936
              94.1        0.00182356        0.00361531
              94.5        0.00191379        0.00370539
              94.9         0.0018091        0.00343125
              95.3        0.00180328        0.00340438
              95.7        0.00186513        0.00388889
              96.1        0.00178246        0.00346276
              96.5         0.0017242        0.00326771
              96.9        0.00175062        0.00344346
              97.3        0.00167154        0.00330954
              97.7        0.00168808         0.0035387
              98.1        0.00165777        0.00344211
              98.5        0.00169383        0.00374941
              98.9        0.00163725        0.00335336
              99.3        0.00148377         0.0032386
              99.7        0.00157906        0.00319237
             100.1        0.00155466        0.00348693
             100.5        0.00156146        0.00328679
             100.9         0.0015249        0.00330952
             101.3        0.00147992         0.0032183
             101.7        0.00143214        0.00290204
             102.1        0.00147142         0.0032927
             102.5        0.00143626        0.00341199
             102.9        0.00143881         0.0032071
             103.3        0.00133649        0.00294637
             103.7        0.00132898        0.00285981
             104.1        0.00141497        0.00350402
             104.5        0.00125182        0.00277169
             104.9        0.00130427        0.00281601
             105.3        0.00129736         0.0030391
             105.7        0.00127318        0.00286681
             106.1        0.00130303        0.00313565
             106.5        0.00126584        0.00298739
             106.9        0.00123772        0.00271955
             107.3        0.00118257        0.00289728
             107.7        0.00118172        0.00266303
             108.1        0.00112108        0.00249915
             108.5        0.00118646        0.00288606
             108.9        0.00116313        0.00273719
             109.3        0.00108871        0.00259331
             109.7        0.00115681          0.002695
             110.1        0.00107282        0.00255792
             110.5        0.00106811        0.00256246
             110.9         0.0010489        0.00247778
             111.3        0.00107493        0.00263119
             111.7       0.000988906        0.00235545
             112.1        0.00104504        0.00262949
             112.5        0.00100573        0.00258091
             112.9        0.00100569        0.00251802
             113.3        0.00101125        0.00253503
             113.7       0.000944049        0.00232476
             114.1       0.000952055        0.00248941
             114.5       0.000918018        0.00238089
             114.9       0.000885217        0.00219687
             115.3       0.000886816        0.00237015
             115.7       0.000912369         0.0023584
             116.1       0.000929257        0.00244655
             116.5       0.000898392        0.00234697
             116.9       0.000878123        0.00238041
             117.3       0.000902127        0.00243904
             117.7       0.000877315        0.00231655
             118.1       0.000932123        0.00237073
             118.5       0.000881069        0.00252516
             118.9        0.00079881        0.00213085
             119.3       0.000795981        0.00220306
             119.7       0.000842303        0.00245224
             120.1        0.00086461        0.00248374
             120.5       0.000769978        0.00210625
             120.9       0.000790439        0.00224572
             121.3       0.000752686        0.00208238
             121.7       0.000747934        0.00217554
             122.1       0.000723374        0.00204112
             122.5       0.000742686        0.00208371
             122.9       0.000727568        0.00205661
             123.3       0.000753672        0.00208259
             123.7       0.000722229         0.0022462
             124.1       0.000715129        0.00220575
             124.5       0.000673815        0.00199089
             124.9       0.000695057        0.00214215
             125.3       0.000654512        0.00207273
             125.7       0.000682915        0.00200971
             126.1        0.00071449        0.00216434
             126.5       0.000642779        0.00193468
             126.9       0.000632329        0.00189476
             127.3       0.000647704        0.00202637
             127.7       0.000638001         0.0018764
             128.1       0.000603884         0.0018112
             128.5       0.000607253        0.00185099
             128.9       0.000627253        0.00195661
             129.3       0.000576997        0.00187315
             129.7       0.000594039        0.00193171
             130.1       0.000573235        0.00176375
             130.5       0.000628711         0.0019259
             130.9       0.000573059        0.00178878
             131.3       0.000553508          0.001688
             131.7       0.000573685        0.00199344
             132.1       0.000534134        0.00165033
             132.5       0.000538979        0.00190193
             132.9       0.000524728        0.00173552
             133.3       0.000494379        0.00160073
             133.7       0.000521593        0.00170676
             134.1       0.000530018        0.00176713
             134.5       0.000480164        0.00152327
             134.9       0.000508474        0.00179067
             135.3       0.000513528        0.00177747
             135.7       0.000511673        0.00189807
             136.1       0.000456992        0.00153898
             136.5        0.00046206        0.00151152
             136.9       0.000485734        0.00163491
             137.3       0.000485853        0.00178752
             137.7       0.000468413        0.00160725
             138.1       0.000505231        0.00186941
             138.5       0.000473798        0.00168764
             138.9       0.000440971        0.00142334
             139.3       0.000426192        0.00155558
             139.7       0.000438839          0.001544
             140.1       0.000431123        0.00159025
             140.5       0.000442987        0.00166172
             140.9       0.000404658        0.00149735
             141.3       0.000455734        0.00155564
             141.7       0.000436407        0.00156871
             142.1       0.000395739        0.00136095
             142.5       0.000417661        0.00158705
             142.9       0.000402903        0.00151448
             143.3       0.000410863        0.00159131
             143.7       0.000395521        0.00161511
             144.1       0.000380989        0.00145165
             144.5       0.000367421        0.00135014
             144.9       0.000411619        0.00169646
             145.3       0.000349774        0.00136096
             145.7       0.000375133        0.00147195
             146.1       0.000339393           0.00126
             146.5       0.000348616        0.00137727
             146.9       0.000342212         0.0012792
             147.3       0.000360769        0.00143707
             147.7       0.000359904        0.00149196
             148.1       0.000357057        0.00145291
             148.5       0.000373406        0.00139867
             148.9       0.000337011        0.00125256
             149.3       0.000351836        0.00146215
             149.7       0.000335274        0.00134097
             150.1       0.000330831        0.00133521
             150.5         0.0003145        0.00126311
             150.9       0.000331678        0.00138296
             151.3       0.000312053        0.00118824
             151.7       0.000309178         0.0011747
             152.1       0.000310283        0.00125931
             152.5       0.000309609          0.001292
             152.9       0.000296851         0.0011387
             153.3       0.000349737        0.00147713
             153.7       0.000318823        0.00130714
             154.1        0.00030601        0.00128319
             154.5       0.000310006        0.00132847
             154.9       0.000295549        0.00123288
             155.3        0.00030132        0.00136191
             155.7       0.000280207        0.00127017
             156.1       0.000287742         0.0011787
             156.5       0.000258713        0.00113231
             156.9       0.000281876        0.00127555
             157.3       0.000261115        0.00106029
             157.7       0.000271514        0.00123059
             158.1       0.000263789         0.0011627
             158.5       0.000244363         0.0010542
             158.9       0.000243517        0.00110538
             159.3       0.000271623        0.00114454
             159.7       0.000261882        0.00132702
             160.1       0.000241014        0.00119689
             160.5       0.000261941        0.00113058
             160.9       0.000256033        0.00117173
             161.3       0.000255873        0.00101644
             161.7       0.000258699         0.0011748
             162.1       0.000252387        0.00114346
             162.5       0.000207126       0.000985729
             162.9       0.000209653       0.000940239
             163.3       0.000217929        0.00103796
             163.7       0.000213282       0.000929774
             164.1       0.000228261        0.00106902
             164.5       0.000208333       0.000994365
             164.9       0.000227815        0.00104685
             165.3       0.000209084        0.00106506
             165.7       0.000198294       0.000988547
             166.1        0.00021586        0.00103671
             166.5        0.00022838        0.00103127
             166.9       0.000232517        0.00122872
             167.3       0.000197889       0.000996168
             167.7       0.000189231       0.000944234
             168.1        0.00021014        0.00107586
             168.5        0.00019875       0.000923482
             168.9       0.000208497        0.00100021
             169.3       0.000203864        0.00104064
             169.7        0.00020037        0.00105085
             170.1       0.000187383        0.00097386
             170.5       0.000194897        0.00105778
             170.9       0.000181264        0.00092174
             171.3       0.000194475       0.000947117
             171.7       0.000197452        0.00103315
             172.1       0.000185569       0.000952512
             172.5       0.000183481       0.000930004
             172.9       0.000196014        0.00105546
             173.3       0.000202392        0.00105756
             173.7       0.000171674         0.0008517
             174.1       0.000189589        0.00103177
             174.5        0.00017335       0.000897192
             174.9       0.000176452       0.000942472
             175.3       0.000191812        0.00111125
             175.7       0.000153142       0.000881583
             176.1        0.00017992        0.00100777
             176.5        0.00016797        0.00103924
             176.9       0.000183693       0.000948728
             177.3       0.000160627       0.000919149
             177.7       0.000150273       0.000842509
             178.1       0.000172522       0.000951068
             178.5       0.000158959       0.000831644
             178.9       0.000145407       0.000880938
             179.3        0.00014964       0.000869923
