               0.1          0.781692         0.0472752
               0.3           0.78044         0.0365966
               0.5          0.776092         0.0418424
               0.7          0.772239         0.0466035
               0.9          0.777835         0.0406296
               1.1          0.779336         0.0374875
               1.3          0.774807         0.0430267
               1.5          0.774617         0.0406907
               1.7          0.772848         0.0414012
               1.9          0.775877          0.043632
               2.1          0.772503         0.0407583
               2.3          0.768708         0.0449931
               2.5          0.772277         0.0427656
               2.7          0.768129         0.0415849
               2.9          0.769356         0.0428011
               3.1          0.767289         0.0442864
               3.3          0.767312         0.0444646
               3.5          0.762964         0.0478634
               3.7          0.760289         0.0452445
               3.9          0.759759         0.0468529
               4.1          0.756578         0.0484856
               4.3           0.75369         0.0486992
               4.5          0.754309         0.0479482
               4.7          0.748916          0.052036
               4.9          0.746166         0.0530081
               5.1          0.743806         0.0506178
               5.3          0.743345         0.0498654
               5.5          0.740918          0.053751
               5.7          0.734854         0.0533823
               5.9          0.732777         0.0555621
               6.1          0.731835         0.0556888
               6.3          0.724412         0.0581709
               6.5          0.720207         0.0593581
               6.7          0.714594         0.0621219
               6.9          0.711783         0.0621546
               7.1          0.705403         0.0636451
               7.3          0.703285         0.0639764
               7.5          0.693093         0.0651391
               7.7          0.686707         0.0684527
               7.9          0.680802         0.0710001
               8.1          0.673034          0.074964
               8.3           0.66401         0.0774869
               8.5          0.659882         0.0762897
               8.7           0.64797         0.0825171
               8.9          0.635797         0.0871087
               9.1          0.627307         0.0883071
               9.3          0.616635         0.0930737
               9.5          0.604142          0.094702
               9.7          0.593249         0.0982862
               9.9          0.573954          0.110115
              10.1          0.557953          0.114637
              10.3          0.538086          0.126801
              10.5          0.507848          0.140615
              10.7          0.480583          0.149266
              10.9          0.459768          0.154383
              11.1          0.429828          0.162738
              11.3          0.414227           0.15942
              11.5          0.381464          0.163566
              11.7          0.361516          0.159578
              11.9          0.336214          0.159297
              12.1            0.3192          0.157669
              12.3          0.298904           0.15607
              12.5          0.281152          0.146566
              12.7          0.264939           0.14611
              12.9          0.246083          0.135899
              13.1          0.227686          0.127911
              13.3          0.219998          0.127181
              13.5          0.201611          0.115676
              13.7          0.183948           0.10899
              13.9          0.177066          0.107448
              14.1          0.159553          0.092566
              14.3          0.149682         0.0884723
              14.5          0.139271         0.0819728
              14.7          0.128005         0.0733881
              14.9          0.120257         0.0692349
              15.1          0.113714         0.0658708
              15.3          0.105956         0.0608753
              15.5          0.100496         0.0595147
              15.7         0.0964614         0.0559348
              15.9         0.0921272         0.0554055
              16.1         0.0861879         0.0504439
              16.3         0.0822139         0.0488141
              16.5         0.0782457         0.0474523
              16.7         0.0746691         0.0456289
              16.9         0.0695851         0.0427169
              17.1         0.0668615         0.0413067
              17.3         0.0638821          0.038741
              17.5         0.0604598         0.0359593
              17.7          0.057346         0.0364028
              17.9         0.0558592         0.0347398
              18.1         0.0533257         0.0335631
              18.3         0.0522744         0.0331171
              18.5         0.0504774         0.0323392
              18.7         0.0479666         0.0302907
              18.9         0.0454611         0.0294042
              19.1         0.0440412         0.0284272
              19.3         0.0425298         0.0278325
              19.5         0.0402803         0.0266833
              19.7         0.0398929         0.0268544
              19.9         0.0382656         0.0244583
              20.1          0.037341         0.0256382
              20.3          0.036004         0.0246293
              20.5          0.034912         0.0235769
              20.7         0.0328296         0.0219977
              20.9         0.0321902         0.0216083
              21.1         0.0314804         0.0215093
              21.3          0.029153         0.0194442
              21.5         0.0287186         0.0204228
              21.7         0.0284517         0.0203764
              21.9          0.027603         0.0194177
              22.1         0.0263693          0.019071
              22.3         0.0255089         0.0179846
              22.5         0.0250498         0.0173991
              22.7         0.0247546           0.01784
              22.9         0.0234949         0.0169252
              23.1         0.0235066         0.0171069
              23.3         0.0223159         0.0165693
              23.5         0.0220249         0.0162447
              23.7         0.0212961         0.0153046
              23.9          0.020762         0.0160996
              24.1         0.0199088         0.0144707
              24.3         0.0192258         0.0143345
              24.5           0.01926         0.0148068
              24.7         0.0186765         0.0138462
              24.9          0.018111          0.014103
              25.1          0.017692         0.0134473
              25.3         0.0172723          0.013271
              25.5         0.0165435         0.0131857
              25.7         0.0163841         0.0125701
              25.9          0.016073         0.0127455
              26.1         0.0152007         0.0119582
              26.3          0.015501         0.0131662
              26.5         0.0148111         0.0118056
              26.7         0.0144083          0.011444
              26.9         0.0141041         0.0113025
              27.1         0.0139251         0.0113255
              27.3         0.0134612         0.0111083
              27.5         0.0135307         0.0111964
              27.7         0.0131504         0.0112567
              27.9          0.012487         0.0105611
              28.1         0.0123895         0.0108159
              28.3         0.0120064         0.0102028
              28.5         0.0117204         0.0099384
              28.7         0.0116128         0.0098087
              28.9         0.0112164        0.00967022
              29.1         0.0111202        0.00980685
              29.3         0.0108066         0.0101167
              29.5         0.0104836        0.00946518
              29.7         0.0104555        0.00908172
              29.9         0.0101624        0.00899403
              30.1         0.0100962        0.00907889
              30.3        0.00980639        0.00856998
              30.5        0.00948374        0.00875268
              30.7        0.00936386        0.00844812
              30.9        0.00909268        0.00893961
              31.1        0.00895894        0.00819484
              31.3        0.00886226        0.00843795
              31.5        0.00865483        0.00824386
              31.7        0.00826511        0.00776204
              31.9        0.00830031        0.00785939
              32.1        0.00803407        0.00767832
              32.3        0.00793486        0.00782867
              32.5        0.00763937         0.0072639
              32.7        0.00759835        0.00736582
              32.9        0.00749594        0.00723358
              33.1        0.00735176        0.00725212
              33.3        0.00724752        0.00714259
              33.5        0.00704344         0.0070251
              33.7        0.00690025        0.00678954
              33.9        0.00677676        0.00704161
              34.1        0.00654184        0.00654385
              34.3        0.00668092        0.00716765
              34.5        0.00641386        0.00659026
              34.7        0.00628008        0.00657118
              34.9        0.00613341        0.00636486
              35.1        0.00601099        0.00633438
              35.3        0.00604694        0.00660844
              35.5        0.00585447         0.0064107
              35.7        0.00578147        0.00614797
              35.9        0.00572975        0.00623024
              36.1        0.00565089        0.00605678
              36.3        0.00531252         0.0056875
              36.5        0.00547854        0.00622414
              36.7         0.0052032        0.00583392
              36.9         0.0051359        0.00577905
              37.1         0.0051616        0.00586808
              37.3        0.00501887        0.00576751
              37.5        0.00490697         0.0058213
              37.7        0.00472316        0.00543268
              37.9        0.00479038        0.00554148
              38.1        0.00465378        0.00532849
              38.3        0.00449397        0.00513738
              38.5        0.00452117          0.005193
              38.7        0.00436416        0.00516303
              38.9        0.00435209        0.00523771
              39.1        0.00424818        0.00516644
              39.3         0.0041922        0.00513975
              39.5        0.00410785        0.00493833
              39.7        0.00401377        0.00480871
              39.9          0.004041        0.00505499
              40.1        0.00380965        0.00464746
              40.3        0.00394077        0.00481347
              40.5        0.00379337        0.00466541
              40.7        0.00383836        0.00489511
              40.9        0.00371272        0.00478714
              41.1        0.00359102        0.00456117
              41.3        0.00362027        0.00471671
              41.5         0.0035164         0.0044212
              41.7        0.00344542        0.00455289
              41.9        0.00337237         0.0046022
              42.1        0.00330229        0.00425026
              42.3        0.00325326        0.00431948
              42.5          0.003247        0.00433661
              42.7        0.00316677         0.0042257
              42.9        0.00315251        0.00430626
              43.1        0.00308613        0.00412962
              43.3        0.00298949        0.00404167
              43.5        0.00299145        0.00417448
              43.7        0.00293778         0.0040118
              43.9         0.0029222        0.00418762
              44.1        0.00282642        0.00385138
              44.3        0.00273543         0.0037734
              44.5        0.00276072        0.00392663
              44.7        0.00274623        0.00379736
              44.9        0.00265315        0.00378746
              45.1        0.00264849         0.0037713
              45.3        0.00256838        0.00370188
              45.5        0.00252068        0.00366165
              45.7        0.00251203        0.00369977
              45.9        0.00248726        0.00372782
              46.1        0.00246111        0.00361096
              46.3        0.00242221        0.00363854
              46.5        0.00240681         0.0035508
              46.7        0.00233832        0.00351952
              46.9        0.00228287        0.00347572
              47.1        0.00224917        0.00352903
              47.3        0.00218539        0.00347733
              47.5        0.00221886        0.00334269
              47.7        0.00218954        0.00334023
              47.9        0.00208116        0.00324864
              48.1        0.00208318        0.00327512
              48.3        0.00209145        0.00336217
              48.5        0.00202184        0.00313797
              48.7        0.00207157        0.00324744
              48.9        0.00193609        0.00307921
              49.1        0.00194031        0.00314271
              49.3        0.00189252        0.00310011
              49.5        0.00188326        0.00296382
              49.7        0.00189305        0.00307237
              49.9        0.00181494        0.00298654
              50.1          0.001807        0.00305909
              50.3        0.00180265        0.00300385
              50.5        0.00178585        0.00302829
              50.7         0.0017144        0.00293152
              50.9        0.00172632        0.00310392
              51.1        0.00171251        0.00290946
              51.3        0.00170579        0.00308875
              51.5        0.00166248         0.0029326
              51.7        0.00161536        0.00279803
              51.9        0.00160438        0.00282291
              52.1        0.00156651        0.00275058
              52.3         0.0015328        0.00275448
              52.5        0.00151612        0.00264693
              52.7        0.00150924        0.00273901
              52.9        0.00151314        0.00300794
              53.1        0.00144484        0.00262219
              53.3        0.00143042        0.00257566
              53.5        0.00142291        0.00254025
              53.7        0.00138563        0.00254613
              53.9        0.00137584        0.00261864
              54.1        0.00140056        0.00266972
              54.3        0.00135702        0.00269355
              54.5        0.00133626         0.0026064
              54.7        0.00130628         0.0027823
              54.9        0.00131134        0.00256895
              55.1        0.00131794        0.00258607
              55.3        0.00127632        0.00254576
              55.5        0.00121806        0.00237485
              55.7        0.00120699         0.0024564
              55.9        0.00118473        0.00240933
              56.1        0.00119289        0.00227602
              56.3        0.00116076        0.00228387
              56.5        0.00115811        0.00231869
              56.7        0.00114326        0.00229707
              56.9        0.00112284        0.00223817
              57.1        0.00111371        0.00226473
              57.3        0.00112634        0.00231358
              57.5        0.00106088        0.00216427
              57.7        0.00105356        0.00226806
              57.9        0.00102212        0.00217722
              58.1        0.00104099        0.00220766
              58.3         0.0010354        0.00218898
              58.5       0.000999772        0.00213301
              58.7       0.000980133         0.0020687
              58.9       0.000967853        0.00203969
              59.1       0.000964424        0.00204455
              59.3       0.000955505        0.00200765
              59.5       0.000922219        0.00199977
              59.7       0.000955263         0.0021917
              59.9       0.000920931        0.00202262
              60.1       0.000912651        0.00201048
              60.3       0.000902065        0.00198972
              60.5       0.000879073        0.00194297
              60.7       0.000884651        0.00195384
              60.9       0.000827099        0.00184893
              61.1       0.000886924        0.00198944
              61.3       0.000875327        0.00198889
              61.5       0.000851993        0.00203892
              61.7       0.000800042        0.00181468
              61.9       0.000801857        0.00185417
              62.1       0.000797621        0.00182667
              62.3       0.000784313         0.0018259
              62.5       0.000787516        0.00184187
              62.7       0.000773427          0.001784
              62.9       0.000773084        0.00187689
              63.1       0.000768639        0.00183262
              63.3       0.000754848        0.00181638
              63.5       0.000728392        0.00178131
              63.7       0.000729202        0.00179172
              63.9       0.000724433        0.00172286
              64.1        0.00071298        0.00168653
              64.3       0.000712546        0.00178491
              64.5       0.000705669        0.00176495
              64.7       0.000652787        0.00156873
              64.9       0.000695578        0.00180631
              65.1       0.000677582        0.00174996
              65.3       0.000662936        0.00168793
              65.5       0.000643715        0.00167746
              65.7       0.000623498        0.00163093
              65.9       0.000665143        0.00179413
              66.1       0.000621713        0.00158428
              66.3        0.00064504        0.00177392
              66.5       0.000617784        0.00164332
              66.7       0.000617597        0.00168825
              66.9       0.000559663        0.00144518
              67.1       0.000587347         0.0016476
              67.3       0.000580717        0.00154055
              67.5       0.000597175        0.00164484
              67.7       0.000567532        0.00153435
              67.9       0.000601589        0.00159885
              68.1       0.000543492         0.0014641
              68.3       0.000563957        0.00152815
              68.5       0.000538231         0.0014721
              68.7       0.000549796        0.00154452
              68.9       0.000524095         0.0015023
              69.1       0.000519916        0.00148227
              69.3        0.00051237        0.00147123
              69.5       0.000526625        0.00153403
              69.7       0.000492192        0.00141512
              69.9       0.000474521        0.00139357
              70.1       0.000499948        0.00144015
              70.3       0.000482653        0.00142815
              70.5       0.000464124        0.00135733
              70.7       0.000469933        0.00138619
              70.9       0.000457148        0.00136138
              71.1       0.000473096        0.00143621
              71.3       0.000461113        0.00141501
              71.5       0.000423304        0.00126628
              71.7       0.000451986         0.0013552
              71.9       0.000426118        0.00131662
              72.1       0.000427026        0.00128373
              72.3       0.000431696        0.00130148
              72.5       0.000440793        0.00150503
              72.7       0.000426956        0.00152104
              72.9       0.000431066        0.00132574
              73.1       0.000410826        0.00130414
              73.3       0.000412838         0.0013021
              73.5       0.000399781        0.00127016
              73.7       0.000411319        0.00133965
              73.9       0.000401113         0.0012652
              74.1       0.000385598        0.00122041
              74.3       0.000386574        0.00132955
              74.5       0.000371229        0.00117696
              74.7       0.000372561        0.00119711
              74.9       0.000359294        0.00117257
              75.1       0.000373072        0.00122246
              75.3       0.000368319        0.00124883
              75.5       0.000367298        0.00120496
              75.7       0.000358247        0.00121652
              75.9       0.000360689        0.00122285
              76.1       0.000352231        0.00117951
              76.3       0.000347493        0.00115452
              76.5       0.000326214        0.00110008
              76.7       0.000329677        0.00108555
              76.9       0.000329855        0.00119034
              77.1       0.000324341        0.00117895
              77.3       0.000337708        0.00117539
              77.5       0.000329263        0.00118947
              77.7       0.000306537        0.00111013
              77.9       0.000322524        0.00114303
              78.1       0.000319069        0.00115933
              78.3       0.000307673        0.00110602
              78.5       0.000299583        0.00107928
              78.7       0.000297794        0.00107796
              78.9       0.000290289        0.00102206
              79.1       0.000294517        0.00110388
              79.3       0.000292952        0.00109123
              79.5       0.000276216        0.00104732
              79.7       0.000274354        0.00101474
              79.9       0.000271373       0.000981731
              80.1       0.000276712        0.00101266
              80.3        0.00027477        0.00102598
              80.5        0.00026162        0.00099235
              80.7       0.000275678        0.00106832
              80.9       0.000257376       0.000971583
              81.1       0.000270258       0.000998064
              81.3       0.000265816        0.00101779
              81.5       0.000263961        0.00102891
              81.7       0.000259886       0.000999022
              81.9       0.000248421       0.000979179
              82.1       0.000254028        0.00101701
              82.3       0.000244527        0.00100563
              82.5       0.000251999        0.00108867
              82.7       0.000245206        0.00100616
              82.9       0.000237954        0.00094039
              83.1        0.00024405       0.000968315
              83.3       0.000237344       0.000968821
              83.5       0.000227993          0.000918
              83.7       0.000230127        0.00100742
              83.9       0.000221905       0.000895142
              84.1       0.000228595       0.000955889
              84.3       0.000197625       0.000827819
              84.5       0.000218121       0.000893439
              84.7       0.000215698       0.000928332
              84.9        0.00021487       0.000951445
              85.1       0.000221155       0.000962068
              85.3       0.000202152       0.000925607
              85.5        0.00020903       0.000895607
              85.7       0.000202484       0.000894062
              85.9        0.00019482       0.000834916
              86.1       0.000195931       0.000841106
              86.3       0.000202598       0.000894057
              86.5       0.000199826        0.00086618
              86.7       0.000185148       0.000818843
              86.9       0.000187178       0.000846596
              87.1       0.000190401       0.000840004
              87.3       0.000177874       0.000803478
              87.5       0.000185117       0.000840409
              87.7       0.000185203       0.000859479
              87.9       0.000177529        0.00082739
              88.1       0.000180643       0.000967892
              88.3       0.000176831       0.000804163
              88.5       0.000173453       0.000832642
              88.7       0.000174297       0.000819652
              88.9       0.000161859       0.000750227
              89.1       0.000164307       0.000739862
              89.3       0.000180968       0.000856875
              89.5       0.000168629       0.000815001
              89.7        0.00016479       0.000786662
              89.9       0.000166853       0.000826399
              90.1       0.000160573       0.000825209
              90.3       0.000157384       0.000753308
              90.5       0.000159178       0.000770967
              90.7         0.0001608       0.000753516
              90.9       0.000157856       0.000761258
              91.1       0.000153504       0.000749169
              91.3       0.000159825       0.000791771
              91.5       0.000148985       0.000750249
              91.7       0.000143793       0.000733916
              91.9       0.000143809       0.000742503
              92.1       0.000154629       0.000764563
              92.3       0.000146497       0.000737397
              92.5       0.000142278       0.000745801
              92.7       0.000148933       0.000784889
              92.9       0.000136243       0.000663247
              93.1       0.000133638       0.000689047
              93.3       0.000139503       0.000730811
              93.5       0.000139144       0.000729123
              93.7       0.000135105       0.000710936
              93.9       0.000137091       0.000746891
              94.1       0.000129603       0.000699374
              94.3       0.000131958       0.000675413
              94.5       0.000125245       0.000657781
              94.7       0.000130565        0.00069327
              94.9       0.000125439       0.000704288
              95.1       0.000118853       0.000639792
              95.3       0.000122984       0.000666217
              95.5        0.00012728       0.000662752
              95.7       0.000124783       0.000648701
              95.9       0.000118818       0.000655994
              96.1       0.000118517       0.000676432
              96.3         0.0001112        0.00062463
              96.5       0.000118048       0.000694195
              96.7       0.000112047        0.00061851
              96.9       0.000117332       0.000642705
              97.1       0.000117384       0.000685603
              97.3       0.000110682       0.000623048
              97.5       0.000105481       0.000605384
              97.7       0.000109752       0.000635771
              97.9       0.000109492        0.00060569
              98.1        0.00010219       0.000574912
              98.3       9.97326e-05       0.000565976
              98.5       0.000101097       0.000590739
              98.7       9.67957e-05       0.000559954
              98.9       0.000109577       0.000645468
              99.1       9.24433e-05       0.000534946
              99.3       0.000103271       0.000630421
              99.5       0.000100364       0.000586003
              99.7       0.000105035       0.000639958
              99.9       0.000104186       0.000672638
             100.1       9.63726e-05       0.000598325
             100.3        9.5251e-05       0.000599952
             100.5       9.33553e-05       0.000564794
             100.7       9.43412e-05       0.000558871
             100.9       9.32766e-05       0.000605617
             101.1       9.56851e-05       0.000579355
             101.3       8.10212e-05       0.000489611
             101.5       9.04671e-05       0.000625776
             101.7       8.47403e-05       0.000554088
             101.9       8.84944e-05       0.000584053
             102.1       8.64008e-05        0.00054736
             102.3       9.07157e-05         0.0005744
             102.5       9.11758e-05       0.000574106
             102.7       8.79921e-05       0.000596901
             102.9        8.2045e-05       0.000545198
             103.1       7.94186e-05       0.000518683
             103.3       7.87911e-05       0.000511386
             103.5       7.86265e-05       0.000518363
             103.7       8.07599e-05       0.000560774
             103.9       7.67203e-05       0.000522053
             104.1       7.90033e-05       0.000523652
             104.3       7.62692e-05       0.000519662
             104.5       7.54487e-05       0.000498985
             104.7       7.47842e-05       0.000534706
             104.9       7.49954e-05       0.000528179
             105.1       7.73688e-05       0.000531262
             105.3       7.12111e-05       0.000513887
             105.5        7.6175e-05       0.000552096
             105.7         7.573e-05       0.000541685
             105.9       7.18712e-05        0.00049407
             106.1       7.02661e-05       0.000491758
             106.3       7.15948e-05       0.000505625
             106.5       7.11597e-05       0.000527337
             106.7       6.91818e-05       0.000512743
             106.9       7.00508e-05       0.000481672
             107.1       7.11552e-05       0.000512744
             107.3       6.55871e-05       0.000477175
             107.5       6.44638e-05       0.000448981
             107.7       6.17311e-05       0.000431999
             107.9       6.41722e-05       0.000479112
             108.1       6.48378e-05       0.000533802
             108.3        6.4041e-05       0.000495466
             108.5       6.19815e-05        0.00045676
             108.7       6.06435e-05       0.000454454
             108.9       5.84607e-05       0.000450393
             109.1       6.41535e-05        0.00050042
             109.3       6.14579e-05       0.000467225
             109.5        5.6886e-05       0.000422237
             109.7       6.07454e-05        0.00045674
             109.9        6.0628e-05       0.000480618
             110.1        5.4818e-05       0.000426446
             110.3       5.83609e-05       0.000455735
             110.5       6.34255e-05       0.000506838
             110.7       5.75718e-05       0.000450414
             110.9       5.32236e-05       0.000404934
             111.1       5.50688e-05       0.000428495
             111.3       6.02705e-05       0.000474502
             111.5       5.63093e-05        0.00047956
             111.7       5.19654e-05        0.00041659
             111.9       5.11683e-05       0.000433063
             112.1       5.72619e-05       0.000474047
             112.3       5.52987e-05       0.000492687
             112.5       5.31679e-05       0.000446102
             112.7       5.42465e-05       0.000452538
             112.9        5.7472e-05       0.000511753
             113.1       4.76173e-05        0.00037604
             113.3       5.13273e-05       0.000432083
             113.5       5.22759e-05       0.000433551
             113.7       4.77244e-05       0.000408433
             113.9        5.0554e-05       0.000427386
             114.1       5.05964e-05       0.000436034
             114.3       4.81856e-05       0.000421201
             114.5        4.9073e-05       0.000462987
             114.7       4.53623e-05       0.000375311
             114.9       4.69158e-05       0.000414861
             115.1       4.46056e-05       0.000378268
             115.3       5.15422e-05       0.000419054
             115.5       4.64324e-05       0.000424551
             115.7        4.4626e-05       0.000409005
             115.9       4.34738e-05       0.000376944
             116.1       4.44137e-05       0.000383377
             116.3       4.26125e-05       0.000369347
             116.5       4.70371e-05       0.000433883
             116.7       4.19636e-05       0.000378648
             116.9       4.55916e-05       0.000422747
             117.1       4.01573e-05       0.000359936
             117.3       4.47588e-05       0.000383244
             117.5       4.35185e-05       0.000384182
             117.7        4.3251e-05       0.000392005
             117.9       4.27552e-05       0.000401695
             118.1       4.63294e-05       0.000409431
             118.3       3.60063e-05       0.000339832
             118.5       3.83398e-05       0.000359275
             118.7       3.58747e-05       0.000355036
             118.9       3.68087e-05        0.00034976
             119.1       3.76228e-05       0.000348763
             119.3       3.88725e-05       0.000386344
             119.5       3.59006e-05       0.000335048
             119.7       4.00643e-05       0.000395468
             119.9       3.93357e-05       0.000378058
             120.1       3.56298e-05       0.000337051
             120.3       3.61162e-05       0.000341237
             120.5       3.35747e-05       0.000315992
             120.7        3.5314e-05       0.000361184
             120.9       3.98899e-05       0.000403419
             121.1       2.98688e-05       0.000309192
             121.3       3.81964e-05       0.000378117
             121.5       3.61062e-05        0.00036786
             121.7       3.64346e-05       0.000339411
             121.9       3.38929e-05       0.000315453
             122.1       3.26745e-05       0.000321369
             122.3       3.07921e-05       0.000307349
             122.5       3.22247e-05        0.00035253
             122.7       3.29512e-05       0.000354782
             122.9       3.10399e-05       0.000320811
             123.1        3.1416e-05        0.00030802
             123.3       2.79626e-05       0.000285075
             123.5       2.69843e-05       0.000284405
             123.7       2.80616e-05       0.000313241
             123.9       2.90227e-05       0.000301165
             124.1       3.05922e-05       0.000328761
             124.3       2.82978e-05       0.000302913
             124.5       2.83067e-05       0.000288238
             124.7       3.01303e-05       0.000309871
             124.9       2.61774e-05       0.000270801
             125.1       2.95246e-05       0.000321216
             125.3       3.02459e-05       0.000318812
             125.5       2.83823e-05       0.000301168
             125.7       2.74777e-05       0.000297204
             125.9       2.76579e-05       0.000278907
             126.1        3.2864e-05       0.000347401
             126.3       2.53499e-05       0.000274889
             126.5       2.92061e-05       0.000315521
             126.7       2.83263e-05       0.000313264
             126.9       2.39133e-05       0.000274637
             127.1       2.99459e-05       0.000312781
             127.3       2.79299e-05       0.000295312
             127.5       2.62464e-05        0.00029145
             127.7       2.73085e-05        0.00031441
             127.9         2.521e-05       0.000285985
             128.1       2.73268e-05       0.000303572
             128.3       2.59169e-05       0.000268295
             128.5       2.57159e-05        0.00030888
             128.7       2.31837e-05       0.000282508
             128.9       2.34598e-05        0.00027663
             129.1       2.21016e-05       0.000263621
             129.3       2.44015e-05        0.00028515
             129.5       2.63402e-05       0.000323077
             129.7       2.59487e-05       0.000317314
             129.9       2.09438e-05       0.000255622
             130.1       2.15132e-05       0.000254968
             130.3        2.4645e-05       0.000314848
             130.5       2.36273e-05       0.000303423
             130.7       2.39714e-05       0.000291259
             130.9       2.41065e-05       0.000285272
             131.1       2.19881e-05       0.000287961
             131.3       2.24528e-05       0.000281219
             131.5       2.08255e-05       0.000267917
             131.7       2.29899e-05       0.000282098
             131.9       2.24069e-05       0.000256124
             132.1       2.11177e-05       0.000267089
             132.3       2.18421e-05       0.000254312
             132.5       2.14598e-05       0.000270785
             132.7       2.29953e-05       0.000264567
             132.9       2.04068e-05       0.000250027
             133.1       1.93218e-05       0.000240289
             133.3       1.93061e-05       0.000243499
             133.5       1.93342e-05       0.000255217
             133.7       1.79074e-05       0.000236797
             133.9       2.02998e-05       0.000264196
             134.1        1.8388e-05       0.000237362
             134.3       1.90216e-05       0.000256625
             134.5        1.9276e-05       0.000259186
             134.7       1.51007e-05       0.000193127
             134.9        1.7975e-05        0.00022847
             135.1       1.85229e-05       0.000254842
             135.3       1.72539e-05       0.000250416
             135.5       1.81215e-05       0.000241868
             135.7       1.82187e-05        0.00023343
             135.9       1.81968e-05       0.000238676
             136.1       1.99993e-05       0.000285805
             136.3        1.7022e-05       0.000228733
             136.5       1.85594e-05       0.000246642
             136.7       1.77536e-05       0.000237383
             136.9       1.72627e-05       0.000224846
             137.1       1.74169e-05       0.000253231
             137.3       1.55854e-05       0.000221519
             137.5       1.59992e-05       0.000216519
             137.7       1.83855e-05       0.000269023
             137.9        1.4968e-05       0.000207719
             138.1       1.64558e-05       0.000223074
             138.3       1.58941e-05       0.000233757
             138.5       1.69359e-05       0.000261472
             138.7       1.88529e-05       0.000261825
             138.9       1.64863e-05       0.000235394
             139.1       1.52389e-05        0.00021204
             139.3       1.55029e-05       0.000216306
             139.5       1.43079e-05       0.000214017
             139.7       1.45975e-05       0.000218413
             139.9       1.45353e-05       0.000202045
             140.1       1.36729e-05       0.000204807
             140.3       1.36921e-05        0.00020745
             140.5       1.57121e-05        0.00024688
             140.7       1.19878e-05        0.00017613
             140.9       1.30741e-05       0.000194669
             141.1       1.29425e-05       0.000186832
             141.3       1.48453e-05       0.000239826
             141.5       1.32322e-05       0.000196047
             141.7       1.49894e-05       0.000246626
             141.9       1.32753e-05       0.000207623
             142.1       1.33993e-05       0.000232284
             142.3       1.42767e-05       0.000208727
             142.5       1.26263e-05        0.00022554
             142.7       1.37985e-05       0.000208562
             142.9        1.3048e-05        0.00019243
             143.1        1.3674e-05       0.000216201
             143.3       1.28673e-05        0.00021685
             143.5       1.44785e-05       0.000245999
             143.7       1.26279e-05       0.000233524
             143.9       1.29027e-05        0.00024451
             144.1       1.24891e-05       0.000205855
             144.3       1.19006e-05       0.000199371
             144.5       1.03118e-05       0.000197913
             144.7       1.11109e-05       0.000187179
             144.9       1.26152e-05       0.000223678
             145.1       1.10546e-05       0.000214119
             145.3       1.13106e-05       0.000194269
             145.5        1.3557e-05       0.000252688
             145.7       1.06401e-05       0.000177688
             145.9        1.0442e-05       0.000160529
             146.1       1.24441e-05        0.00021149
             146.3       9.55738e-06       0.000157492
             146.5       1.07301e-05       0.000164038
             146.7       1.13911e-05       0.000194675
             146.9       1.08633e-05       0.000210667
             147.1       1.19107e-05       0.000210301
             147.3       1.04165e-05       0.000169263
             147.5       1.05107e-05       0.000172589
             147.7       1.08893e-05       0.000189773
             147.9         8.968e-06        0.00015622
             148.1       1.15033e-05       0.000210873
             148.3       9.67985e-06       0.000184044
             148.5       1.08293e-05       0.000195721
             148.7       1.04084e-05       0.000225486
             148.9       1.05013e-05       0.000175728
             149.1       8.96882e-06       0.000165667
             149.3       1.01704e-05       0.000172057
             149.5        8.4968e-06       0.000146543
             149.7       8.83229e-06       0.000168729
             149.9       9.84579e-06       0.000163547
             150.1       9.58702e-06       0.000176302
             150.3       8.87926e-06       0.000160918
             150.5       9.78152e-06       0.000159227
             150.7       8.71236e-06       0.000167903
             150.9       7.53935e-06       0.000150251
             151.1       9.87434e-06       0.000181306
             151.3        9.4398e-06       0.000186154
             151.5       9.99378e-06       0.000178694
             151.7       1.00787e-05       0.000191348
             151.9       7.18822e-06       0.000133094
             152.1       9.37084e-06       0.000200359
             152.3       8.14267e-06       0.000142639
             152.5        8.0858e-06       0.000151385
             152.7       9.30154e-06       0.000165364
             152.9       8.66921e-06       0.000170341
             153.1       6.84067e-06       0.000138287
             153.3       7.96948e-06       0.000146204
             153.5        9.8039e-06       0.000189258
             153.7       8.40584e-06       0.000168662
             153.9       9.25912e-06       0.000173281
             154.1       7.97276e-06       0.000147579
             154.3       8.21093e-06        0.00015791
             154.5       8.10906e-06       0.000157217
             154.7       8.10065e-06       0.000155248
             154.9       7.56082e-06       0.000148886
             155.1       7.94329e-06       0.000141801
             155.3       6.74966e-06       0.000134782
             155.5       7.95087e-06       0.000145833
             155.7       8.42637e-06       0.000161782
             155.9       6.39914e-06       0.000121034
             156.1       7.73822e-06       0.000173463
             156.3       7.00732e-06       0.000150494
             156.5       7.04314e-06       0.000154608
             156.7       6.85522e-06       0.000142301
             156.9       7.32763e-06       0.000140066
             157.1        6.9176e-06       0.000132756
             157.3       6.07181e-06       0.000114684
             157.5       8.30866e-06       0.000160487
             157.7        7.2006e-06       0.000145469
             157.9       6.63125e-06       0.000151942
             158.1       7.18525e-06        0.00015288
             158.3       6.48243e-06        0.00013541
             158.5       7.95583e-06       0.000146081
             158.7       6.08577e-06       0.000125609
             158.9       6.61452e-06       0.000140809
             159.1       6.03167e-06       0.000129308
             159.3         6.739e-06       0.000147392
             159.5       7.19502e-06       0.000167998
             159.7       6.47687e-06       0.000131377
             159.9       7.10405e-06       0.000163562
             160.1       5.12626e-06        0.00011953
             160.3       7.29268e-06       0.000160622
             160.5       6.77103e-06       0.000143283
             160.7       5.49909e-06       0.000125364
             160.9       5.80334e-06       0.000131945
             161.1       6.17279e-06       0.000129498
             161.3       5.24868e-06       0.000119519
             161.5       5.29524e-06        0.00013314
             161.7       6.72554e-06       0.000158275
             161.9       4.90812e-06       0.000111887
             162.1       5.96177e-06       0.000128438
             162.3       5.53744e-06       0.000124365
             162.5       5.04142e-06       0.000120873
             162.7       5.60128e-06       0.000130449
             162.9       5.47851e-06       0.000128948
             163.1       4.58172e-06       0.000104641
             163.3       6.06586e-06       0.000167843
             163.5       5.58235e-06       0.000142146
             163.7        4.4224e-06       0.000129768
             163.9       5.14367e-06       0.000113634
             164.1       4.97676e-06       0.000121383
             164.3       5.00417e-06       0.000128722
             164.5       5.53228e-06       0.000132226
             164.7       4.74782e-06        0.00011817
             164.9       4.60663e-06       0.000118198
             165.1       4.92175e-06       0.000135419
             165.3       5.22644e-06        0.00012761
             165.5       5.41019e-06       0.000144865
             165.7       4.92514e-06       0.000132322
             165.9       5.34027e-06       0.000128552
             166.1        6.2149e-06       0.000176142
             166.3       4.84153e-06       0.000111719
             166.5       3.56677e-06        8.5785e-05
             166.7       5.87558e-06       0.000135047
             166.9       5.27785e-06        0.00012123
             167.1       4.88273e-06       0.000123774
             167.3       4.46131e-06       0.000118147
             167.5       3.82433e-06       0.000111014
             167.7       3.75653e-06       9.74971e-05
             167.9       3.61131e-06       8.91564e-05
             168.1       3.49634e-06       9.81433e-05
             168.3        3.7694e-06       0.000109635
             168.5       4.41573e-06       0.000109362
             168.7        4.6166e-06       0.000112783
             168.9       5.67134e-06       0.000138489
             169.1       3.80356e-06       0.000102952
             169.3       4.74116e-06       0.000118971
             169.5       4.02981e-06        0.00010238
             169.7       3.87151e-06       0.000104282
             169.9       4.19004e-06       0.000119242
             170.1       3.47708e-06       0.000100946
             170.3       3.73017e-06       0.000107275
             170.5       5.03874e-06       0.000141637
             170.7       4.35609e-06       0.000119456
             170.9       3.44695e-06       0.000105645
             171.1       3.25029e-06       9.56903e-05
             171.3       3.99489e-06       0.000122167
             171.5       3.20814e-06       0.000102148
             171.7       3.48882e-06       8.45396e-05
             171.9       4.45948e-06       0.000112844
             172.1       3.25319e-06       8.97056e-05
             172.3        3.5147e-06       0.000109132
             172.5       4.50656e-06       0.000120889
             172.7        3.9471e-06       0.000108947
             172.9       3.48516e-06       9.57975e-05
             173.1       3.33235e-06       8.91403e-05
             173.3       2.99592e-06       8.25119e-05
             173.5       3.04574e-06       9.90344e-05
             173.7       3.22719e-06       0.000100905
             173.9       3.20728e-06       8.94675e-05
             174.1       3.28121e-06       9.18432e-05
             174.3       3.49679e-06       0.000106513
             174.5       2.61274e-06       7.30891e-05
             174.7       3.95988e-06       0.000118625
             174.9       2.84264e-06       8.40209e-05
             175.1       3.40432e-06       0.000103816
             175.3       2.48913e-06       7.98702e-05
             175.5       2.79896e-06       8.10874e-05
             175.7       3.24637e-06       9.79739e-05
             175.9        2.9679e-06       8.77431e-05
             176.1       2.97962e-06       9.00863e-05
             176.3       2.93541e-06       9.39252e-05
             176.5       3.04053e-06       9.10505e-05
             176.7        3.1388e-06       9.81653e-05
             176.9       2.78047e-06       8.31248e-05
             177.1       2.72297e-06        9.3658e-05
             177.3       2.79132e-06        0.00011908
             177.5        3.0719e-06       0.000105834
             177.7       2.24112e-06       7.07851e-05
             177.9       3.54703e-06       9.98788e-05
             178.1       3.15963e-06        9.6637e-05
             178.3       2.50409e-06       8.49899e-05
             178.5       2.83344e-06        8.9932e-05
             178.7       3.35812e-06        9.7262e-05
             178.9       1.98867e-06       7.55691e-05
             179.1       2.63524e-06       8.03288e-05
             179.3       3.44042e-06       9.39164e-05
             179.5       1.97585e-06       7.18323e-05
             179.7       2.23395e-06       7.81699e-05
