               0.1          0.778499         0.0166597
               0.3          0.779856         0.0298383
               0.5          0.776352         0.0262035
               0.7          0.776011          0.026313
               0.9           0.77599          0.042987
               1.1          0.774678          0.031015
               1.3           0.77534         0.0290922
               1.5          0.773427         0.0321774
               1.7          0.775563         0.0273042
               1.9           0.77248         0.0285881
               2.1           0.77455         0.0295625
               2.3          0.769178         0.0312287
               2.5          0.769271         0.0315296
               2.7          0.768736         0.0287491
               2.9          0.765367         0.0317134
               3.1          0.766085         0.0298743
               3.3          0.764565         0.0339119
               3.5          0.763457          0.032192
               3.7          0.761619         0.0323723
               3.9          0.761338         0.0315544
               4.1          0.758418         0.0319086
               4.3          0.755034         0.0334877
               4.5          0.755319         0.0332367
               4.7          0.750773         0.0353125
               4.9           0.74975         0.0341629
               5.1          0.745529         0.0355704
               5.3          0.745526         0.0356737
               5.5          0.741047         0.0360708
               5.7          0.739553         0.0360932
               5.9          0.732855         0.0381272
               6.1          0.730816         0.0392635
               6.3          0.723927         0.0412828
               6.5          0.720901         0.0419122
               6.7          0.716078         0.0428789
               6.9          0.712869         0.0433373
               7.1          0.708646         0.0442233
               7.3          0.703215         0.0460174
               7.5          0.697619         0.0464965
               7.7          0.690656         0.0492782
               7.9          0.682787         0.0509677
               8.1          0.677156         0.0524611
               8.3          0.667095         0.0538289
               8.5          0.660057         0.0569167
               8.7          0.649088          0.062042
               8.9          0.642187         0.0615203
               9.1          0.630085         0.0672836
               9.3          0.619622         0.0701208
               9.5          0.608543         0.0734864
               9.7          0.592258         0.0782547
               9.9          0.577971         0.0834508
              10.1          0.562672         0.0911312
              10.3          0.538514            0.1035
              10.5           0.51294          0.116585
              10.7          0.483784          0.127732
              10.9          0.457006          0.135854
              11.1          0.430827          0.139625
              11.3          0.406332          0.145214
              11.5          0.386798          0.146661
              11.7          0.367697          0.147466
              11.9          0.340084          0.146558
              12.1          0.319142          0.141719
              12.3          0.302532          0.140757
              12.5          0.277088          0.132864
              12.7          0.268024          0.130042
              12.9          0.248153          0.125251
              13.1          0.230182          0.115343
              13.3          0.217476           0.11232
              13.5          0.200917          0.103289
              13.7          0.187815         0.0962189
              13.9          0.172942         0.0854305
              14.1          0.163662         0.0802245
              14.3          0.149646         0.0715426
              14.5          0.140499          0.066379
              14.7          0.129541         0.0595221
              14.9          0.121136         0.0537291
              15.1          0.114712         0.0520408
              15.3          0.107417         0.0479767
              15.5          0.101049         0.0443696
              15.7         0.0955378          0.042817
              15.9         0.0908196         0.0388726
              16.1         0.0855767         0.0381413
              16.3         0.0794296         0.0348267
              16.5         0.0760216         0.0329499
              16.7         0.0737761         0.0315958
              16.9         0.0700089         0.0305501
              17.1         0.0664156         0.0284806
              17.3         0.0638661         0.0282157
              17.5         0.0607167         0.0265175
              17.7          0.057785         0.0261666
              17.9         0.0555882         0.0249389
              18.1         0.0534026         0.0242872
              18.3         0.0511926         0.0232505
              18.5          0.049624         0.0223734
              18.7         0.0476952         0.0220003
              18.9         0.0456353         0.0207439
              19.1         0.0439215         0.0202187
              19.3         0.0419622         0.0194853
              19.5         0.0413374         0.0192456
              19.7         0.0397237         0.0185968
              19.9         0.0379136         0.0176978
              20.1         0.0371095         0.0175502
              20.3         0.0354016           0.01805
              20.5          0.034189         0.0160294
              20.7          0.033269         0.0158555
              20.9         0.0323086         0.0158409
              21.1         0.0311611         0.0150786
              21.3         0.0297746         0.0141953
              21.5         0.0289118         0.0141704
              21.7         0.0283691         0.0138824
              21.9         0.0273422         0.0136924
              22.1         0.0265953         0.0134437
              22.3         0.0256788         0.0128941
              22.5         0.0250493         0.0129969
              22.7         0.0243866         0.0126218
              22.9         0.0237884         0.0121898
              23.1         0.0229333         0.0117738
              23.3         0.0223982         0.0113912
              23.5         0.0218075         0.0114995
              23.7         0.0209684         0.0109402
              23.9         0.0205446         0.0108683
              24.1         0.0201159         0.0106889
              24.3         0.0196011         0.0100938
              24.5         0.0192851         0.0103328
              24.7         0.0185484         0.0100053
              24.9         0.0179603         0.0096787
              25.1         0.0176009        0.00961827
              25.3         0.0172979        0.00935937
              25.5         0.0166981        0.00914786
              25.7         0.0161689        0.00902997
              25.9         0.0159218        0.00855726
              26.1         0.0157341         0.0089973
              26.3         0.0151641        0.00892077
              26.5         0.0149272         0.0083559
              26.7         0.0144859        0.00828745
              26.9         0.0140546         0.0079409
              27.1         0.0138055        0.00804658
              27.3         0.0134901        0.00769286
              27.5         0.0131039        0.00776417
              27.7         0.0127314        0.00734117
              27.9         0.0124517         0.0076533
              28.1         0.0122879        0.00733215
              28.3         0.0117796        0.00695431
              28.5         0.0118028        0.00733114
              28.7         0.0115222        0.00697823
              28.9         0.0113935        0.00712529
              29.1         0.0109705        0.00657406
              29.3         0.0108219        0.00659941
              29.5         0.0106104        0.00665279
              29.7         0.0103928        0.00662474
              29.9         0.0101613        0.00661126
              30.1        0.00989068        0.00629744
              30.3        0.00984323        0.00637973
              30.5        0.00962967        0.00611757
              30.7        0.00929766        0.00601435
              30.9        0.00896027        0.00589895
              31.1        0.00885542        0.00591053
              31.3         0.0087365        0.00565491
              31.5        0.00859394        0.00577008
              31.7        0.00832736        0.00547597
              31.9        0.00824601        0.00553331
              32.1        0.00811212         0.0055645
              32.3        0.00786313        0.00536177
              32.5        0.00766679        0.00519496
              32.7        0.00751099        0.00516745
              32.9         0.0074501        0.00522326
              33.1        0.00737032        0.00509689
              33.3        0.00718741        0.00489881
              33.5        0.00710925        0.00515935
              33.7        0.00699566        0.00507012
              33.9        0.00674973        0.00481899
              34.1        0.00658975        0.00474238
              34.3        0.00653781        0.00473993
              34.5        0.00639429        0.00462465
              34.7        0.00630886         0.0046414
              34.9        0.00615704        0.00456755
              35.1        0.00601038        0.00439664
              35.3        0.00590174        0.00442841
              35.5        0.00580098         0.0043523
              35.7        0.00578243        0.00441107
              35.9        0.00551019        0.00414706
              36.1        0.00557904        0.00432637
              36.3        0.00534674        0.00407098
              36.5        0.00538129        0.00429426
              36.7        0.00524794        0.00435675
              36.9         0.0050661        0.00396023
              37.1        0.00506834        0.00402869
              37.3        0.00500005        0.00403557
              37.5        0.00485851        0.00379223
              37.7        0.00482075        0.00382509
              37.9        0.00472684        0.00391959
              38.1        0.00461237        0.00389482
              38.3        0.00453452        0.00382009
              38.5        0.00444018        0.00369802
              38.7        0.00439395          0.003738
              38.9        0.00434798        0.00366356
              39.1        0.00424136        0.00361952
              39.3        0.00414108        0.00346576
              39.5        0.00408864        0.00349952
              39.7        0.00400713        0.00346847
              39.9        0.00400855        0.00349447
              40.1        0.00386051        0.00329216
              40.3        0.00385084         0.0034036
              40.5        0.00377182        0.00330469
              40.7        0.00371173        0.00329841
              40.9        0.00368231        0.00331985
              41.1        0.00367187         0.0033099
              41.3        0.00351361        0.00316181
              41.5        0.00347276        0.00311079
              41.7        0.00341536        0.00317521
              41.9        0.00335037        0.00306282
              42.1        0.00328854        0.00304333
              42.3        0.00324999        0.00309294
              42.5        0.00320197        0.00305018
              42.7        0.00317794        0.00301871
              42.9        0.00310493        0.00300747
              43.1        0.00304974        0.00289425
              43.3        0.00297952        0.00279672
              43.5        0.00299618        0.00289611
              43.7        0.00298026        0.00292797
              43.9        0.00287873        0.00289153
              44.1        0.00283129        0.00283184
              44.3        0.00284997        0.00280269
              44.5        0.00274198        0.00289012
              44.7        0.00266252        0.00267876
              44.9        0.00266386         0.0026567
              45.1        0.00257207        0.00261173
              45.3        0.00259576        0.00259721
              45.5        0.00254861        0.00264652
              45.7        0.00246572        0.00257752
              45.9         0.0024542        0.00252299
              46.1        0.00242053        0.00248674
              46.3        0.00239066        0.00260713
              46.5        0.00234925        0.00252767
              46.7        0.00232189          0.002464
              46.9        0.00225308        0.00243816
              47.1        0.00221724        0.00241989
              47.3        0.00217593         0.0024243
              47.5         0.0021245        0.00238456
              47.7        0.00211755        0.00235194
              47.9        0.00210274        0.00237003
              48.1        0.00208008        0.00230081
              48.3        0.00206667        0.00228548
              48.5        0.00199039        0.00221433
              48.7        0.00200314        0.00229908
              48.9        0.00197078        0.00226759
              49.1        0.00196785        0.00231366
              49.3        0.00192307         0.0022843
              49.5        0.00188742        0.00219678
              49.7        0.00186009        0.00215054
              49.9        0.00183689        0.00214964
              50.1        0.00182177        0.00211716
              50.3        0.00177873        0.00210122
              50.5        0.00176193        0.00209277
              50.7        0.00175385        0.00211111
              50.9        0.00168406        0.00200946
              51.1        0.00164473        0.00196938
              51.3        0.00164361        0.00201799
              51.5        0.00165786        0.00207907
              51.7         0.0016152        0.00202741
              51.9        0.00156056        0.00193566
              52.1        0.00153801        0.00198368
              52.3        0.00152528        0.00192308
              52.5        0.00151894         0.0019515
              52.7        0.00147136        0.00186416
              52.9         0.0014694        0.00189241
              53.1        0.00143577        0.00184355
              53.3        0.00142361         0.0018663
              53.5        0.00144169         0.0019162
              53.7        0.00140858        0.00186491
              53.9        0.00136954        0.00176153
              54.1        0.00137852        0.00183834
              54.3        0.00136115        0.00182922
              54.5        0.00127616        0.00173956
              54.7        0.00129515        0.00172715
              54.9        0.00128785        0.00175868
              55.1        0.00125828        0.00172424
              55.3        0.00122786        0.00171838
              55.5        0.00122856        0.00168541
              55.7        0.00122406        0.00167524
              55.9         0.0011884        0.00170773
              56.1        0.00119883        0.00169221
              56.3        0.00112771        0.00158379
              56.5        0.00116413        0.00167093
              56.7         0.0011459        0.00166868
              56.9        0.00112214        0.00161243
              57.1        0.00112965        0.00159625
              57.3        0.00110388        0.00163186
              57.5        0.00108086        0.00155418
              57.7        0.00107027        0.00157762
              57.9         0.0010454        0.00152437
              58.1        0.00103334        0.00151788
              58.3        0.00103353        0.00155277
              58.5         0.0010152        0.00154235
              58.7       0.000984591        0.00150109
              58.9       0.000977379        0.00145879
              59.1       0.000962458        0.00148187
              59.3       0.000966206        0.00149003
              59.5       0.000968047        0.00151438
              59.7       0.000948357        0.00144099
              59.9       0.000908973        0.00142333
              60.1       0.000913356        0.00143656
              60.3       0.000894943        0.00141957
              60.5       0.000871229        0.00137214
              60.7       0.000867979        0.00136214
              60.9       0.000846306        0.00138691
              61.1       0.000877117        0.00144668
              61.3       0.000838507        0.00135659
              61.5         0.0008262        0.00136101
              61.7       0.000822226        0.00138314
              61.9       0.000832501        0.00136744
              62.1       0.000784889        0.00130237
              62.3       0.000784433        0.00130513
              62.5       0.000791817        0.00135245
              62.7       0.000760152        0.00132681
              62.9       0.000759728        0.00132475
              63.1       0.000756578        0.00132628
              63.3        0.00075056         0.0012865
              63.5       0.000735864        0.00126885
              63.7       0.000725073        0.00125655
              63.9       0.000733685        0.00129079
              64.1       0.000696288        0.00122475
              64.3       0.000700609         0.0012427
              64.5       0.000698341        0.00123889
              64.7       0.000664848        0.00116564
              64.9       0.000644577        0.00112041
              65.1       0.000657138        0.00118244
              65.3       0.000651479        0.00120771
              65.5       0.000646083        0.00117649
              65.7       0.000625295        0.00114613
              65.9       0.000635483        0.00119917
              66.1       0.000638692        0.00119985
              66.3       0.000620235        0.00112502
              66.5       0.000619805        0.00114524
              66.7       0.000591638        0.00110728
              66.9        0.00060083        0.00113444
              67.1       0.000591616        0.00115177
              67.3       0.000580202        0.00112979
              67.5       0.000559815        0.00107767
              67.7       0.000565954        0.00113673
              67.9       0.000548169        0.00108402
              68.1       0.000556651        0.00108486
              68.3       0.000541277        0.00105037
              68.5       0.000548946        0.00107399
              68.7       0.000538409        0.00106503
              68.9       0.000533197        0.00106641
              69.1       0.000523455        0.00104292
              69.3       0.000514033        0.00102724
              69.5       0.000507682        0.00104875
              69.7       0.000504962        0.00100794
              69.9       0.000492458        0.00101346
              70.1       0.000496492        0.00102047
              70.3       0.000475207       0.000976221
              70.5       0.000478249        0.00098922
              70.7       0.000473082       0.000989901
              70.9       0.000458033       0.000965766
              71.1       0.000453502       0.000965681
              71.3       0.000454431       0.000981554
              71.5       0.000453493       0.000987935
              71.7       0.000457721       0.000977869
              71.9       0.000437484       0.000947203
              72.1       0.000425573       0.000936306
              72.3       0.000437522       0.000954837
              72.5       0.000425015       0.000920893
              72.7       0.000416933       0.000919068
              72.9       0.000425247       0.000962696
              73.1       0.000396106       0.000872445
              73.3       0.000415472       0.000904723
              73.5        0.00040202       0.000915298
              73.7       0.000403524       0.000950067
              73.9       0.000389588       0.000898364
              74.1       0.000382651       0.000892006
              74.3       0.000378771       0.000860885
              74.5       0.000378571       0.000876789
              74.7       0.000368532       0.000848304
              74.9       0.000380828       0.000908011
              75.1       0.000363265       0.000829381
              75.3       0.000361474       0.000868242
              75.5       0.000351678       0.000832009
              75.7       0.000367183       0.000884987
              75.9       0.000356122       0.000839676
              76.1       0.000342646       0.000847552
              76.3       0.000335482       0.000821149
              76.5       0.000337173       0.000810813
              76.7       0.000339632       0.000834697
              76.9       0.000320751       0.000791599
              77.1       0.000329678       0.000824295
              77.3       0.000323342       0.000799452
              77.5       0.000323354       0.000797458
              77.7       0.000314671       0.000789509
              77.9       0.000314564       0.000788023
              78.1       0.000304061       0.000766278
              78.3       0.000309914       0.000787151
              78.5       0.000295402       0.000781389
              78.7       0.000309584       0.000774267
              78.9       0.000290223       0.000746471
              79.1       0.000303829        0.00077867
              79.3       0.000292565       0.000755691
              79.5       0.000302118        0.00082627
              79.7       0.000286243       0.000766556
              79.9       0.000276578       0.000748408
              80.1       0.000271001       0.000721897
              80.3       0.000270151       0.000722375
              80.5       0.000276278         0.0007489
              80.7       0.000269114       0.000732296
              80.9       0.000267802       0.000739058
              81.1       0.000259838        0.00071336
              81.3       0.000252378       0.000684794
              81.5       0.000250522       0.000685223
              81.7       0.000248453       0.000670261
              81.9       0.000244151       0.000675477
              82.1       0.000240915       0.000684299
              82.3       0.000246207       0.000729145
              82.5       0.000247746       0.000726802
              82.7       0.000230199       0.000655714
              82.9       0.000238952       0.000714266
              83.1       0.000232488       0.000672117
              83.3       0.000232952       0.000674687
              83.5         0.0002252       0.000664569
              83.7       0.000218761       0.000661816
              83.9       0.000221307       0.000645992
              84.1       0.000216281       0.000663629
              84.3       0.000220743       0.000656448
              84.5       0.000222286       0.000646976
              84.7       0.000214145       0.000646774
              84.9       0.000216359       0.000657896
              85.1       0.000206466       0.000653852
              85.3       0.000212102       0.000641103
              85.5       0.000200977       0.000628839
              85.7       0.000206353       0.000605446
              85.9       0.000203263       0.000634318
              86.1       0.000199504       0.000602161
              86.3       0.000185534       0.000576812
              86.5       0.000185507       0.000592551
              86.7        0.00019111         0.0006214
              86.9       0.000190777       0.000596531
              87.1       0.000186665        0.00059601
              87.3       0.000184134       0.000611194
              87.5       0.000188802         0.0006085
              87.7       0.000181776        0.00060762
              87.9       0.000187093       0.000603816
              88.1       0.000180133       0.000589691
              88.3       0.000182052        0.00059063
              88.5       0.000170012       0.000570156
              88.7       0.000172962       0.000569556
              88.9       0.000169212       0.000572235
              89.1       0.000167998       0.000562109
              89.3       0.000163847       0.000550647
              89.5       0.000166623       0.000552856
              89.7       0.000157595       0.000518127
              89.9       0.000168471       0.000604555
              90.1       0.000160389       0.000539609
              90.3       0.000160722       0.000554183
              90.5       0.000162357       0.000575262
              90.7       0.000154718       0.000544831
              90.9       0.000149182       0.000511739
              91.1       0.000156319       0.000543625
              91.3       0.000155963       0.000564412
              91.5        0.00015021       0.000519755
              91.7       0.000152461       0.000535245
              91.9       0.000144839       0.000525343
              92.1       0.000146148       0.000524305
              92.3       0.000141663       0.000515018
              92.5       0.000141904       0.000511627
              92.7       0.000138788       0.000504444
              92.9       0.000137586        0.00051054
              93.1       0.000136998       0.000492586
              93.3       0.000125002       0.000464273
              93.5       0.000141652       0.000508966
              93.7       0.000142674       0.000525547
              93.9       0.000133988       0.000500072
              94.1       0.000130821       0.000491926
              94.3       0.000126851       0.000469857
              94.5       0.000124893       0.000464027
              94.7       0.000130061       0.000497342
              94.9       0.000125065       0.000485274
              95.1       0.000124047       0.000476845
              95.3       0.000118003       0.000467074
              95.5       0.000116413       0.000458775
              95.7       0.000120331        0.00045732
              95.9       0.000118711       0.000478094
              96.1       0.000114153       0.000441917
              96.3       0.000114775       0.000460499
              96.5       0.000114502       0.000464911
              96.7        0.00011389       0.000441767
              96.9       0.000115083       0.000452245
              97.1       0.000117132       0.000515526
              97.3       0.000114062       0.000451729
              97.5       0.000107034       0.000438179
              97.7       0.000108798        0.00044044
              97.9       0.000110555       0.000449539
              98.1       0.000110741       0.000445661
              98.3       0.000104969       0.000431088
              98.5       0.000103979       0.000431126
              98.7        0.00010365       0.000428309
              98.9       0.000101939       0.000420358
              99.1        9.7241e-05       0.000420519
              99.3       0.000100434       0.000420629
              99.5       0.000100995       0.000421121
              99.7       9.68577e-05       0.000411495
              99.9       9.46828e-05       0.000409601
             100.1       9.31645e-05       0.000404487
             100.3       9.79506e-05       0.000410424
             100.5       9.50674e-05       0.000414177
             100.7       9.08208e-05       0.000408339
             100.9       9.13603e-05        0.00040371
             101.1       9.24177e-05       0.000401634
             101.3       9.25169e-05        0.00041125
             101.5       9.12154e-05       0.000403322
             101.7       8.98487e-05       0.000380734
             101.9       9.04832e-05       0.000416106
             102.1       8.77577e-05       0.000408754
             102.3       8.73096e-05       0.000395015
             102.5        8.6095e-05        0.00039141
             102.7       8.85806e-05       0.000397061
             102.9        8.7189e-05        0.00039773
             103.1       8.06896e-05       0.000368037
             103.3       8.00147e-05       0.000363288
             103.5       8.40691e-05       0.000396228
             103.7       8.23607e-05       0.000380957
             103.9       8.12926e-05       0.000377663
             104.1       8.03592e-05       0.000389031
             104.3       8.19427e-05       0.000387135
             104.5         7.682e-05        0.00037186
             104.7       7.70991e-05       0.000366011
             104.9        7.6816e-05       0.000375508
             105.1       7.36109e-05       0.000356925
             105.3       7.36492e-05       0.000357538
             105.5       7.42513e-05       0.000360164
             105.7       7.69454e-05        0.00039208
             105.9       7.03298e-05       0.000363512
             106.1       7.29016e-05       0.000355688
             106.3        6.8867e-05       0.000342538
             106.5       6.64547e-05       0.000337761
             106.7       6.99437e-05       0.000342296
             106.9        6.8745e-05       0.000338688
             107.1       6.38852e-05       0.000324169
             107.3        6.6216e-05       0.000345165
             107.5       6.68697e-05       0.000355452
             107.7       6.66415e-05       0.000343226
             107.9       6.72307e-05        0.00034354
             108.1       6.74713e-05       0.000360417
             108.3       6.48865e-05       0.000336385
             108.5       6.49405e-05       0.000341198
             108.7       6.39355e-05       0.000326297
             108.9       6.30887e-05       0.000331681
             109.1       6.10321e-05       0.000336726
             109.3       6.09057e-05       0.000328533
             109.5       6.13987e-05       0.000323677
             109.7        5.4513e-05       0.000291248
             109.9       5.88191e-05       0.000305969
             110.1       5.83888e-05       0.000313485
             110.3        5.4398e-05       0.000300507
             110.5       5.72666e-05       0.000315643
             110.7       5.40112e-05       0.000304998
             110.9       5.64059e-05       0.000312338
             111.1       5.40644e-05       0.000292856
             111.3        5.4995e-05       0.000307729
             111.5       5.53964e-05       0.000303683
             111.7       5.71257e-05       0.000321415
             111.9       5.74828e-05       0.000324107
             112.1       5.31677e-05        0.00031542
             112.3       5.27947e-05       0.000300128
             112.5       5.59775e-05       0.000324724
             112.7       5.13927e-05       0.000298398
             112.9       5.16023e-05       0.000305551
             113.1       5.29059e-05       0.000297519
             113.3       5.21466e-05       0.000307287
             113.5       4.79058e-05       0.000277372
             113.7       5.10588e-05       0.000308159
             113.9       4.89378e-05        0.00028689
             114.1       4.63913e-05       0.000285342
             114.3       4.45856e-05       0.000255656
             114.5       5.04627e-05       0.000303324
             114.7        5.0081e-05       0.000287997
             114.9       4.95622e-05       0.000297831
             115.1       4.65019e-05       0.000285764
             115.3       4.35743e-05       0.000269594
             115.5       4.63509e-05       0.000288088
             115.7       4.71424e-05       0.000305844
             115.9       4.63363e-05       0.000285561
             116.1       4.37424e-05       0.000269302
             116.3       4.76625e-05       0.000302151
             116.5       4.31369e-05       0.000282591
             116.7       4.57393e-05       0.000283795
             116.9       4.15268e-05       0.000272013
             117.1       3.89038e-05       0.000251691
             117.3       4.32943e-05       0.000262038
             117.5       4.24882e-05       0.000267012
             117.7       4.43224e-05       0.000277857
             117.9       4.09437e-05       0.000251951
             118.1       4.34239e-05        0.00027121
             118.3       3.84921e-05       0.000253532
             118.5       4.03308e-05       0.000265762
             118.7       3.69957e-05       0.000246727
             118.9       3.63474e-05       0.000236155
             119.1        3.4952e-05       0.000220453
             119.3       3.89859e-05       0.000258685
             119.5        3.8358e-05       0.000248093
             119.7       3.74255e-05       0.000254385
             119.9       3.63198e-05       0.000243262
             120.1       3.79902e-05       0.000257088
             120.3       3.62561e-05       0.000243453
             120.5       3.70066e-05       0.000247988
             120.7       3.53352e-05       0.000243656
             120.9         3.715e-05       0.000257531
             121.1       3.26475e-05       0.000226246
             121.3       3.21684e-05       0.000222008
             121.5       3.39772e-05       0.000251721
             121.7       3.49545e-05       0.000246494
             121.9       3.26201e-05       0.000231187
             122.1       3.44631e-05       0.000244381
             122.3       3.20421e-05        0.00022259
             122.5       3.28884e-05       0.000276032
             122.7       3.33701e-05       0.000241832
             122.9       2.95591e-05       0.000212751
             123.1       2.76141e-05       0.000207484
             123.3       3.13349e-05        0.00022546
             123.5       3.40236e-05       0.000255342
             123.7       3.06674e-05       0.000225454
             123.9       3.03729e-05        0.00022149
             124.1       3.06982e-05       0.000222984
             124.3       2.91496e-05       0.000218481
             124.5       3.01601e-05       0.000225442
             124.7       2.90695e-05       0.000221309
             124.9       3.06351e-05       0.000251751
             125.1       2.77196e-05       0.000205701
             125.3       2.75794e-05       0.000209563
             125.5       2.60207e-05       0.000201937
             125.7       2.73965e-05       0.000208238
             125.9       2.68059e-05       0.000202718
             126.1       2.69747e-05       0.000212895
             126.3       2.68911e-05       0.000203238
             126.5       2.73419e-05       0.000209195
             126.7       2.76685e-05       0.000219026
             126.9        2.7456e-05        0.00021511
             127.1       2.88751e-05       0.000225886
             127.3       2.48094e-05       0.000197111
             127.5       2.56236e-05       0.000199076
             127.7       2.68166e-05       0.000209003
             127.9       2.57458e-05       0.000215235
             128.1       2.50803e-05       0.000197961
             128.3       2.57185e-05       0.000218169
             128.5       2.37729e-05       0.000206113
             128.7       2.35889e-05       0.000187942
             128.9       2.49795e-05       0.000205361
             129.1       2.45983e-05       0.000209687
             129.3       2.44313e-05       0.000201455
             129.5       2.33723e-05       0.000187332
             129.7       2.24373e-05       0.000204054
             129.9       2.37406e-05        0.00019657
             130.1       2.25904e-05       0.000189454
             130.3       2.12489e-05       0.000192751
             130.5       2.28487e-05       0.000197383
             130.7       2.24111e-05       0.000182639
             130.9       2.37697e-05       0.000199286
             131.1       2.32169e-05       0.000206484
             131.3       2.27067e-05       0.000192544
             131.5       2.15119e-05       0.000194964
             131.7       2.18084e-05       0.000189363
             131.9       2.20602e-05       0.000196951
             132.1       1.89745e-05       0.000167856
             132.3       1.91869e-05       0.000181022
             132.5       2.12086e-05       0.000203136
             132.7       1.97625e-05       0.000182569
             132.9       2.20169e-05       0.000205287
             133.1        1.9009e-05       0.000174324
             133.3       1.87172e-05       0.000174951
             133.5       1.89136e-05       0.000165475
             133.7       2.07621e-05       0.000191867
             133.9       1.99487e-05       0.000183587
             134.1       1.91972e-05        0.00017772
             134.3          1.86e-05       0.000173167
             134.5       1.80646e-05       0.000167929
             134.7       1.90168e-05       0.000177093
             134.9       1.90926e-05       0.000178386
             135.1       1.94259e-05       0.000183157
             135.3       1.84001e-05       0.000180085
             135.5       1.75571e-05       0.000157415
             135.7        1.8391e-05       0.000170545
             135.9       1.67936e-05       0.000173653
             136.1        1.6521e-05       0.000153025
             136.3       1.62724e-05       0.000160018
             136.5       1.90597e-05       0.000180432
             136.7       1.71379e-05       0.000159861
             136.9       1.71468e-05       0.000169206
             137.1       1.59146e-05       0.000157083
             137.3       1.65321e-05         0.0001605
             137.5       1.73168e-05       0.000170788
             137.7       1.58674e-05       0.000152331
             137.9       1.68117e-05       0.000170728
             138.1       1.53348e-05       0.000154794
             138.3       1.61862e-05       0.000168537
             138.5       1.55477e-05       0.000153277
             138.7       1.45065e-05       0.000148627
             138.9       1.62074e-05       0.000189372
             139.1        1.6334e-05        0.00016255
             139.3       1.43208e-05       0.000143627
             139.5       1.53325e-05       0.000165927
             139.7       1.49496e-05       0.000159687
             139.9        1.4425e-05       0.000156064
             140.1       1.39317e-05       0.000144414
             140.3       1.43475e-05       0.000160581
             140.5       1.20754e-05       0.000132348
             140.7       1.46141e-05       0.000162585
             140.9       1.47812e-05       0.000152256
             141.1       1.23519e-05       0.000139735
             141.3       1.26847e-05       0.000131013
             141.5       1.34007e-05       0.000145781
             141.7        1.5411e-05       0.000166089
             141.9       1.52449e-05       0.000166155
             142.1       1.35045e-05       0.000148299
             142.3       1.33009e-05       0.000150044
             142.5       1.40777e-05        0.00014922
             142.7       1.36359e-05       0.000157337
             142.9       1.24205e-05       0.000140551
             143.1       1.10934e-05       0.000122335
             143.3        1.2589e-05       0.000132663
             143.5       1.36725e-05       0.000168776
             143.7       1.22624e-05        0.00013077
             143.9       1.19138e-05       0.000140766
             144.1       1.17975e-05        0.00014225
             144.3        1.1816e-05       0.000130614
             144.5       1.15988e-05       0.000133577
             144.7       1.13473e-05       0.000128389
             144.9       1.25791e-05       0.000136906
             145.1       1.25794e-05       0.000146169
             145.3       1.13682e-05       0.000141303
             145.5       1.13611e-05       0.000135127
             145.7       1.32126e-05        0.00015444
             145.9       1.12909e-05       0.000151351
             146.1       1.18747e-05       0.000144987
             146.3       1.18044e-05       0.000139665
             146.5       1.12282e-05       0.000141875
             146.7       1.05992e-05       0.000119783
             146.9       1.07036e-05        0.00013254
             147.1       1.15866e-05         0.0001389
             147.3       1.02027e-05       0.000129618
             147.5       1.02424e-05       0.000122348
             147.7       1.11484e-05       0.000142091
             147.9       1.06368e-05       0.000135312
             148.1       1.11603e-05        0.00014105
             148.3        1.0694e-05       0.000128505
             148.5       9.53873e-06       0.000124911
             148.7       9.56607e-06       0.000126645
             148.9       9.50476e-06       0.000123472
             149.1       8.74965e-06       0.000111653
             149.3       8.88556e-06       0.000124562
             149.5        9.8471e-06       0.000122947
             149.7       9.13719e-06       0.000122113
             149.9       8.61529e-06       0.000108889
             150.1       8.67086e-06       0.000109681
             150.3       9.94953e-06       0.000135511
             150.5       8.52777e-06       0.000111619
             150.7       9.21871e-06       0.000120474
             150.9       9.84384e-06       0.000122183
             151.1       9.04805e-06       0.000120497
             151.3       8.59062e-06       0.000120748
             151.5       8.50928e-06       0.000108879
             151.7       9.01736e-06       0.000118215
             151.9       8.95598e-06       0.000111632
             152.1       7.95939e-06       0.000111278
             152.3       8.43919e-06       0.000114475
             152.5       9.22084e-06       0.000133137
             152.7        7.5703e-06       0.000102174
             152.9       8.44915e-06       0.000121004
             153.1       8.52822e-06       0.000113827
             153.3       7.45528e-06       0.000105636
             153.5       7.33198e-06       0.000109131
             153.7       6.76968e-06       0.000109332
             153.9       7.45166e-06       0.000108224
             154.1       8.43759e-06       0.000115102
             154.3       7.88838e-06       0.000112115
             154.5       8.41509e-06       0.000120218
             154.7       7.87582e-06       0.000104872
             154.9       8.40909e-06       0.000123072
             155.1         7.245e-06       0.000103306
             155.3       6.77903e-06       9.49481e-05
             155.5        7.6695e-06        0.00010879
             155.7       6.17737e-06       8.92842e-05
             155.9       6.14596e-06       9.03764e-05
             156.1       7.51748e-06       0.000118496
             156.3       8.28903e-06       0.000120804
             156.5       7.18073e-06       9.82762e-05
             156.7       6.99141e-06       0.000106914
             156.9       6.58992e-06       0.000102506
             157.1       6.44016e-06       9.54951e-05
             157.3       7.78976e-06       0.000110935
             157.5       5.97978e-06       8.70547e-05
             157.7       5.90104e-06        8.7854e-05
             157.9       6.89668e-06       0.000102883
             158.1       6.45048e-06       9.64483e-05
             158.3       7.26565e-06        0.00010655
             158.5       6.23878e-06       0.000110166
             158.7       5.96695e-06       9.82288e-05
             158.9       6.64872e-06       0.000101008
             159.1       5.81228e-06       9.12666e-05
             159.3       6.31328e-06       0.000102965
             159.5       5.75123e-06       9.95681e-05
             159.7       6.58073e-06       9.62286e-05
             159.9       5.95552e-06       9.84584e-05
             160.1       5.92451e-06       9.15623e-05
             160.3       6.47301e-06       0.000102974
             160.5       5.97583e-06        9.0234e-05
             160.7       6.18745e-06       9.51331e-05
             160.9       6.24601e-06       0.000102828
             161.1       5.90225e-06       9.52521e-05
             161.3       5.35871e-06       9.49385e-05
             161.5       5.69919e-06       9.96368e-05
             161.7       6.08634e-06       0.000100738
             161.9       5.49869e-06       8.51311e-05
             162.1       6.20437e-06       9.71194e-05
             162.3        5.5184e-06       9.30365e-05
             162.5       5.26163e-06       9.22737e-05
             162.7       5.20678e-06       8.70995e-05
             162.9       5.55189e-06       9.26908e-05
             163.1       5.26293e-06       8.71854e-05
             163.3       5.71111e-06        9.5089e-05
             163.5       5.95788e-06       9.71248e-05
             163.7       6.41853e-06       0.000102292
             163.9       5.62013e-06       9.54845e-05
             164.1       4.66159e-06       9.62517e-05
             164.3       5.68941e-06       0.000103907
             164.5       5.18066e-06       8.36052e-05
             164.7       5.16879e-06       8.70018e-05
             164.9       5.44693e-06       9.30112e-05
             165.1       4.40886e-06       7.42286e-05
             165.3       5.71462e-06       9.72457e-05
             165.5       5.31217e-06       9.54711e-05
             165.7       4.44821e-06       7.97936e-05
             165.9       5.60043e-06        0.00010455
             166.1       3.90923e-06       7.23351e-05
             166.3       4.68051e-06       8.28543e-05
             166.5       4.77605e-06       9.55145e-05
             166.7       4.01424e-06       7.39768e-05
             166.9       4.71334e-06       8.39902e-05
             167.1       4.56351e-06       8.04116e-05
             167.3       4.76077e-06       8.49117e-05
             167.5       4.11309e-06       7.77929e-05
             167.7       4.68602e-06       7.84631e-05
             167.9       4.74185e-06       8.87122e-05
             168.1       4.01336e-06       7.31835e-05
             168.3       3.60762e-06        7.0617e-05
             168.5       3.94898e-06       8.83097e-05
             168.7       4.09662e-06       8.19428e-05
             168.9       3.83667e-06       6.97264e-05
             169.1       4.09209e-06       7.58611e-05
             169.3       4.34157e-06       8.48282e-05
             169.5       4.06567e-06        7.6592e-05
             169.7       4.09411e-06       7.15809e-05
             169.9       4.38706e-06       8.25282e-05
             170.1       3.85758e-06       7.35021e-05
             170.3       4.50013e-06       7.91733e-05
             170.5       3.98184e-06       7.39403e-05
             170.7       3.59623e-06       7.05833e-05
             170.9       3.54045e-06       7.86424e-05
             171.1       3.72715e-06       7.57928e-05
             171.3       4.11681e-06       7.61679e-05
             171.5       3.68398e-06       7.45898e-05
             171.7       3.67572e-06       7.59276e-05
             171.9       3.45435e-06       7.17572e-05
             172.1       3.20333e-06       6.22589e-05
             172.3        3.8023e-06       7.31876e-05
             172.5       4.25738e-06       8.33507e-05
             172.7       4.10902e-06       9.11962e-05
             172.9       4.12909e-06       9.29377e-05
             173.1       3.19327e-06       6.98322e-05
             173.3       3.44713e-06       7.47001e-05
             173.5       3.85394e-06       8.28083e-05
             173.7       3.70918e-06       7.94375e-05
             173.9         2.642e-06       5.55791e-05
             174.1        3.5324e-06       7.88596e-05
             174.3       3.29494e-06       7.08817e-05
             174.5       2.78448e-06       6.64188e-05
             174.7       3.89994e-06       8.71051e-05
             174.9       3.08793e-06       6.58237e-05
             175.1       3.80051e-06       7.36833e-05
             175.3       2.82432e-06        6.7356e-05
             175.5       2.78483e-06       6.17784e-05
             175.7        3.2116e-06       7.03927e-05
             175.9       3.59992e-06       7.52696e-05
             176.1       2.32373e-06       5.72006e-05
             176.3        3.4419e-06       7.08729e-05
             176.5        3.1097e-06       6.43513e-05
             176.7       3.82399e-06       8.05148e-05
             176.9       3.05697e-06       6.88571e-05
             177.1        3.0918e-06       6.90381e-05
             177.3       2.66463e-06       6.10293e-05
             177.5       3.01465e-06       7.31787e-05
             177.7       3.71254e-06       9.47726e-05
             177.9       3.36521e-06       7.71297e-05
             178.1       2.96559e-06        6.0562e-05
             178.3       2.78049e-06       6.59149e-05
             178.5       3.15356e-06       6.84976e-05
             178.7       2.86152e-06       6.70031e-05
             178.9       3.33742e-06       7.87651e-05
             179.1       2.78463e-06       6.94291e-05
             179.3       2.65207e-06       5.85799e-05
             179.5       2.49604e-06       6.33627e-05
             179.7       2.52258e-06       5.88089e-05
