               0.1          0.766582         0.0426959
               0.3          0.771929         0.0405809
               0.5          0.775582         0.0372734
               0.7          0.776608         0.0412258
               0.9          0.771365          0.036332
               1.1          0.773141         0.0393283
               1.3          0.775602         0.0385738
               1.5          0.777364         0.0376594
               1.7          0.770536         0.0432386
               1.9           0.77362         0.0365461
               2.1          0.772145         0.0395886
               2.3          0.772075         0.0390485
               2.5          0.771526         0.0365387
               2.7          0.770821         0.0407853
               2.9          0.768741         0.0415497
               3.1          0.765171         0.0431905
               3.3          0.764896          0.041199
               3.5          0.764103         0.0386707
               3.7          0.760477         0.0407194
               3.9           0.76124         0.0421142
               4.1          0.758062         0.0433155
               4.3          0.754851         0.0426335
               4.5          0.752926         0.0436324
               4.7          0.751048         0.0439169
               4.9          0.746629         0.0447055
               5.1           0.74498         0.0457669
               5.3          0.741957         0.0484682
               5.5          0.741323          0.043956
               5.7          0.734191         0.0515505
               5.9          0.731432         0.0486335
               6.1          0.730431         0.0496538
               6.3          0.725458         0.0495622
               6.5          0.721892         0.0523153
               6.7          0.717413         0.0549752
               6.9          0.712794         0.0546579
               7.1          0.706394          0.058205
               7.3          0.700493         0.0593977
               7.5          0.694911         0.0596321
               7.7          0.689512         0.0595799
               7.9          0.683796         0.0657602
               8.1          0.672794          0.068078
               8.3          0.667617          0.066456
               8.5          0.659576         0.0717259
               8.7          0.651721         0.0743331
               8.9          0.640115          0.076907
               9.1           0.62837         0.0813654
               9.3          0.618028         0.0841562
               9.5          0.607978         0.0876843
               9.7          0.590156         0.0947565
               9.9          0.575732          0.099499
              10.1          0.562155          0.105823
              10.3          0.538262          0.116829
              10.5          0.509967          0.129556
              10.7          0.483857           0.14102
              10.9              0.45          0.149225
              11.1          0.433897          0.153007
              11.3          0.407637           0.15631
              11.5           0.38219          0.157724
              11.7          0.360138          0.157159
              11.9          0.339327          0.154033
              12.1          0.319244          0.152732
              12.3          0.299842           0.14797
              12.5          0.278274          0.141476
              12.7           0.26435          0.136622
              12.9          0.249079          0.132463
              13.1          0.234887          0.130084
              13.3          0.215287          0.120727
              13.5          0.198294           0.11214
              13.7          0.187731           0.10734
              13.9           0.17557         0.0989412
              14.1           0.16184         0.0908608
              14.3          0.150559         0.0839463
              14.5          0.138204          0.075039
              14.7          0.132215         0.0710063
              14.9          0.122287         0.0658291
              15.1          0.114703         0.0600049
              15.3          0.107728         0.0571621
              15.5          0.101771         0.0547185
              15.7         0.0965557         0.0514971
              15.9         0.0906574         0.0475187
              16.1         0.0856914         0.0455952
              16.3         0.0801825         0.0418144
              16.5         0.0776478          0.041606
              16.7         0.0726448          0.039956
              16.9         0.0700521         0.0377245
              17.1         0.0670074         0.0361905
              17.3         0.0639692         0.0353891
              17.5         0.0613644         0.0336113
              17.7         0.0582156         0.0322534
              17.9          0.056397         0.0310971
              18.1         0.0542396         0.0306876
              18.3         0.0504237         0.0284325
              18.5         0.0491557         0.0281296
              18.7         0.0482444         0.0276812
              18.9         0.0453755         0.0268952
              19.1         0.0440872         0.0259889
              19.3         0.0419767         0.0251836
              19.5         0.0403543         0.0234942
              19.7         0.0392824         0.0228143
              19.9         0.0381202         0.0239395
              20.1          0.036689         0.0212542
              20.3          0.036188         0.0225743
              20.5         0.0344261         0.0208823
              20.7         0.0333205         0.0206343
              20.9         0.0324263         0.0202189
              21.1          0.031613         0.0187873
              21.3          0.029976         0.0184086
              21.5         0.0291097         0.0181115
              21.7           0.02823         0.0181859
              21.9         0.0273756         0.0176228
              22.1         0.0266055         0.0166286
              22.3         0.0257083          0.016879
              22.5         0.0249097         0.0158032
              22.7         0.0241367         0.0151857
              22.9         0.0235754          0.015378
              23.1         0.0228921         0.0152196
              23.3         0.0228078         0.0152499
              23.5         0.0216443         0.0140563
              23.7         0.0214979         0.0143976
              23.9         0.0206198         0.0136124
              24.1         0.0199717         0.0138056
              24.3         0.0194396         0.0127245
              24.5         0.0186886         0.0123295
              24.7         0.0182633         0.0121764
              24.9         0.0180871         0.0125693
              25.1         0.0177918         0.0123977
              25.3         0.0170635         0.0116679
              25.5         0.0166357          0.011498
              25.7         0.0164171         0.0115659
              25.9         0.0163236         0.0116929
              26.1         0.0155048         0.0111138
              26.3         0.0150201         0.0109456
              26.5         0.0151441         0.0111314
              26.7         0.0145064         0.0103884
              26.9         0.0140323         0.0102232
              27.1         0.0137367          0.010152
              27.3         0.0133305         0.0094734
              27.5         0.0131758         0.0103337
              27.7         0.0130324         0.0098525
              27.9         0.0125585        0.00957552
              28.1         0.0124363        0.00936968
              28.3         0.0122119         0.0095566
              28.5          0.011991        0.00960694
              28.7         0.0114355        0.00882578
              28.9         0.0115152        0.00890182
              29.1         0.0110715        0.00873547
              29.3         0.0107925        0.00865289
              29.5         0.0105097        0.00848807
              29.7         0.0102767        0.00803252
              29.9         0.0102924        0.00824026
              30.1        0.00997823        0.00796946
              30.3        0.00970165        0.00776708
              30.5        0.00957633        0.00784467
              30.7        0.00932462        0.00759021
              30.9         0.0091821        0.00757218
              31.1        0.00887021        0.00742669
              31.3        0.00871992        0.00726719
              31.5         0.0084975        0.00728373
              31.7        0.00837026        0.00694961
              31.9        0.00821296        0.00719449
              32.1        0.00809864        0.00690616
              32.3        0.00802617        0.00686053
              32.5        0.00767475         0.0064531
              32.7        0.00770331        0.00711701
              32.9        0.00750623         0.0068233
              33.1        0.00721693        0.00628222
              33.3        0.00705406        0.00632076
              33.5        0.00711026         0.0064414
              33.7         0.0068353        0.00601641
              33.9        0.00688472        0.00620582
              34.1         0.0067236        0.00604598
              34.3        0.00648458        0.00596584
              34.5        0.00645856        0.00615051
              34.7        0.00646408        0.00613618
              34.9        0.00634633        0.00604935
              35.1        0.00608648        0.00575067
              35.3         0.0059891        0.00569978
              35.5        0.00582399        0.00561454
              35.7        0.00585983        0.00552238
              35.9        0.00558904        0.00537799
              36.1         0.0054604        0.00512768
              36.3        0.00547996        0.00533208
              36.5        0.00524014        0.00509054
              36.7        0.00524635        0.00516917
              36.9        0.00519577        0.00517897
              37.1        0.00506219        0.00502451
              37.3        0.00498116        0.00500806
              37.5        0.00495501        0.00511253
              37.7        0.00475679        0.00481524
              37.9        0.00470637        0.00482679
              38.1        0.00466907        0.00499617
              38.3        0.00464666         0.0050481
              38.5        0.00450639        0.00465215
              38.7        0.00435324        0.00459474
              38.9        0.00438444        0.00462175
              39.1         0.0042987          0.005383
              39.3        0.00419222        0.00454004
              39.5        0.00408755        0.00438464
              39.7        0.00412154        0.00450498
              39.9        0.00394777         0.0044462
              40.1        0.00391687        0.00445379
              40.3        0.00389163        0.00419791
              40.5         0.0037769        0.00427329
              40.7        0.00374117         0.0043016
              40.9        0.00367695        0.00424953
              41.1        0.00351143        0.00396902
              41.3         0.0035841        0.00408687
              41.5        0.00344492        0.00392704
              41.7          0.003407        0.00390024
              41.9        0.00334574        0.00393475
              42.1        0.00331954        0.00377997
              42.3        0.00335115        0.00396407
              42.5          0.003186        0.00372568
              42.7         0.0031052        0.00366246
              42.9        0.00314295         0.0038022
              43.1         0.0031034        0.00375269
              43.3        0.00299546        0.00368923
              43.5        0.00293431        0.00369531
              43.7        0.00290929        0.00350443
              43.9        0.00290608         0.0036745
              44.1         0.0028011        0.00352548
              44.3        0.00278861        0.00359477
              44.5         0.0027153        0.00344599
              44.7        0.00265097        0.00326588
              44.9        0.00273188        0.00360551
              45.1         0.0025918        0.00331384
              45.3        0.00259731        0.00333163
              45.5        0.00250531        0.00334911
              45.7        0.00252566        0.00333151
              45.9         0.0024668        0.00325293
              46.1        0.00243796        0.00326512
              46.3        0.00238936        0.00323272
              46.5        0.00241176        0.00316634
              46.7        0.00234045        0.00323644
              46.9        0.00229695        0.00311101
              47.1         0.0022424         0.0031031
              47.3        0.00225494        0.00321394
              47.5         0.0022194        0.00309395
              47.7         0.0021314        0.00294035
              47.9        0.00209316        0.00310047
              48.1        0.00208422        0.00293584
              48.3        0.00203985        0.00289148
              48.5        0.00202651         0.0028653
              48.7        0.00199007        0.00283856
              48.9        0.00196559        0.00283948
              49.1        0.00200232        0.00293522
              49.3        0.00192328        0.00285326
              49.5        0.00191263        0.00281921
              49.7        0.00185703         0.0026846
              49.9        0.00182693        0.00263607
              50.1        0.00180954        0.00263934
              50.3        0.00179741        0.00267471
              50.5        0.00175193        0.00261475
              50.7         0.0017353        0.00261307
              50.9        0.00172219         0.0026073
              51.1        0.00170115        0.00275619
              51.3          0.001678        0.00274828
              51.5        0.00163617        0.00272308
              51.7        0.00158284        0.00246956
              51.9        0.00158885        0.00252292
              52.1        0.00159036         0.0025606
              52.3        0.00154921          0.002555
              52.5        0.00150976        0.00243229
              52.7        0.00152923        0.00243841
              52.9        0.00148132         0.0023656
              53.1        0.00144497        0.00238616
              53.3        0.00145991        0.00236341
              53.5        0.00141401        0.00232847
              53.7        0.00138379        0.00230469
              53.9        0.00136143        0.00227175
              54.1        0.00134983        0.00221713
              54.3        0.00132209        0.00221209
              54.5        0.00133391        0.00223687
              54.7           0.00131        0.00224371
              54.9        0.00125737        0.00211583
              55.1        0.00126683        0.00222286
              55.3        0.00126939        0.00217917
              55.5        0.00123906        0.00225132
              55.7        0.00124168        0.00236191
              55.9        0.00119036        0.00210084
              56.1        0.00119308        0.00211347
              56.3        0.00117925        0.00202011
              56.5        0.00115639        0.00208947
              56.7        0.00113492        0.00212705
              56.9        0.00111979        0.00203154
              57.1        0.00109264        0.00203316
              57.3         0.0010824        0.00197332
              57.5        0.00107896        0.00198295
              57.7        0.00111051        0.00208911
              57.9        0.00106767        0.00209651
              58.1        0.00104609        0.00205771
              58.3        0.00101695        0.00192054
              58.5        0.00103254        0.00210993
              58.7        0.00100227        0.00198476
              58.9       0.000990731        0.00195965
              59.1       0.000963163        0.00185452
              59.3       0.000957438        0.00184277
              59.5       0.000953136        0.00183393
              59.7       0.000931962        0.00184978
              59.9       0.000917085        0.00177876
              60.1        0.00090938        0.00179501
              60.3       0.000897074        0.00179058
              60.5       0.000907959        0.00182247
              60.7       0.000906489        0.00185068
              60.9       0.000868306         0.0018149
              61.1       0.000828957        0.00169669
              61.3       0.000860246        0.00179809
              61.5       0.000843732        0.00175855
              61.7       0.000841348         0.0017712
              61.9       0.000797135        0.00159249
              62.1       0.000787026         0.0016428
              62.3        0.00078903        0.00166349
              62.5       0.000804697        0.00172955
              62.7       0.000781003         0.0016305
              62.9       0.000779417        0.00169933
              63.1       0.000737639        0.00157772
              63.3       0.000759164        0.00165617
              63.5       0.000718867        0.00159662
              63.7       0.000714751        0.00157679
              63.9       0.000702354        0.00153313
              64.1       0.000706257        0.00152609
              64.3       0.000721142        0.00164476
              64.5       0.000698197         0.0015817
              64.7       0.000697656        0.00155744
              64.9       0.000670505        0.00154541
              65.1       0.000673573        0.00154352
              65.3       0.000651918        0.00155385
              65.5        0.00064737        0.00148641
              65.7       0.000636295        0.00147519
              65.9       0.000650808        0.00150382
              66.1       0.000619039        0.00147331
              66.3       0.000626407        0.00150712
              66.5       0.000637134        0.00151705
              66.7       0.000583455        0.00141951
              66.9       0.000593892        0.00138551
              67.1       0.000576577        0.00135791
              67.3       0.000588569        0.00140239
              67.5       0.000579195        0.00142844
              67.7       0.000577347        0.00137938
              67.9       0.000578612        0.00144447
              68.1        0.00054174        0.00136411
              68.3       0.000541885        0.00138159
              68.5       0.000541144        0.00139074
              68.7       0.000550484        0.00137132
              68.9       0.000535901        0.00136309
              69.1       0.000523542         0.0013203
              69.3       0.000514084        0.00127926
              69.5       0.000508497        0.00132439
              69.7       0.000515376         0.0013531
              69.9       0.000497939        0.00128704
              70.1       0.000492388        0.00129155
              70.3       0.000465276        0.00121029
              70.5        0.00046862         0.0012219
              70.7       0.000470525        0.00121321
              70.9        0.00047635        0.00124898
              71.1       0.000464474        0.00127097
              71.3       0.000445646        0.00119504
              71.5       0.000457417        0.00123373
              71.7        0.00044834        0.00121715
              71.9       0.000452653        0.00127988
              72.1       0.000433909        0.00118686
              72.3       0.000423791        0.00114957
              72.5       0.000419371        0.00118802
              72.7       0.000420228        0.00115357
              72.9       0.000417823        0.00117841
              73.1       0.000433573        0.00122711
              73.3       0.000408712        0.00114501
              73.5       0.000406243        0.00112454
              73.7       0.000408268        0.00114105
              73.9        0.00040146        0.00112199
              74.1       0.000395707        0.00112263
              74.3       0.000386776        0.00112185
              74.5       0.000390852          0.001154
              74.7       0.000384946        0.00111014
              74.9       0.000367512        0.00109728
              75.1       0.000361806        0.00105564
              75.3       0.000366763        0.00110885
              75.5       0.000374195        0.00110032
              75.7       0.000342125        0.00103445
              75.9       0.000364327        0.00113091
              76.1       0.000355957        0.00107293
              76.3       0.000331817        0.00101314
              76.5       0.000330204        0.00101289
              76.7       0.000336957        0.00101919
              76.9       0.000336676        0.00102897
              77.1       0.000332898        0.00102558
              77.3       0.000327181        0.00103376
              77.5       0.000316388       0.000988839
              77.7       0.000322834       0.000977529
              77.9       0.000318399        0.00100401
              78.1       0.000314327        0.00104787
              78.3       0.000302833       0.000968038
              78.5       0.000317603        0.00102241
              78.7       0.000292779       0.000928443
              78.9       0.000300514        0.00100773
              79.1       0.000297433       0.000997547
              79.3       0.000299754       0.000977435
              79.5       0.000295998       0.000991543
              79.7       0.000272983       0.000931212
              79.9       0.000288381       0.000964017
              80.1       0.000294011         0.0010222
              80.3       0.000284373       0.000972753
              80.5       0.000264129       0.000905903
              80.7        0.00026929       0.000916712
              80.9       0.000264984       0.000918072
              81.1       0.000262128        0.00091708
              81.3       0.000258201       0.000911269
              81.5       0.000257887       0.000942944
              81.7       0.000240125       0.000858689
              81.9       0.000252142       0.000862156
              82.1       0.000250308       0.000909173
              82.3       0.000242374       0.000927944
              82.5       0.000249099       0.000890549
              82.7       0.000239074       0.000805149
              82.9       0.000228898        0.00082166
              83.1       0.000244483       0.000924879
              83.3       0.000230718       0.000834298
              83.5       0.000230504       0.000824248
              83.7       0.000236227       0.000874444
              83.9       0.000216744       0.000776406
              84.1       0.000221362        0.00083254
              84.3       0.000220702       0.000859735
              84.5       0.000208604       0.000825528
              84.7       0.000216186       0.000828653
              84.9       0.000212829       0.000899355
              85.1        0.00021409       0.000820455
              85.3       0.000215672       0.000863348
              85.5       0.000201294       0.000742617
              85.7       0.000196374       0.000742368
              85.9       0.000215223       0.000822623
              86.1       0.000197532       0.000755933
              86.3       0.000198804       0.000788687
              86.5       0.000195713       0.000762928
              86.7       0.000193722        0.00081548
              86.9       0.000193787       0.000783424
              87.1       0.000195009       0.000817775
              87.3       0.000174871       0.000727708
              87.5       0.000187668       0.000749597
              87.7       0.000186428       0.000733402
              87.9       0.000190756       0.000844434
              88.1       0.000182317       0.000785401
              88.3       0.000176743       0.000760355
              88.5       0.000176423       0.000735979
              88.7        0.00016295       0.000660883
              88.9        0.00016472       0.000705352
              89.1       0.000173187       0.000739053
              89.3       0.000161956        0.00068304
              89.5       0.000162564       0.000703606
              89.7       0.000164496       0.000714484
              89.9       0.000164908       0.000709475
              90.1        0.00015702       0.000681617
              90.3       0.000154233       0.000685792
              90.5       0.000174257       0.000756703
              90.7       0.000160853       0.000692539
              90.9       0.000150181        0.00066708
              91.1       0.000154757       0.000716202
              91.3       0.000155535       0.000690554
              91.5       0.000148014       0.000707384
              91.7       0.000151664       0.000676496
              91.9        0.00014349       0.000654541
              92.1       0.000148787       0.000696436
              92.3       0.000140418       0.000666618
              92.5       0.000142547       0.000657191
              92.7       0.000141081       0.000602359
              92.9        0.00013868        0.00062729
              93.1       0.000132593       0.000609526
              93.3       0.000135084       0.000604271
              93.5       0.000136301       0.000626017
              93.7       0.000131411       0.000636955
              93.9       0.000128719       0.000577292
              94.1       0.000125089       0.000594364
              94.3       0.000130737       0.000633184
              94.5       0.000120118       0.000600659
              94.7       0.000132483         0.0006429
              94.9       0.000117374       0.000570052
              95.1        0.00011993       0.000607319
              95.3       0.000128982       0.000597787
              95.5        0.00012146        0.00060082
              95.7       0.000113664       0.000565162
              95.9       0.000117385       0.000591504
              96.1       0.000111078       0.000557879
              96.3       0.000118253       0.000581649
              96.5       0.000113605       0.000561237
              96.7       0.000112926       0.000557821
              96.9       0.000116629       0.000596585
              97.1       0.000113868        0.00060177
              97.3       0.000115928       0.000641429
              97.5       0.000118021       0.000580777
              97.7       0.000103364       0.000535529
              97.9       0.000107086       0.000543539
              98.1       0.000109239       0.000565256
              98.3       0.000108491       0.000557444
              98.5       0.000106858       0.000568998
              98.7        0.00010862       0.000585109
              98.9       0.000103031       0.000533356
              99.1       9.44823e-05        0.00049754
              99.3       0.000101354       0.000545999
              99.5       0.000101516       0.000532475
              99.7       9.63844e-05       0.000529317
              99.9       9.59774e-05       0.000503106
             100.1       9.62356e-05       0.000571556
             100.3       9.41718e-05       0.000523313
             100.5       0.000102019       0.000539113
             100.7       9.33416e-05       0.000517248
             100.9       8.98241e-05       0.000500591
             101.1       9.60027e-05       0.000547784
             101.3       8.68041e-05       0.000477633
             101.5       8.52233e-05       0.000463612
             101.7       8.94032e-05       0.000488504
             101.9       9.52278e-05       0.000585007
             102.1        8.5768e-05         0.0005063
             102.3       8.83318e-05       0.000530512
             102.5       8.33595e-05       0.000504669
             102.7       8.80833e-05       0.000492466
             102.9       8.53684e-05        0.00047921
             103.1       8.37381e-05       0.000478276
             103.3       8.07288e-05       0.000473694
             103.5       7.76674e-05       0.000446151
             103.7       7.88561e-05       0.000502361
             103.9       8.10017e-05       0.000478656
             104.1       7.76268e-05        0.00045805
             104.3       7.42474e-05       0.000449421
             104.5       7.68199e-05       0.000467328
             104.7       6.90288e-05       0.000409075
             104.9       7.39292e-05       0.000445696
             105.1       7.04913e-05       0.000414438
             105.3       7.80096e-05       0.000461978
             105.5       7.41689e-05       0.000474888
             105.7       7.38671e-05       0.000460213
             105.9       7.27585e-05        0.00045888
             106.1       6.99373e-05       0.000449662
             106.3       7.30041e-05       0.000466245
             106.5        7.0264e-05       0.000448425
             106.7       6.41232e-05       0.000414997
             106.9       6.54442e-05       0.000424978
             107.1       6.77892e-05       0.000418789
             107.3       6.72124e-05       0.000451604
             107.5       7.01661e-05       0.000444175
             107.7       6.60333e-05        0.00044157
             107.9       6.74376e-05       0.000432321
             108.1       5.99748e-05       0.000387373
             108.3       6.59004e-05       0.000451022
             108.5       6.28133e-05       0.000416898
             108.7       6.28437e-05       0.000404269
             108.9       6.29883e-05       0.000412094
             109.1       5.95988e-05       0.000379808
             109.3       6.22709e-05       0.000412873
             109.5       5.72789e-05       0.000394906
             109.7       6.13562e-05        0.00044725
             109.9       5.82745e-05       0.000389517
             110.1       5.87252e-05       0.000389632
             110.3       5.68598e-05       0.000406999
             110.5       6.03742e-05       0.000417432
             110.7       5.80569e-05       0.000445519
             110.9         5.365e-05       0.000370489
             111.1       5.29716e-05       0.000390004
             111.3       5.50854e-05       0.000393217
             111.5       5.46783e-05       0.000390003
             111.7       5.42995e-05       0.000372126
             111.9       5.31321e-05       0.000390897
             112.1       5.20095e-05       0.000391403
             112.3       5.34837e-05       0.000401641
             112.5       4.80545e-05       0.000333798
             112.7        5.5758e-05       0.000418819
             112.9       4.76237e-05       0.000346104
             113.1       4.91899e-05       0.000361652
             113.3       4.73691e-05       0.000351314
             113.5       5.11545e-05       0.000362234
             113.7       4.85468e-05       0.000362415
             113.9       4.74784e-05       0.000341285
             114.1       4.78358e-05        0.00036974
             114.3       4.70846e-05       0.000399545
             114.5       4.95348e-05        0.00037216
             114.7       4.78254e-05       0.000363369
             114.9       4.82993e-05        0.00038645
             115.1       4.81847e-05       0.000359731
             115.3        4.7766e-05       0.000372575
             115.5       4.48392e-05       0.000325335
             115.7        4.3939e-05       0.000351159
             115.9       4.76569e-05       0.000376288
             116.1        4.2554e-05        0.00036008
             116.3       4.17517e-05       0.000333003
             116.5       4.11548e-05       0.000342021
             116.7       3.97329e-05       0.000317977
             116.9       4.17528e-05       0.000327795
             117.1       3.99222e-05       0.000316049
             117.3       4.29246e-05       0.000341375
             117.5       4.17144e-05       0.000354347
             117.7       4.48678e-05       0.000412612
             117.9       4.20778e-05       0.000336205
             118.1       4.16687e-05       0.000326542
             118.3       3.98499e-05       0.000331986
             118.5       4.28472e-05       0.000356057
             118.7       4.16466e-05       0.000333408
             118.9       4.16296e-05       0.000365228
             119.1       3.71495e-05        0.00029561
             119.3        3.8374e-05       0.000345205
             119.5       3.13885e-05       0.000273298
             119.7       3.75856e-05       0.000308242
             119.9       3.80327e-05       0.000314571
             120.1       3.56424e-05       0.000338267
             120.3       3.65324e-05       0.000319398
             120.5        3.6917e-05       0.000333837
             120.7       3.73013e-05       0.000331742
             120.9       3.55592e-05       0.000307237
             121.1        3.5273e-05       0.000315016
             121.3       3.59388e-05       0.000339711
             121.5       3.41741e-05       0.000317734
             121.7       3.51236e-05       0.000308855
             121.9       3.22871e-05       0.000294119
             122.1       3.22275e-05       0.000293922
             122.3       3.14579e-05       0.000294848
             122.5       3.04617e-05       0.000263679
             122.7       3.16143e-05       0.000277911
             122.9       3.10113e-05       0.000289384
             123.1       3.30288e-05       0.000296143
             123.3       3.64816e-05       0.000394659
             123.5       2.99107e-05       0.000284842
             123.7       3.20975e-05        0.00028626
             123.9       3.30343e-05       0.000314265
             124.1       2.77714e-05       0.000248434
             124.3       3.06205e-05       0.000278152
             124.5       2.95916e-05       0.000285101
             124.7       2.82148e-05       0.000258475
             124.9       2.85954e-05       0.000283553
             125.1       2.83435e-05       0.000293057
             125.3       2.95748e-05       0.000288312
             125.5       2.66559e-05       0.000257852
             125.7       2.73067e-05       0.000263729
             125.9       2.77095e-05       0.000275061
             126.1       2.48278e-05       0.000234748
             126.3       2.73197e-05       0.000264965
             126.5       2.81515e-05       0.000268723
             126.7       2.73397e-05       0.000284451
             126.9       2.73276e-05       0.000283775
             127.1       2.54669e-05       0.000251361
             127.3       2.71232e-05       0.000275856
             127.5       2.81298e-05       0.000276492
             127.7       2.62274e-05       0.000266654
             127.9        2.6344e-05       0.000272715
             128.1        2.6296e-05       0.000299825
             128.3       2.42618e-05       0.000253293
             128.5       2.27284e-05       0.000223988
             128.7       2.49415e-05       0.000266905
             128.9       2.31547e-05       0.000242562
             129.1       2.28979e-05       0.000238456
             129.3       2.56059e-05        0.00027515
             129.5       2.18611e-05       0.000231526
             129.7       2.44066e-05       0.000271898
             129.9       2.39723e-05       0.000315278
             130.1       2.53072e-05       0.000249673
             130.3       2.52628e-05       0.000279582
             130.5       2.41827e-05       0.000257087
             130.7        2.1327e-05       0.000222426
             130.9       2.61207e-05       0.000312979
             131.1       2.12366e-05       0.000238316
             131.3       1.93864e-05       0.000204526
             131.5       2.21143e-05       0.000250108
             131.7       1.97622e-05       0.000206723
             131.9       1.99786e-05        0.00023045
             132.1       2.18403e-05       0.000231358
             132.3       2.00918e-05       0.000215794
             132.5       2.08225e-05       0.000247012
             132.7       1.84546e-05       0.000204872
             132.9        2.0484e-05       0.000247462
             133.1       2.12337e-05       0.000237762
             133.3       1.80645e-05       0.000217924
             133.5        1.9077e-05       0.000211519
             133.7       1.81639e-05       0.000220175
             133.9        1.9036e-05       0.000221348
             134.1       1.92745e-05       0.000220316
             134.3       1.93936e-05       0.000227236
             134.5        1.8854e-05       0.000245701
             134.7       2.00805e-05       0.000226736
             134.9       1.79705e-05       0.000208207
             135.1       1.86277e-05       0.000220264
             135.3       1.77464e-05       0.000232296
             135.5       1.80268e-05        0.00021802
             135.7       1.64346e-05       0.000196436
             135.9       1.86466e-05       0.000219248
             136.1       1.80794e-05       0.000205351
             136.3       1.63861e-05       0.000209058
             136.5        1.8462e-05       0.000226085
             136.7       1.47036e-05       0.000192537
             136.9       1.72246e-05       0.000251212
             137.1       1.84907e-05       0.000245457
             137.3       1.59585e-05       0.000193809
             137.5       1.59553e-05       0.000203262
             137.7       1.77686e-05       0.000205527
             137.9        1.5897e-05       0.000195609
             138.1       1.50255e-05       0.000196991
             138.3       1.62776e-05       0.000211341
             138.5       1.45947e-05       0.000186134
             138.7       1.54828e-05       0.000204488
             138.9       1.48371e-05       0.000195768
             139.1       1.41736e-05       0.000192702
             139.3       1.59352e-05       0.000192241
             139.5       1.54927e-05       0.000197545
             139.7        1.3651e-05       0.000174949
             139.9       1.55756e-05       0.000207985
             140.1       1.59762e-05       0.000202721
             140.3       1.52837e-05       0.000204567
             140.5       1.43436e-05        0.00019595
             140.7       1.44928e-05       0.000190951
             140.9       1.43398e-05       0.000210713
             141.1       1.39632e-05       0.000192807
             141.3       1.29989e-05       0.000172026
             141.5       1.23081e-05       0.000170648
             141.7       1.26058e-05       0.000177708
             141.9       1.32459e-05       0.000183448
             142.1       1.38702e-05       0.000190257
             142.3       1.30617e-05       0.000182558
             142.5        1.4405e-05       0.000186353
             142.7       1.32149e-05        0.00018526
             142.9       1.45154e-05       0.000207741
             143.1       1.31295e-05       0.000188128
             143.3       1.21371e-05        0.00018097
             143.5       1.27924e-05       0.000182826
             143.7       1.24487e-05       0.000184552
             143.9       1.13308e-05       0.000170537
             144.1       1.40586e-05       0.000205407
             144.3        1.3131e-05       0.000183776
             144.5       1.22364e-05       0.000166371
             144.7       1.01178e-05       0.000148767
             144.9       1.14499e-05       0.000167817
             145.1       1.07732e-05       0.000155589
             145.3       1.25775e-05       0.000170769
             145.5       9.74843e-06       0.000149843
             145.7       1.27505e-05       0.000189338
             145.9       1.25596e-05       0.000188661
             146.1       1.00114e-05        0.00016118
             146.3       9.18072e-06          0.000152
             146.5       1.10658e-05       0.000174615
             146.7       9.40925e-06       0.000142072
             146.9       1.14261e-05       0.000167878
             147.1       1.06647e-05       0.000159592
             147.3       1.19804e-05       0.000210884
             147.5       1.07633e-05       0.000176124
             147.7       1.08099e-05       0.000165023
             147.9       1.09905e-05       0.000165688
             148.1       1.17252e-05       0.000178797
             148.3       1.12729e-05       0.000176312
             148.5        8.7214e-06       0.000158719
             148.7       1.15224e-05       0.000170436
             148.9       1.07499e-05       0.000178927
             149.1       1.06325e-05       0.000168336
             149.3       9.23842e-06       0.000162597
             149.5       9.51663e-06       0.000151074
             149.7       8.20715e-06       0.000137202
             149.9       1.00382e-05       0.000177755
             150.1       9.37373e-06       0.000154601
             150.3        9.6355e-06       0.000169764
             150.5       1.06262e-05       0.000173557
             150.7       1.02517e-05       0.000155125
             150.9        9.3272e-06       0.000154893
             151.1       9.13723e-06         0.0001542
             151.3       7.95578e-06       0.000140346
             151.5       8.76235e-06       0.000166288
             151.7       8.03175e-06       0.000141674
             151.9        8.6249e-06       0.000152592
             152.1       7.92913e-06       0.000156904
             152.3       9.74423e-06       0.000174581
             152.5       9.58744e-06       0.000162214
             152.7       8.84072e-06       0.000153026
             152.9       7.44102e-06        0.00013312
             153.1       8.97897e-06       0.000162275
             153.3       8.76904e-06        0.00015981
             153.5       8.75069e-06        0.00014911
             153.7       6.81214e-06       0.000119565
             153.9       6.88171e-06       0.000116911
             154.1       8.62655e-06       0.000156451
             154.3       8.18924e-06       0.000138238
             154.5       7.42239e-06       0.000142572
             154.7        7.7828e-06       0.000129121
             154.9       8.51559e-06       0.000159411
             155.1       8.68533e-06       0.000198809
             155.3       6.72651e-06       0.000117942
             155.5       9.06582e-06       0.000151051
             155.7       8.14683e-06       0.000153508
             155.9       8.20252e-06        0.00016613
             156.1       7.40216e-06       0.000139295
             156.3       7.66588e-06       0.000148789
             156.5        7.2737e-06       0.000123158
             156.7       7.23793e-06       0.000125139
             156.9       7.15164e-06       0.000129937
             157.1       7.11163e-06       0.000137655
             157.3       6.82925e-06       0.000125785
             157.5       7.98278e-06       0.000141803
             157.7       7.27977e-06       0.000145696
             157.9       5.49029e-06       0.000110817
             158.1        7.4474e-06       0.000139238
             158.3       6.93933e-06        0.00012545
             158.5       6.63227e-06        0.00013805
             158.7       6.57883e-06       0.000128997
             158.9       7.96088e-06       0.000154333
             159.1       5.90303e-06       0.000112424
             159.3       5.72822e-06       0.000119441
             159.5       5.81485e-06       0.000115136
             159.7       7.82916e-06       0.000142055
             159.9       6.80246e-06       0.000128811
             160.1       5.40351e-06       0.000112568
             160.3       5.38032e-06       0.000111735
             160.5       7.04699e-06       0.000132463
             160.7       6.46624e-06       0.000128787
             160.9       5.74883e-06        0.00010958
             161.1       5.57981e-06       0.000114896
             161.3       5.01556e-06       0.000105997
             161.5       5.94611e-06       0.000129812
             161.7       5.13991e-06       0.000110376
             161.9        6.1622e-06       0.000119765
             162.1       6.26326e-06       0.000129021
             162.3       4.74119e-06       0.000103602
             162.5        5.5397e-06       0.000141142
             162.7       4.84652e-06       0.000105634
             162.9       5.91015e-06       0.000124794
             163.1       4.80854e-06       0.000108944
             163.3       4.88497e-06       0.000116277
             163.5       5.83053e-06        0.00011453
             163.7       5.42389e-06        0.00010715
             163.9       6.15228e-06       0.000132316
             164.1       5.35471e-06       0.000117092
             164.3       5.37532e-06       0.000114411
             164.5       5.02491e-06       0.000115781
             164.7       5.45239e-06       0.000125586
             164.9       4.84304e-06       0.000104877
             165.1       5.88168e-06       0.000123463
             165.3       5.13684e-06       0.000106317
             165.5       5.47389e-06       0.000116418
             165.7       5.32803e-06       0.000114029
             165.9       5.03363e-06       0.000112922
             166.1       4.88817e-06       0.000106083
             166.3       4.31739e-06       9.90514e-05
             166.5       4.26482e-06       8.70299e-05
             166.7       4.60667e-06       0.000118268
             166.9        4.9836e-06       0.000103505
             167.1       3.62773e-06       8.12504e-05
             167.3       5.07098e-06       0.000112557
             167.5       4.74691e-06       0.000112019
             167.7       5.37474e-06       0.000121562
             167.9       4.48367e-06       0.000102176
             168.1       5.29643e-06       0.000116814
             168.3       4.10198e-06       9.28506e-05
             168.5       4.12681e-06        9.4589e-05
             168.7       3.38234e-06       8.06421e-05
             168.9       3.56122e-06       8.64495e-05
             169.1       3.95085e-06        0.00010157
             169.3       4.74338e-06       0.000104428
             169.5       4.61672e-06        0.00010178
             169.7       3.91449e-06       8.82933e-05
             169.9       3.56445e-06       8.00171e-05
             170.1       3.87671e-06        9.9844e-05
             170.3        3.9739e-06        8.6083e-05
             170.5       4.03359e-06       0.000109501
             170.7       3.87609e-06       9.37154e-05
             170.9       3.77163e-06       9.16529e-05
             171.1       4.54972e-06       0.000110032
             171.3       3.01338e-06        7.4671e-05
             171.5       3.67925e-06       0.000110105
             171.7       3.85205e-06       9.31673e-05
             171.9       4.71127e-06       0.000111785
             172.1       3.57447e-06       8.18855e-05
             172.3       3.94351e-06       0.000103505
             172.5        4.2421e-06       0.000110407
             172.7       3.74266e-06        0.00012259
             172.9       3.56525e-06        0.00010907
             173.1       2.88563e-06       7.21132e-05
             173.3       4.08864e-06       9.58673e-05
             173.5       3.48176e-06        8.0334e-05
             173.7       3.63209e-06       8.83556e-05
             173.9       3.56796e-06       9.29698e-05
             174.1       2.65802e-06       7.82982e-05
             174.3       2.88378e-06       7.20766e-05
             174.5       3.34339e-06       8.68105e-05
             174.7       2.50364e-06       6.70077e-05
             174.9        3.9561e-06       9.89691e-05
             175.1       3.14081e-06       8.92284e-05
             175.3       2.64402e-06       8.58277e-05
             175.5       2.37411e-06       6.86861e-05
             175.7       3.13476e-06       8.64333e-05
             175.9       3.39146e-06       9.13729e-05
             176.1       3.78719e-06       9.42102e-05
             176.3       2.77142e-06       8.32209e-05
             176.5       3.32731e-06       8.58294e-05
             176.7       3.48403e-06       9.85009e-05
             176.9       3.05534e-06       9.16975e-05
             177.1       3.19109e-06       0.000101463
             177.3       2.98275e-06       0.000113334
             177.5        3.4593e-06       9.85521e-05
             177.7       2.85025e-06       7.72484e-05
             177.9       2.52449e-06       8.45444e-05
             178.1       2.43046e-06       8.40484e-05
             178.3       2.56334e-06       7.98334e-05
             178.5       2.34111e-06       6.65251e-05
             178.7       3.31992e-06       8.48821e-05
             178.9       3.03208e-06       8.79614e-05
             179.1       3.01572e-06       7.95707e-05
             179.3       2.94921e-06       9.47856e-05
             179.5       2.58267e-06       8.32521e-05
             179.7       2.91099e-06       8.41374e-05
