               0.1           0.77956         0.0435472
               0.3          0.770693         0.0469189
               0.5          0.779332         0.0429814
               0.7          0.774305         0.0412088
               0.9           0.77104         0.0483639
               1.1          0.772059         0.0456325
               1.3          0.774729         0.0443923
               1.5          0.771516         0.0442863
               1.7          0.771897         0.0443073
               1.9          0.773151         0.0438466
               2.1          0.768778         0.0493523
               2.3          0.771525         0.0460726
               2.5           0.76828         0.0461882
               2.7          0.767951         0.0472718
               2.9          0.765004         0.0466582
               3.1          0.764866         0.0462103
               3.3          0.764396         0.0463082
               3.5          0.763421         0.0489382
               3.7          0.761798         0.0509115
               3.9          0.760713         0.0491578
               4.1          0.758078         0.0499649
               4.3          0.755008         0.0518865
               4.5          0.753121          0.052502
               4.7          0.750865         0.0560057
               4.9          0.748054         0.0578539
               5.1          0.742396         0.0572221
               5.3          0.741305          0.055605
               5.5          0.737163         0.0596719
               5.7          0.739471         0.0565284
               5.9             0.733         0.0603733
               6.1          0.728676         0.0595916
               6.3          0.727516         0.0584339
               6.5          0.719005         0.0633485
               6.7          0.713464         0.0641707
               6.9          0.707055         0.0686381
               7.1          0.705291         0.0693589
               7.3          0.701253         0.0675267
               7.5           0.69201         0.0692269
               7.7           0.68915         0.0718043
               7.9          0.683473         0.0782897
               8.1          0.677334          0.076395
               8.3          0.665733         0.0795616
               8.5          0.660014         0.0826979
               8.7          0.650998         0.0887866
               8.9          0.638524         0.0922024
               9.1          0.628888         0.0951833
               9.3          0.615823         0.0985608
               9.5          0.601908          0.103224
               9.7          0.590801          0.107591
               9.9           0.57276          0.115459
              10.1          0.559862          0.117438
              10.3          0.536408          0.133697
              10.5          0.508433          0.144122
              10.7          0.478895          0.153695
              10.9          0.451901          0.157646
              11.1          0.429753          0.162053
              11.3          0.405496          0.163675
              11.5          0.388989          0.167093
              11.7          0.352076          0.163442
              11.9          0.341935          0.162247
              12.1          0.316767           0.16095
              12.3          0.300807          0.158089
              12.5          0.285512           0.15321
              12.7          0.264641          0.149586
              12.9          0.246393          0.142115
              13.1          0.231956          0.139689
              13.3          0.220321          0.128098
              13.5          0.198573           0.11872
              13.7          0.187749           0.11382
              13.9          0.173537          0.106922
              14.1          0.161245          0.100978
              14.3          0.150921         0.0932965
              14.5          0.138141         0.0823643
              14.7          0.129593         0.0800955
              14.9          0.121648         0.0726434
              15.1          0.115024         0.0706438
              15.3          0.109049         0.0664393
              15.5          0.101197         0.0611838
              15.7         0.0962016         0.0595389
              15.9         0.0924061         0.0580408
              16.1           0.08491         0.0532727
              16.3         0.0813284         0.0529995
              16.5         0.0768524         0.0480684
              16.7         0.0732147         0.0468694
              16.9         0.0705153         0.0442864
              17.1         0.0663184         0.0427492
              17.3         0.0647633         0.0431933
              17.5         0.0603719         0.0395207
              17.7         0.0589178         0.0397539
              17.9         0.0561258         0.0372628
              18.1         0.0538526         0.0359415
              18.3         0.0527767         0.0356716
              18.5          0.049559         0.0338786
              18.7         0.0465728         0.0317522
              18.9         0.0467845          0.032963
              19.1         0.0445711          0.030946
              19.3          0.043075         0.0303004
              19.5         0.0406258         0.0293454
              19.7         0.0396009         0.0281662
              19.9         0.0387391         0.0277565
              20.1         0.0372328         0.0279938
              20.3         0.0361317         0.0260976
              20.5         0.0353599         0.0262054
              20.7         0.0332265         0.0244796
              20.9         0.0319514         0.0233228
              21.1         0.0311817         0.0230746
              21.3          0.029642          0.021848
              21.5         0.0290704         0.0209429
              21.7          0.028019         0.0206676
              21.9         0.0276481         0.0203181
              22.1         0.0268997         0.0208622
              22.3         0.0260703         0.0207324
              22.5         0.0252341         0.0190081
              22.7         0.0245648         0.0192025
              22.9          0.023709         0.0185978
              23.1         0.0231562         0.0177127
              23.3         0.0223712         0.0175282
              23.5         0.0220927         0.0174123
              23.7         0.0211222         0.0164942
              23.9         0.0203519         0.0158336
              24.1         0.0198646         0.0167348
              24.3          0.019898          0.016291
              24.5          0.019189         0.0158883
              24.7         0.0188971         0.0155564
              24.9         0.0182396         0.0149815
              25.1         0.0177268         0.0147177
              25.3         0.0172326         0.0148385
              25.5         0.0169118         0.0136474
              25.7         0.0163068          0.013582
              25.9         0.0163234         0.0141757
              26.1         0.0156571         0.0134527
              26.3         0.0150272         0.0126255
              26.5         0.0151683         0.0135421
              26.7         0.0147995         0.0131148
              26.9          0.014317         0.0122189
              27.1         0.0136338         0.0117407
              27.3          0.013481         0.0116864
              27.5         0.0131267         0.0118795
              27.7         0.0130742         0.0118144
              27.9         0.0126038         0.0113227
              28.1         0.0122968         0.0109705
              28.3         0.0119708          0.010983
              28.5         0.0116389         0.0103727
              28.7         0.0115737         0.0107791
              28.9         0.0113783         0.0107397
              29.1         0.0110504         0.0103415
              29.3         0.0107794         0.0102962
              29.5         0.0104887        0.00986136
              29.7         0.0104945         0.0101964
              29.9         0.0102117         0.0100074
              30.1        0.00984989        0.00930896
              30.3        0.00972764        0.00916789
              30.5         0.0096687        0.00937717
              30.7        0.00933912        0.00920556
              30.9        0.00938375        0.00930989
              31.1        0.00890967        0.00843676
              31.3        0.00876528         0.0087019
              31.5        0.00861748        0.00864109
              31.7        0.00822713        0.00838829
              31.9         0.0082784        0.00851901
              32.1        0.00793254        0.00818141
              32.3        0.00801038        0.00822299
              32.5        0.00770104        0.00796792
              32.7        0.00754467        0.00768373
              32.9         0.0075051        0.00797229
              33.1        0.00735636        0.00771354
              33.3        0.00731342        0.00779605
              33.5        0.00707039        0.00765412
              33.7        0.00684218        0.00722564
              33.9        0.00687548         0.0071986
              34.1        0.00669831        0.00745674
              34.3        0.00648512        0.00722681
              34.5        0.00650526        0.00709526
              34.7        0.00649669        0.00720431
              34.9        0.00598406        0.00650631
              35.1        0.00593706        0.00654081
              35.3         0.0059993         0.0069078
              35.5        0.00589776        0.00689517
              35.7        0.00579095        0.00654723
              35.9        0.00578129        0.00685741
              36.1         0.0056054         0.0065087
              36.3         0.0054702        0.00641395
              36.5        0.00526716        0.00619576
              36.7        0.00525583        0.00627775
              36.9        0.00514557        0.00630694
              37.1        0.00509247        0.00638357
              37.3        0.00501865        0.00638619
              37.5        0.00488875        0.00589741
              37.7        0.00485335        0.00601808
              37.9        0.00466811        0.00583918
              38.1        0.00475459        0.00593959
              38.3        0.00454889        0.00575068
              38.5        0.00452328        0.00572296
              38.7        0.00438098         0.0054387
              38.9        0.00429302        0.00574185
              39.1        0.00427482        0.00546448
              39.3        0.00419494        0.00545513
              39.5        0.00415137        0.00533388
              39.7        0.00400923        0.00507587
              39.9        0.00400349        0.00564428
              40.1        0.00391499        0.00501696
              40.3        0.00382645        0.00511944
              40.5        0.00382696        0.00517706
              40.7        0.00374706        0.00490597
              40.9        0.00362464        0.00492661
              41.1        0.00357485        0.00495024
              41.3        0.00359296        0.00495645
              41.5         0.0035695        0.00486719
              41.7        0.00338154        0.00464599
              41.9        0.00329738        0.00467011
              42.1        0.00334629        0.00471492
              42.3        0.00319934        0.00450378
              42.5        0.00327677        0.00457515
              42.7        0.00313592        0.00441544
              42.9         0.0030877        0.00441528
              43.1        0.00308314        0.00452212
              43.3        0.00308844        0.00459896
              43.5         0.0029548        0.00455061
              43.7        0.00286118         0.0042045
              43.9        0.00289158        0.00437977
              44.1        0.00279937        0.00446286
              44.3        0.00278421         0.0041341
              44.5        0.00271965        0.00421421
              44.7        0.00260556        0.00386938
              44.9        0.00265947         0.0040806
              45.1        0.00263877        0.00407312
              45.3        0.00255808        0.00385851
              45.5         0.0025447        0.00390065
              45.7         0.0024999        0.00388695
              45.9        0.00244954        0.00377759
              46.1        0.00240703        0.00380978
              46.3         0.0023958        0.00395812
              46.5        0.00244192         0.0039929
              46.7        0.00227138         0.0037057
              46.9        0.00229556        0.00376596
              47.1        0.00235978        0.00405054
              47.3        0.00222623        0.00364532
              47.5        0.00218714        0.00367305
              47.7        0.00216057        0.00368008
              47.9         0.0021374        0.00360982
              48.1        0.00209689        0.00347553
              48.3        0.00209492        0.00371372
              48.5        0.00202131        0.00341289
              48.7        0.00198203        0.00341535
              48.9        0.00192201         0.0033971
              49.1        0.00196298        0.00338649
              49.3        0.00197258        0.00341504
              49.5        0.00196351        0.00350454
              49.7        0.00183078          0.003183
              49.9        0.00185368        0.00339447
              50.1        0.00180394        0.00319213
              50.3        0.00175715        0.00322077
              50.5        0.00173362        0.00317998
              50.7        0.00176225        0.00325932
              50.9         0.0017412          0.003123
              51.1        0.00172459        0.00313319
              51.3        0.00166721         0.0031052
              51.5        0.00159991        0.00304145
              51.7        0.00164418        0.00308878
              51.9        0.00156301        0.00311007
              52.1        0.00159762        0.00301917
              52.3        0.00153607        0.00285989
              52.5        0.00155436        0.00305449
              52.7        0.00148183        0.00291607
              52.9        0.00145894        0.00282746
              53.1        0.00150244        0.00302686
              53.3        0.00143329        0.00286968
              53.5        0.00141406        0.00277535
              53.7        0.00138748        0.00278182
              53.9        0.00136785        0.00273288
              54.1         0.0013582        0.00272133
              54.3        0.00132589        0.00284311
              54.5        0.00133636        0.00271209
              54.7        0.00128876        0.00257826
              54.9        0.00128331        0.00265444
              55.1        0.00123693        0.00265276
              55.3        0.00123186        0.00254264
              55.5        0.00126626        0.00257591
              55.7        0.00122307        0.00247716
              55.9        0.00120953        0.00259153
              56.1        0.00121402        0.00254896
              56.3        0.00115377        0.00269874
              56.5        0.00119095        0.00252965
              56.7        0.00118284        0.00251255
              56.9         0.0011457        0.00252892
              57.1        0.00108198        0.00233137
              57.3        0.00107465        0.00238471
              57.5        0.00110085        0.00239494
              57.7        0.00104509        0.00233455
              57.9        0.00106083        0.00234619
              58.1        0.00104827        0.00242564
              58.3        0.00104092        0.00239595
              58.5        0.00101305        0.00230657
              58.7        0.00100828        0.00229112
              58.9          0.001001        0.00231072
              59.1       0.000943099        0.00212775
              59.3       0.000972571          0.002278
              59.5       0.000953779        0.00221064
              59.7       0.000923758        0.00218979
              59.9        0.00092305        0.00218191
              60.1       0.000928566        0.00214256
              60.3       0.000901864        0.00225476
              60.5       0.000881132        0.00210952
              60.7       0.000865052        0.00208331
              60.9       0.000864644        0.00216578
              61.1       0.000872891        0.00208138
              61.3       0.000837158        0.00201263
              61.5       0.000864916        0.00215661
              61.7       0.000808079        0.00198214
              61.9       0.000820371        0.00205892
              62.1       0.000824856        0.00212032
              62.3        0.00077478        0.00192181
              62.5       0.000748994         0.0018944
              62.7       0.000781063        0.00207943
              62.9       0.000770052        0.00198642
              63.1       0.000756948        0.00195397
              63.3       0.000724216        0.00194787
              63.5       0.000738711        0.00186709
              63.7        0.00071283        0.00185079
              63.9       0.000708541        0.00186466
              64.1       0.000734768         0.0019901
              64.3       0.000716525        0.00199201
              64.5       0.000700918        0.00188334
              64.7       0.000690035         0.0018595
              64.9       0.000697739        0.00187364
              65.1       0.000646778         0.0017872
              65.3       0.000657038        0.00182785
              65.5       0.000626401        0.00172088
              65.7       0.000640375        0.00182442
              65.9       0.000638099        0.00179057
              66.1       0.000634799        0.00175653
              66.3        0.00059688        0.00172056
              66.5       0.000593474        0.00173422
              66.7       0.000611084         0.0017497
              66.9       0.000597758        0.00169119
              67.1       0.000562063        0.00157649
              67.3        0.00058667        0.00168756
              67.5       0.000559308        0.00168615
              67.7        0.00055841        0.00159867
              67.9       0.000581659        0.00170107
              68.1       0.000574311        0.00162558
              68.3       0.000546292        0.00158718
              68.5       0.000536754        0.00155555
              68.7       0.000557502         0.0016591
              68.9       0.000531684        0.00162418
              69.1       0.000542682        0.00171812
              69.3       0.000517639        0.00158686
              69.5       0.000509644        0.00156134
              69.7       0.000507825        0.00157293
              69.9       0.000520408        0.00168374
              70.1       0.000472886        0.00148668
              70.3       0.000489459        0.00152012
              70.5       0.000452452        0.00144954
              70.7       0.000488401         0.0014413
              70.9       0.000455854        0.00144978
              71.1       0.000475984        0.00154525
              71.3       0.000462374        0.00146997
              71.5       0.000448468         0.0014591
              71.7       0.000437488        0.00147481
              71.9       0.000432503        0.00141017
              72.1       0.000437928        0.00139087
              72.3       0.000437203        0.00146074
              72.5       0.000401447        0.00131813
              72.7       0.000418807        0.00138402
              72.9       0.000409779        0.00135702
              73.1       0.000409096        0.00137596
              73.3       0.000405933        0.00133794
              73.5       0.000409641        0.00142362
              73.7        0.00039669        0.00135756
              73.9       0.000398373        0.00136005
              74.1       0.000400062        0.00143578
              74.3       0.000383509        0.00137379
              74.5       0.000386517        0.00134377
              74.7       0.000376219        0.00126246
              74.9       0.000377049        0.00135632
              75.1       0.000369941        0.00140888
              75.3        0.00036098        0.00125687
              75.5       0.000347987        0.00122943
              75.7       0.000359402        0.00129427
              75.9       0.000353635        0.00126968
              76.1       0.000359409        0.00128104
              76.3       0.000348718        0.00129042
              76.5       0.000346485        0.00121799
              76.7       0.000341966        0.00128701
              76.9       0.000338792         0.0012751
              77.1        0.00032883         0.0011783
              77.3       0.000333958        0.00123805
              77.5       0.000317748        0.00118263
              77.7       0.000319558        0.00124176
              77.9       0.000299641        0.00116403
              78.1       0.000305775        0.00116237
              78.3       0.000302081        0.00119688
              78.5       0.000300158        0.00120278
              78.7       0.000286343        0.00112568
              78.9       0.000298329        0.00117932
              79.1       0.000292803         0.0011585
              79.3       0.000290888        0.00115327
              79.5       0.000283538        0.00110834
              79.7       0.000280677        0.00107505
              79.9       0.000278725        0.00110288
              80.1       0.000277085        0.00112392
              80.3       0.000271143        0.00105812
              80.5       0.000271348        0.00110427
              80.7       0.000268131        0.00106692
              80.9       0.000282219        0.00118719
              81.1       0.000252849        0.00104491
              81.3       0.000274241        0.00109376
              81.5       0.000244516        0.00104518
              81.7       0.000250047        0.00104693
              81.9       0.000251539        0.00107839
              82.1        0.00025133        0.00106487
              82.3       0.000261909        0.00111451
              82.5       0.000234319       0.000990911
              82.7       0.000243777         0.0010957
              82.9       0.000232316        0.00106489
              83.1       0.000215498       0.000901108
              83.3        0.00022702       0.000973274
              83.5         0.0002239        0.00102483
              83.7       0.000235544        0.00113997
              83.9       0.000221155       0.000958382
              84.1       0.000234075        0.00102765
              84.3       0.000217828       0.000954929
              84.5       0.000210484       0.000959029
              84.7       0.000215392       0.000974148
              84.9       0.000221629        0.00103405
              85.1       0.000211916       0.000974086
              85.3       0.000204329       0.000931947
              85.5       0.000215947        0.00103322
              85.7       0.000201642        0.00088684
              85.9       0.000205195       0.000978882
              86.1       0.000206609       0.000974896
              86.3       0.000183971       0.000869468
              86.5       0.000189599       0.000885047
              86.7        0.00019653       0.000954427
              86.9       0.000200275       0.000989991
              87.1       0.000188628       0.000943113
              87.3       0.000196609       0.000936803
              87.5       0.000187542       0.000898719
              87.7       0.000179236        0.00085859
              87.9       0.000181216       0.000881578
              88.1        0.00017926       0.000852649
              88.3        0.00017451       0.000845058
              88.5        0.00017468        0.00086502
              88.7       0.000176027       0.000880827
              88.9       0.000177554       0.000876558
              89.1       0.000173245       0.000901124
              89.3       0.000165162       0.000808682
              89.5       0.000160341       0.000830454
              89.7       0.000168896       0.000905071
              89.9        0.00016317       0.000839447
              90.1       0.000157416       0.000797325
              90.3       0.000153701       0.000820193
              90.5       0.000159099       0.000818878
              90.7       0.000157352       0.000813468
              90.9       0.000161717       0.000902882
              91.1       0.000164675       0.000889752
              91.3        0.00015006       0.000787381
              91.5       0.000149922       0.000806302
              91.7       0.000151098       0.000800716
              91.9       0.000149874        0.00081062
              92.1       0.000150078       0.000779053
              92.3        0.00013937       0.000749571
              92.5       0.000142258       0.000740132
              92.7       0.000148583       0.000820934
              92.9        0.00014569       0.000799408
              93.1       0.000134685       0.000701312
              93.3       0.000146256       0.000817329
              93.5       0.000124055        0.00067957
              93.7       0.000132407        0.00071997
              93.9       0.000132345       0.000780681
              94.1       0.000133242       0.000749933
              94.3       0.000133373       0.000756862
              94.5       0.000118825       0.000665179
              94.7       0.000129311       0.000731352
              94.9       0.000140369       0.000828732
              95.1       0.000127754       0.000779421
              95.3       0.000127491       0.000724247
              95.5       0.000123132       0.000725861
              95.7       0.000124771       0.000786577
              95.9       0.000118719        0.00071305
              96.1       0.000110208       0.000664591
              96.3       0.000121164       0.000716949
              96.5       0.000124802       0.000780254
              96.7       0.000116833       0.000670329
              96.9        0.00012028        0.00069616
              97.1       0.000113953       0.000672451
              97.3       0.000107088       0.000662214
              97.5       0.000109365       0.000666015
              97.7       0.000103952       0.000654537
              97.9       0.000107577       0.000637165
              98.1       0.000100655       0.000654937
              98.3       0.000109885       0.000669978
              98.5       9.97638e-05        0.00060861
              98.7       0.000107501       0.000693902
              98.9       0.000108037       0.000663722
              99.1       9.70428e-05       0.000608607
              99.3       9.26669e-05       0.000637457
              99.5       9.71365e-05       0.000615037
              99.7       9.63572e-05       0.000633666
              99.9       0.000107411       0.000685447
             100.1        9.1599e-05       0.000600337
             100.3       9.91182e-05       0.000651549
             100.5        9.3986e-05       0.000618805
             100.7       8.57325e-05       0.000597252
             100.9       9.21897e-05       0.000619523
             101.1       9.52083e-05       0.000615396
             101.3       8.17357e-05       0.000537829
             101.5       8.56598e-05       0.000569543
             101.7       9.60042e-05       0.000644497
             101.9       8.64047e-05       0.000586284
             102.1       8.48656e-05       0.000580765
             102.3       8.89244e-05       0.000666858
             102.5        8.5558e-05       0.000562035
             102.7       8.38312e-05       0.000586881
             102.9       8.71234e-05       0.000640841
             103.1       8.43498e-05       0.000590956
             103.3       8.73741e-05       0.000586251
             103.5       8.93902e-05       0.000649915
             103.7       8.10856e-05       0.000602859
             103.9       7.98363e-05       0.000553836
             104.1        7.5692e-05       0.000534494
             104.3       7.52457e-05       0.000543234
             104.5       8.08779e-05       0.000596495
             104.7       6.70912e-05       0.000494424
             104.9       8.00988e-05       0.000596309
             105.1       7.72104e-05       0.000586466
             105.3       7.49532e-05       0.000551492
             105.5       7.93305e-05       0.000564048
             105.7       6.84856e-05       0.000537764
             105.9       7.43048e-05       0.000545061
             106.1       7.41166e-05       0.000588339
             106.3       6.88384e-05       0.000507474
             106.5       7.04665e-05       0.000551395
             106.7       6.88215e-05       0.000527057
             106.9       6.84426e-05       0.000533837
             107.1       6.16451e-05       0.000475848
             107.3       7.40397e-05       0.000548859
             107.5       6.80774e-05       0.000539336
             107.7       6.23118e-05       0.000472396
             107.9       6.12809e-05       0.000495319
             108.1       6.81437e-05        0.00053696
             108.3       6.32604e-05       0.000532559
             108.5       6.06355e-05       0.000470053
             108.7       7.27206e-05       0.000575261
             108.9       6.62649e-05       0.000518252
             109.1       6.54801e-05       0.000525053
             109.3       6.03732e-05       0.000494734
             109.5       6.28292e-05       0.000482476
             109.7       6.28991e-05       0.000503707
             109.9       5.51501e-05       0.000440662
             110.1       5.57368e-05       0.000461484
             110.3       5.70696e-05       0.000485217
             110.5       5.83491e-05        0.00052689
             110.7       5.42848e-05       0.000450953
             110.9       5.95006e-05       0.000479332
             111.1        5.9415e-05       0.000514496
             111.3       5.97948e-05       0.000511514
             111.5       5.64778e-05       0.000472491
             111.7       5.51891e-05       0.000480036
             111.9       5.14373e-05        0.00043807
             112.1       5.45164e-05       0.000465457
             112.3       5.67423e-05       0.000503061
             112.5       5.24477e-05       0.000451072
             112.7       5.26961e-05       0.000457087
             112.9       4.75587e-05       0.000415801
             113.1       5.17373e-05       0.000436327
             113.3       4.95725e-05       0.000429797
             113.5       5.11364e-05       0.000478302
             113.7       4.90575e-05       0.000427011
             113.9        4.8157e-05       0.000441818
             114.1       4.60634e-05       0.000430875
             114.3       4.97218e-05       0.000428528
             114.5       5.26176e-05       0.000457736
             114.7       4.65713e-05       0.000430128
             114.9       4.77901e-05       0.000420898
             115.1       4.96939e-05       0.000459335
             115.3        4.9448e-05       0.000448164
             115.5       3.92679e-05       0.000355157
             115.7       4.84138e-05       0.000437945
             115.9       4.41026e-05       0.000409947
             116.1       4.31839e-05       0.000448234
             116.3       4.47152e-05       0.000436378
             116.5        4.5684e-05       0.000435069
             116.7       4.60159e-05       0.000465464
             116.9        4.8993e-05       0.000456686
             117.1       4.57822e-05       0.000407438
             117.3       4.45122e-05       0.000413929
             117.5       4.15258e-05        0.00039536
             117.7       4.31436e-05       0.000440813
             117.9       4.29075e-05       0.000394555
             118.1       4.37934e-05       0.000422242
             118.3       3.96205e-05       0.000383281
             118.5       4.07254e-05       0.000393366
             118.7       3.83717e-05       0.000394516
             118.9       3.63113e-05       0.000477448
             119.1       4.05237e-05       0.000407272
             119.3        3.6573e-05       0.000372948
             119.5       4.05197e-05        0.00041404
             119.7       3.72664e-05       0.000372171
             119.9       3.52292e-05       0.000348146
             120.1       3.51038e-05       0.000359881
             120.3       3.86305e-05        0.00038802
             120.5       3.76229e-05       0.000393354
             120.7       3.78193e-05       0.000373811
             120.9       3.60806e-05       0.000384946
             121.1       3.12863e-05       0.000340611
             121.3       3.37451e-05       0.000327791
             121.5       3.62598e-05        0.00037949
             121.7       3.40609e-05       0.000356265
             121.9       3.36259e-05       0.000337501
             122.1       3.16956e-05       0.000352823
             122.3       3.50173e-05       0.000369494
             122.5       3.49086e-05       0.000409759
             122.7       3.31241e-05       0.000342359
             122.9       3.32926e-05       0.000379205
             123.1        3.1171e-05       0.000342225
             123.3       3.30823e-05       0.000354207
             123.5       3.06284e-05       0.000345005
             123.7       3.10552e-05       0.000337228
             123.9       3.04361e-05       0.000349346
             124.1       3.21658e-05       0.000341453
             124.3       2.71298e-05       0.000321723
             124.5       2.90105e-05       0.000332888
             124.7       2.91729e-05       0.000347399
             124.9       3.11206e-05       0.000336712
             125.1       2.76891e-05       0.000314846
             125.3       2.98141e-05        0.00032362
             125.5       2.94702e-05       0.000340221
             125.7       2.78944e-05       0.000317011
             125.9       2.94042e-05       0.000349316
             126.1       2.78755e-05       0.000331327
             126.3        3.0296e-05       0.000354524
             126.5         2.694e-05       0.000311768
             126.7       2.85314e-05       0.000320745
             126.9        2.8256e-05       0.000349653
             127.1       2.49647e-05       0.000284239
             127.3       2.44969e-05       0.000279796
             127.5       2.70412e-05       0.000349937
             127.7       2.58578e-05       0.000323959
             127.9       2.76279e-05       0.000342825
             128.1       2.66842e-05         0.0002933
             128.3       3.02205e-05       0.000369503
             128.5       2.88985e-05       0.000340615
             128.7       2.35235e-05       0.000286524
             128.9       2.71892e-05       0.000372722
             129.1        2.3644e-05       0.000329435
             129.3       2.27042e-05       0.000296984
             129.5       2.44295e-05       0.000282139
             129.7       2.33979e-05       0.000280086
             129.9       2.40682e-05       0.000307019
             130.1       1.83232e-05       0.000240492
             130.3       2.54063e-05       0.000328974
             130.5       2.15566e-05       0.000261685
             130.7        2.4094e-05       0.000305892
             130.9       2.33804e-05       0.000305343
             131.1       2.41544e-05       0.000318052
             131.3       2.02609e-05       0.000259845
             131.5       2.21153e-05       0.000315873
             131.7       2.22151e-05        0.00028708
             131.9       2.18812e-05       0.000272895
             132.1       2.20839e-05       0.000306997
             132.3        2.2455e-05       0.000306589
             132.5       2.23093e-05       0.000294545
             132.7       2.21542e-05       0.000306959
             132.9       2.06375e-05       0.000298977
             133.1       2.09096e-05       0.000274079
             133.3       1.95791e-05       0.000260114
             133.5       1.96813e-05       0.000321151
             133.7       1.80496e-05        0.00023194
             133.9         2.349e-05       0.000308914
             134.1       1.80366e-05       0.000265792
             134.3       1.76233e-05       0.000241508
             134.5       1.88261e-05        0.00026146
             134.7       1.98791e-05       0.000290037
             134.9       1.72481e-05       0.000242301
             135.1       1.80395e-05       0.000266023
             135.3       2.15744e-05        0.00032089
             135.5       1.70392e-05       0.000249513
             135.7       1.68094e-05        0.00024804
             135.9       1.83225e-05       0.000248622
             136.1       1.70579e-05       0.000269568
             136.3       1.79072e-05       0.000277127
             136.5       1.73546e-05       0.000267411
             136.7       1.66385e-05       0.000232257
             136.9       1.85186e-05       0.000298732
             137.1       1.68767e-05       0.000256516
             137.3       1.50815e-05       0.000239106
             137.5       1.67379e-05       0.000245024
             137.7        1.5121e-05       0.000254237
             137.9       1.69593e-05         0.0002511
             138.1       1.72884e-05       0.000260169
             138.3       1.54283e-05       0.000221416
             138.5        1.5802e-05       0.000264022
             138.7       1.43128e-05         0.0002069
             138.9       1.62613e-05       0.000243979
             139.1       1.51184e-05       0.000218089
             139.3       1.46412e-05       0.000243032
             139.5       1.48163e-05       0.000208088
             139.7       1.73392e-05       0.000262609
             139.9       1.41125e-05       0.000221064
             140.1       1.42408e-05       0.000203072
             140.3       1.59785e-05       0.000266096
             140.5       1.47978e-05       0.000235951
             140.7       1.59755e-05        0.00026287
             140.9       1.44906e-05       0.000275147
             141.1       1.16329e-05       0.000186085
             141.3       1.30149e-05       0.000227529
             141.5       1.45819e-05       0.000254784
             141.7       1.13239e-05        0.00020484
             141.9       1.25925e-05       0.000200092
             142.1       1.36578e-05       0.000214489
             142.3       1.32644e-05       0.000206453
             142.5       1.51463e-05        0.00025525
             142.7       1.31903e-05       0.000248367
             142.9       1.09816e-05       0.000191418
             143.1       1.40736e-05       0.000239866
             143.3       1.25634e-05        0.00019528
             143.5       1.22379e-05       0.000213931
             143.7       1.52764e-05       0.000268747
             143.9       1.34346e-05       0.000240123
             144.1       1.14397e-05       0.000195175
             144.3       1.21988e-05       0.000225294
             144.5       1.01256e-05       0.000188914
             144.7       1.13141e-05       0.000189528
             144.9       1.20986e-05       0.000218117
             145.1       1.04512e-05       0.000177099
             145.3       1.04337e-05       0.000184422
             145.5       1.03925e-05       0.000206954
             145.7       1.23479e-05        0.00023551
             145.9       1.12453e-05       0.000214042
             146.1       1.17693e-05       0.000209593
             146.3       1.03264e-05        0.00019384
             146.5       1.11522e-05        0.00019752
             146.7       1.16345e-05       0.000217396
             146.9       1.27412e-05       0.000240247
             147.1       1.25419e-05       0.000209193
             147.3       1.21597e-05        0.00022709
             147.5        9.7484e-06        0.00019097
             147.7       9.86397e-06       0.000171747
             147.9       1.05681e-05       0.000201217
             148.1       1.00091e-05       0.000200505
             148.3       8.14556e-06       0.000160681
             148.5       9.95536e-06       0.000178727
             148.7       1.09894e-05       0.000192099
             148.9       1.38083e-05        0.00023249
             149.1       1.19396e-05       0.000213547
             149.3       9.54388e-06       0.000181446
             149.5       1.30623e-05       0.000249391
             149.7       1.21896e-05       0.000216497
             149.9       1.17961e-05       0.000212676
             150.1       9.52612e-06       0.000185542
             150.3       8.73648e-06       0.000174301
             150.5       9.56106e-06       0.000186981
             150.7        1.0915e-05       0.000203047
             150.9       8.18497e-06       0.000149657
             151.1       1.04037e-05        0.00018908
             151.3       7.55288e-06       0.000150004
             151.5       8.66234e-06       0.000167091
             151.7       8.37817e-06       0.000181151
             151.9       9.47335e-06       0.000179153
             152.1       7.66813e-06        0.00018557
             152.3       9.21524e-06       0.000186506
             152.5       9.91989e-06       0.000196482
             152.7       7.81951e-06       0.000191515
             152.9        9.1159e-06       0.000181825
             153.1       8.16747e-06       0.000159419
             153.3       7.61591e-06        0.00016376
             153.5       7.49554e-06        0.00014431
             153.7       8.52962e-06       0.000178132
             153.9       8.81433e-06       0.000183676
             154.1       7.90834e-06       0.000175251
             154.3       8.27095e-06       0.000173427
             154.5       7.01457e-06       0.000147736
             154.7       7.32442e-06       0.000158874
             154.9       7.89592e-06       0.000178339
             155.1       5.83513e-06       0.000131927
             155.3       8.05022e-06       0.000170791
             155.5       6.81679e-06       0.000138161
             155.7       8.30631e-06       0.000182373
             155.9       7.19334e-06       0.000152775
             156.1       8.20244e-06       0.000179782
             156.3       6.79536e-06       0.000139004
             156.5       6.34201e-06       0.000141887
             156.7       9.08868e-06       0.000192284
             156.9       7.61528e-06       0.000158741
             157.1       6.60366e-06       0.000150518
             157.3       8.95411e-06       0.000196795
             157.5        7.0732e-06       0.000154547
             157.7       6.33117e-06       0.000141294
             157.9       6.09272e-06       0.000132815
             158.1       6.82428e-06       0.000149974
             158.3       7.84465e-06        0.00018852
             158.5       5.46505e-06       0.000125995
             158.7       5.53086e-06       0.000126018
             158.9       6.80467e-06       0.000161819
             159.1       6.84237e-06       0.000145662
             159.3        5.3511e-06       0.000124012
             159.5       6.78717e-06       0.000168778
             159.7       6.31329e-06       0.000143947
             159.9       6.88119e-06       0.000165266
             160.1       5.76346e-06         0.0001636
             160.3       5.31448e-06       0.000132913
             160.5       6.03872e-06       0.000137519
             160.7       6.34612e-06        0.00015112
             160.9       6.88071e-06       0.000178955
             161.1       5.14206e-06        0.00012092
             161.3       6.22034e-06       0.000150022
             161.5        5.7109e-06       0.000138979
             161.7       5.57904e-06       0.000126028
             161.9       5.13942e-06       0.000142965
             162.1       5.48228e-06       0.000143725
             162.3         5.621e-06       0.000121455
             162.5       6.28475e-06       0.000167443
             162.7        4.9049e-06       0.000123549
             162.9       5.70046e-06       0.000139179
             163.1        5.0025e-06       0.000125988
             163.3       4.86914e-06       0.000119647
             163.5        4.4322e-06        0.00010596
             163.7       4.90969e-06        0.00011293
             163.9        5.1317e-06       0.000128897
             164.1       4.34852e-06       0.000111451
             164.3       4.37815e-06       0.000123898
             164.5       4.08123e-06       0.000113965
             164.7        5.1501e-06       0.000151559
             164.9       5.07165e-06       0.000116124
             165.1       6.55324e-06       0.000158346
             165.3       4.73844e-06       0.000145707
             165.5       4.15237e-06       0.000115194
             165.7       4.61388e-06       0.000114813
             165.9       4.01026e-06       0.000102169
             166.1       4.07013e-06       0.000108462
             166.3       4.63172e-06       0.000113591
             166.5       4.05534e-06       0.000112056
             166.7       4.98998e-06       0.000132079
             166.9       4.72428e-06       0.000121358
             167.1       4.53737e-06       0.000131055
             167.3        4.0964e-06       0.000106993
             167.5       5.24955e-06       0.000142914
             167.7       4.30445e-06        0.00011886
             167.9       3.83077e-06       0.000100331
             168.1       5.09177e-06       0.000137913
             168.3       4.41216e-06       0.000105238
             168.5       4.19023e-06       0.000109636
             168.7        4.7418e-06       0.000114709
             168.9       3.72094e-06       0.000107631
             169.1       4.54608e-06        0.00013674
             169.3       4.69433e-06       0.000128004
             169.5       3.77491e-06       0.000113875
             169.7       3.92298e-06       9.78807e-05
             169.9       3.85507e-06       0.000121092
             170.1       3.47269e-06       0.000115067
             170.3       4.56468e-06       0.000131548
             170.5       4.10345e-06       0.000111586
             170.7       4.81001e-06       0.000119725
             170.9       3.29345e-06       0.000113626
             171.1       3.86524e-06        0.00012807
             171.3       4.09046e-06        0.00010635
             171.5        3.9734e-06       0.000108187
             171.7       2.77869e-06       7.78655e-05
             171.9       4.40231e-06       0.000119786
             172.1       2.52647e-06        8.2533e-05
             172.3       3.25926e-06       0.000107503
             172.5        4.8775e-06       0.000138706
             172.7       4.75152e-06       0.000167925
             172.9       4.22254e-06       0.000130831
             173.1       4.47842e-06       0.000123634
             173.3       3.70123e-06       0.000120175
             173.5       3.27286e-06        0.00011201
             173.7       3.44656e-06       0.000100559
             173.9       3.68599e-06       0.000117182
             174.1       2.51316e-06       7.28691e-05
             174.3       2.97313e-06       8.70657e-05
             174.5       3.75512e-06        0.00012385
             174.7       3.70762e-06        0.00010506
             174.9       2.95687e-06       0.000103605
             175.1       3.18276e-06        9.7126e-05
             175.3       2.89627e-06       9.25239e-05
             175.5        3.4338e-06        0.00010912
             175.7       4.13711e-06       0.000121717
             175.9       2.71979e-06       8.67148e-05
             176.1       3.06072e-06        9.7397e-05
             176.3       3.21408e-06       0.000124819
             176.5       3.41397e-06       0.000101986
             176.7       3.13937e-06       0.000121081
             176.9       2.30672e-06       7.31408e-05
             177.1       2.41344e-06       8.41343e-05
             177.3        3.2102e-06       0.000118499
             177.5       2.65594e-06       8.41966e-05
             177.7       2.60054e-06       9.65842e-05
             177.9       2.76079e-06       9.07908e-05
             178.1       2.92703e-06       9.66994e-05
             178.3       2.70618e-06       9.89425e-05
             178.5       2.32239e-06       7.97961e-05
             178.7       3.37957e-06       9.70846e-05
             178.9       3.32402e-06         9.808e-05
             179.1       2.09818e-06       6.87151e-05
             179.3       2.89255e-06        9.8965e-05
             179.5       2.72288e-06       8.30275e-05
             179.7       2.46613e-06       8.61816e-05
