               0.1          0.778374          0.026764
               0.3          0.773911         0.0250649
               0.5          0.778323         0.0276823
               0.7           0.77849          0.024971
               0.9          0.774977         0.0259646
               1.1          0.775743         0.0253272
               1.3          0.776028          0.025748
               1.5          0.772424          0.026176
               1.7           0.77264         0.0252198
               1.9          0.774581         0.0280753
               2.1          0.773286         0.0274815
               2.3          0.772231         0.0258151
               2.5          0.773609         0.0270453
               2.7          0.769324         0.0262989
               2.9          0.768814         0.0264597
               3.1          0.767452         0.0278103
               3.3          0.766754         0.0274958
               3.5          0.763018         0.0296693
               3.7          0.762843         0.0278409
               3.9          0.759281         0.0293638
               4.1          0.758276         0.0285312
               4.3          0.757252         0.0302786
               4.5          0.754828         0.0302604
               4.7          0.751093         0.0305732
               4.9          0.749983         0.0313039
               5.1          0.745414         0.0316079
               5.3          0.741626         0.0325138
               5.5          0.740518         0.0331339
               5.7            0.7379          0.033022
               5.9          0.734215         0.0345356
               6.1          0.730358         0.0340227
               6.3          0.727734         0.0355057
               6.5          0.723375         0.0359239
               6.7           0.71959         0.0354605
               6.9           0.71342         0.0381751
               7.1          0.707353         0.0404171
               7.3          0.701325         0.0404265
               7.5           0.69527         0.0434894
               7.7          0.690396         0.0430444
               7.9          0.683212         0.0457988
               8.1          0.675262         0.0468603
               8.3          0.668766         0.0497414
               8.5          0.659773         0.0527255
               8.7          0.649795         0.0541443
               8.9           0.64384          0.055273
               9.1          0.630121           0.05951
               9.3          0.621104         0.0626889
               9.5          0.607175         0.0655157
               9.7          0.593112         0.0730601
               9.9          0.577184         0.0775746
              10.1          0.559752         0.0848767
              10.3          0.542934         0.0945151
              10.5          0.514596           0.10771
              10.7          0.486055          0.122005
              10.9          0.456632           0.13111
              11.1           0.43344           0.13552
              11.3          0.404368          0.139869
              11.5          0.379877          0.142556
              11.7          0.358682          0.140351
              11.9          0.345365          0.140126
              12.1          0.323178          0.138209
              12.3          0.299507          0.133479
              12.5          0.282426          0.131145
              12.7          0.263747          0.124989
              12.9          0.244625          0.119071
              13.1          0.230002          0.112377
              13.3          0.217126          0.106475
              13.5           0.20121         0.0987369
              13.7          0.188408         0.0915366
              13.9          0.173962         0.0847406
              14.1          0.162312         0.0762462
              14.3          0.147128         0.0665589
              14.5          0.140534         0.0613798
              14.7          0.130496         0.0539586
              14.9          0.119055         0.0473592
              15.1          0.113512         0.0446906
              15.3          0.106745         0.0422805
              15.5          0.100015         0.0395041
              15.7         0.0957968         0.0369947
              15.9         0.0908965         0.0351579
              16.1         0.0837779         0.0326593
              16.3         0.0813448          0.032072
              16.5         0.0766407         0.0293928
              16.7         0.0733855          0.028103
              16.9         0.0708004         0.0276229
              17.1         0.0666126         0.0254732
              17.3         0.0643567          0.024881
              17.5         0.0607613         0.0238608
              17.7         0.0581312         0.0225017
              17.9         0.0560929         0.0223241
              18.1         0.0537703         0.0218631
              18.3         0.0516678         0.0204227
              18.5         0.0493941         0.0192089
              18.7         0.0474582         0.0194167
              18.9         0.0455854          0.017874
              19.1         0.0432426         0.0172136
              19.3         0.0424679         0.0173743
              19.5         0.0406102         0.0163181
              19.7           0.03906         0.0164499
              19.9         0.0382512         0.0159906
              20.1         0.0368456         0.0153459
              20.3         0.0354023         0.0147289
              20.5         0.0346728         0.0145523
              20.7         0.0330714         0.0139514
              20.9         0.0321396         0.0134805
              21.1         0.0309243         0.0129166
              21.3         0.0299155         0.0126106
              21.5         0.0290446         0.0125508
              21.7         0.0282028         0.0123304
              21.9         0.0272411         0.0117221
              22.1         0.0264092         0.0114031
              22.3         0.0260398         0.0113859
              22.5         0.0249199         0.0110068
              22.7         0.0244624         0.0108683
              22.9         0.0234153         0.0101948
              23.1         0.0229913           0.01037
              23.3         0.0227888         0.0101748
              23.5         0.0216913        0.00977172
              23.7          0.021149        0.00980671
              23.9         0.0204487        0.00929781
              24.1         0.0197495        0.00910929
              24.3         0.0194966         0.0089474
              24.5         0.0190549        0.00905156
              24.7         0.0187117        0.00878402
              24.9         0.0179852        0.00839198
              25.1         0.0177242        0.00850536
              25.3         0.0170188        0.00813077
              25.5         0.0166859        0.00813643
              25.7          0.016206         0.0078876
              25.9          0.015871        0.00778836
              26.1         0.0153977        0.00756631
              26.3         0.0151056        0.00751255
              26.5         0.0148073        0.00725397
              26.7         0.0144375        0.00719436
              26.9         0.0142176        0.00727199
              27.1         0.0137258        0.00683931
              27.3         0.0135276        0.00688976
              27.5          0.013206        0.00682756
              27.7          0.012885         0.0066717
              27.9         0.0125474        0.00648693
              28.1         0.0123097        0.00637422
              28.3         0.0118459        0.00608247
              28.5         0.0117367        0.00622057
              28.7         0.0114422         0.0060632
              28.9         0.0112309        0.00603547
              29.1         0.0110764        0.00630656
              29.3         0.0107724        0.00593952
              29.5         0.0104988        0.00583525
              29.7         0.0102028        0.00562436
              29.9          0.010168        0.00564204
              30.1        0.00996488        0.00554236
              30.3        0.00975864        0.00552269
              30.5        0.00951249        0.00528963
              30.7        0.00921054        0.00520711
              30.9        0.00919008        0.00528214
              31.1        0.00888511        0.00511978
              31.3        0.00876219        0.00503398
              31.5        0.00855799        0.00500825
              31.7        0.00832025        0.00490885
              31.9        0.00822535        0.00479463
              32.1        0.00807564        0.00471532
              32.3        0.00792608        0.00474595
              32.5        0.00768624        0.00461727
              32.7        0.00755787        0.00457705
              32.9        0.00736623        0.00448645
              33.1        0.00732174        0.00445685
              33.3        0.00711657        0.00436963
              33.5        0.00704642        0.00432072
              33.7        0.00686606         0.0042722
              33.9         0.0067444        0.00417374
              34.1        0.00661923        0.00411496
              34.3        0.00647146         0.0041012
              34.5        0.00637649        0.00407343
              34.7        0.00628195        0.00402296
              34.9          0.006106        0.00396533
              35.1         0.0060496        0.00389991
              35.3        0.00589942        0.00387312
              35.5        0.00582332        0.00380637
              35.7        0.00574767        0.00381748
              35.9        0.00557563        0.00369597
              36.1        0.00545689        0.00370375
              36.3        0.00545713        0.00365704
              36.5        0.00530241        0.00361795
              36.7        0.00522044        0.00363789
              36.9        0.00504682        0.00340007
              37.1        0.00508996        0.00355483
              37.3        0.00490894        0.00340663
              37.5        0.00490606        0.00338452
              37.7        0.00479884        0.00335855
              37.9        0.00469347        0.00328658
              38.1         0.0046536        0.00323819
              38.3         0.0045192        0.00325973
              38.5        0.00443769        0.00316795
              38.7        0.00443796        0.00325807
              38.9        0.00426339        0.00312228
              39.1        0.00428428        0.00315473
              39.3        0.00411958         0.0029926
              39.5        0.00404506        0.00299982
              39.7        0.00407637        0.00301565
              39.9        0.00403455        0.00313073
              40.1        0.00391157        0.00298165
              40.3        0.00379903         0.0028188
              40.5        0.00375601        0.00285726
              40.7        0.00367258        0.00286343
              40.9        0.00355833        0.00272291
              41.1        0.00356831        0.00276781
              41.3        0.00352177        0.00275963
              41.5        0.00345048        0.00266737
              41.7        0.00340489        0.00275961
              41.9        0.00338483        0.00270242
              42.1        0.00328287        0.00264753
              42.3        0.00324442        0.00266663
              42.5        0.00324219        0.00264232
              42.7        0.00315679        0.00256998
              42.9        0.00309543        0.00257156
              43.1        0.00305791        0.00249542
              43.3        0.00302221        0.00253457
              43.5        0.00295232        0.00252898
              43.7        0.00291677        0.00248573
              43.9        0.00282457        0.00237437
              44.1        0.00276015        0.00237402
              44.3        0.00279675        0.00244099
              44.5        0.00271079        0.00236107
              44.7        0.00270064        0.00237311
              44.9        0.00264038        0.00237011
              45.1        0.00263376        0.00237256
              45.3        0.00256969        0.00232155
              45.5        0.00250758        0.00225813
              45.7        0.00249532        0.00227818
              45.9        0.00244737        0.00224667
              46.1         0.0024226        0.00225471
              46.3        0.00231871        0.00214059
              46.5        0.00228757        0.00214131
              46.7        0.00232154        0.00219981
              46.9        0.00226961        0.00213671
              47.1        0.00223334        0.00211309
              47.3        0.00222401        0.00213322
              47.5        0.00216888        0.00204573
              47.7        0.00212526        0.00204411
              47.9        0.00209209        0.00203569
              48.1        0.00206584        0.00200071
              48.3         0.0020297        0.00201242
              48.5        0.00202393        0.00201601
              48.7        0.00198097        0.00197122
              48.9        0.00197205        0.00200356
              49.1        0.00194682        0.00199657
              49.3        0.00188371        0.00195879
              49.5        0.00185637        0.00191371
              49.7        0.00184639        0.00185712
              49.9        0.00182005        0.00186777
              50.1        0.00177087        0.00180882
              50.3        0.00176168        0.00182728
              50.5        0.00172661        0.00178631
              50.7          0.001716        0.00183982
              50.9        0.00170235        0.00178728
              51.1        0.00166083        0.00171895
              51.3        0.00163942        0.00175735
              51.5        0.00163686        0.00178542
              51.7         0.0015962        0.00170276
              51.9        0.00156354        0.00168175
              52.1        0.00153638        0.00168685
              52.3        0.00152723        0.00166225
              52.5        0.00153031        0.00170646
              52.7        0.00146958        0.00159957
              52.9        0.00144687        0.00160707
              53.1         0.0014378        0.00160082
              53.3        0.00144254        0.00165492
              53.5        0.00141654         0.0016328
              53.7        0.00139071         0.0016128
              53.9        0.00136276        0.00159778
              54.1        0.00135823         0.0016205
              54.3         0.0013325        0.00158094
              54.5        0.00132672        0.00155697
              54.7        0.00134154        0.00161522
              54.9        0.00128689        0.00154595
              55.1         0.0012781        0.00152507
              55.3        0.00125433         0.0015356
              55.5        0.00123067        0.00149601
              55.7         0.0011992          0.001427
              55.9         0.0011946        0.00150963
              56.1        0.00118225        0.00143667
              56.3        0.00117494         0.0014522
              56.5        0.00114588        0.00142455
              56.7        0.00112363        0.00140249
              56.9        0.00113949        0.00143339
              57.1        0.00110008        0.00138249
              57.3        0.00108836        0.00138457
              57.5        0.00106578        0.00136437
              57.7        0.00103826        0.00132327
              57.9        0.00104999        0.00135627
              58.1        0.00102732        0.00132825
              58.3        0.00099854        0.00126979
              58.5         0.0010131        0.00135348
              58.7       0.000974741        0.00126862
              58.9       0.000988949        0.00131448
              59.1       0.000993009        0.00131369
              59.3       0.000950185        0.00127578
              59.5       0.000955483        0.00126408
              59.7       0.000919852        0.00124564
              59.9       0.000897866        0.00120849
              60.1       0.000892572        0.00121279
              60.3       0.000899989        0.00125022
              60.5       0.000861335        0.00119927
              60.7       0.000864864        0.00121689
              60.9       0.000870515        0.00122825
              61.1       0.000849929        0.00122347
              61.3       0.000833074        0.00118695
              61.5       0.000834391        0.00117724
              61.7       0.000813356        0.00120336
              61.9       0.000820025        0.00118074
              62.1       0.000776669        0.00111501
              62.3       0.000800536        0.00115888
              62.5       0.000771169        0.00112922
              62.7       0.000767368         0.0011531
              62.9       0.000756917        0.00112528
              63.1       0.000738549        0.00108762
              63.3       0.000738822        0.00110616
              63.5       0.000736979        0.00110516
              63.7       0.000731631        0.00109829
              63.9       0.000723669        0.00112992
              64.1        0.00069376        0.00107843
              64.3       0.000699801        0.00108272
              64.5       0.000678826        0.00105443
              64.7         0.0006805        0.00108424
              64.9       0.000673853        0.00107843
              65.1        0.00067064        0.00103528
              65.3       0.000648058        0.00104079
              65.5        0.00064251         0.0010179
              65.7       0.000650104        0.00103855
              65.9       0.000640359        0.00101827
              66.1       0.000625941         0.0010291
              66.3       0.000605323        0.00100615
              66.5       0.000620554       0.000996573
              66.7       0.000600245        0.00100509
              66.9       0.000589223       0.000981346
              67.1       0.000588275       0.000958748
              67.3       0.000588148       0.000972136
              67.5       0.000560309       0.000954351
              67.7       0.000552986       0.000960308
              67.9       0.000547301        0.00092606
              68.1       0.000535765       0.000953818
              68.3       0.000541835       0.000923508
              68.5       0.000532003       0.000906477
              68.7       0.000528613       0.000912619
              68.9       0.000521782       0.000958225
              69.1       0.000522934        0.00089484
              69.3       0.000517366       0.000885239
              69.5       0.000508392        0.00091114
              69.7       0.000496308       0.000886038
              69.9       0.000501313       0.000885842
              70.1       0.000483271       0.000887725
              70.3       0.000488939       0.000891834
              70.5       0.000476047       0.000869143
              70.7       0.000481144       0.000902176
              70.9       0.000480001       0.000908919
              71.1       0.000472911       0.000877324
              71.3       0.000468394       0.000881441
              71.5       0.000432011       0.000810178
              71.7        0.00044304       0.000851019
              71.9       0.000432415       0.000824216
              72.1       0.000433832       0.000829342
              72.3       0.000422634       0.000825143
              72.5        0.00043072       0.000824013
              72.7       0.000422052       0.000812865
              72.9       0.000405998       0.000790378
              73.1       0.000415703       0.000809148
              73.3        0.00040802       0.000786077
              73.5       0.000405578       0.000799331
              73.7       0.000397577       0.000774005
              73.9       0.000401503        0.00081062
              74.1       0.000387278       0.000786183
              74.3       0.000386619       0.000774067
              74.5       0.000377434       0.000775818
              74.7       0.000374976       0.000766738
              74.9       0.000361381       0.000732542
              75.1        0.00036194       0.000724113
              75.3       0.000354694       0.000731235
              75.5       0.000361069       0.000738305
              75.7       0.000353394       0.000737439
              75.9       0.000349492       0.000738857
              76.1       0.000346602       0.000742466
              76.3       0.000329012       0.000723862
              76.5       0.000336498       0.000714516
              76.7       0.000336771       0.000722668
              76.9          0.000332       0.000705441
              77.1        0.00032701       0.000715803
              77.3       0.000320756       0.000686007
              77.5       0.000311828       0.000697404
              77.7       0.000309246       0.000677566
              77.9       0.000311818       0.000676088
              78.1       0.000301138       0.000665262
              78.3       0.000306727        0.00069685
              78.5       0.000307945       0.000697216
              78.7       0.000299357       0.000690655
              78.9        0.00029076       0.000657312
              79.1       0.000287082       0.000656158
              79.3       0.000281982        0.00063526
              79.5       0.000282841       0.000669188
              79.7       0.000285375       0.000667026
              79.9       0.000281316       0.000641148
              80.1       0.000273511       0.000637654
              80.3       0.000279339       0.000645352
              80.5       0.000270385       0.000627743
              80.7       0.000264523       0.000632378
              80.9        0.00026401       0.000646832
              81.1       0.000266183       0.000639847
              81.3       0.000260123       0.000617514
              81.5       0.000255034       0.000614219
              81.7       0.000256303       0.000627865
              81.9       0.000246574       0.000600525
              82.1       0.000240117       0.000593759
              82.3       0.000248254       0.000622408
              82.5       0.000246802       0.000608414
              82.7       0.000234515       0.000585058
              82.9       0.000236356       0.000588196
              83.1       0.000229309       0.000575106
              83.3       0.000234788       0.000586018
              83.5       0.000224396       0.000582233
              83.7       0.000227945       0.000580024
              83.9       0.000219128         0.0005671
              84.1       0.000222861       0.000564578
              84.3       0.000218787       0.000571762
              84.5       0.000217663        0.00056067
              84.7       0.000217922       0.000574493
              84.9       0.000211766       0.000549486
              85.1        0.00020703       0.000551293
              85.3       0.000205781       0.000551305
              85.5       0.000205988       0.000556918
              85.7       0.000200536        0.00054383
              85.9       0.000196264       0.000523389
              86.1        0.00019889       0.000517442
              86.3       0.000196065       0.000546815
              86.5       0.000191165       0.000505749
              86.7       0.000188261       0.000512254
              86.9       0.000186297       0.000517801
              87.1       0.000189918        0.00052714
              87.3       0.000182193       0.000500001
              87.5       0.000178763       0.000507884
              87.7        0.00018039       0.000518048
              87.9       0.000175292       0.000489811
              88.1       0.000182581       0.000510066
              88.3       0.000179109       0.000509403
              88.5       0.000175717       0.000512614
              88.7        0.00017273       0.000480573
              88.9       0.000176857       0.000517403
              89.1       0.000170635       0.000501773
              89.3       0.000165738       0.000481002
              89.5       0.000161674       0.000461676
              89.7       0.000162754        0.00048262
              89.9       0.000165137        0.00048037
              90.1       0.000157437       0.000471635
              90.3       0.000152595       0.000459679
              90.5       0.000160388       0.000473033
              90.7       0.000158164       0.000480269
              90.9       0.000153003       0.000484828
              91.1       0.000151869       0.000457429
              91.3       0.000149402       0.000455461
              91.5        0.00014871       0.000467519
              91.7       0.000149745        0.00049567
              91.9        0.00014387       0.000446106
              92.1       0.000146977       0.000449087
              92.3       0.000144994       0.000464685
              92.5       0.000141325       0.000468071
              92.7       0.000138875       0.000437131
              92.9       0.000142381       0.000456095
              93.1       0.000136777       0.000444475
              93.3       0.000133951       0.000432021
              93.5       0.000132666       0.000421929
              93.7       0.000133563       0.000433854
              93.9       0.000127745       0.000424329
              94.1       0.000125696       0.000402143
              94.3       0.000124274       0.000421371
              94.5       0.000129331       0.000443051
              94.7       0.000125711       0.000406578
              94.9       0.000123355       0.000419618
              95.1       0.000119123       0.000391913
              95.3       0.000120003       0.000402144
              95.5       0.000125425       0.000441383
              95.7       0.000122577       0.000417189
              95.9       0.000113293       0.000377242
              96.1       0.000118182       0.000402453
              96.3       0.000118406       0.000416081
              96.5       0.000113639       0.000389306
              96.7       0.000114744       0.000394912
              96.9       0.000115086       0.000394857
              97.1       0.000112587       0.000402258
              97.3       0.000111207       0.000395607
              97.5        0.00010304        0.00036963
              97.7       0.000108934        0.00039449
              97.9       0.000111666       0.000395588
              98.1       0.000104431       0.000386672
              98.3       0.000105486       0.000382263
              98.5       0.000106241       0.000386827
              98.7       0.000101097       0.000387963
              98.9       0.000104798       0.000400152
              99.1       0.000100874       0.000386293
              99.3       9.95483e-05       0.000366312
              99.5       9.91483e-05       0.000367463
              99.7       9.89881e-05       0.000365364
              99.9       9.95111e-05       0.000388032
             100.1       9.59596e-05       0.000378925
             100.3       9.15491e-05       0.000340125
             100.5       9.88302e-05       0.000380343
             100.7       9.34784e-05       0.000359959
             100.9         9.159e-05       0.000353543
             101.1       8.92383e-05       0.000354727
             101.3       9.00299e-05       0.000342796
             101.5       9.10471e-05       0.000353606
             101.7       8.73404e-05       0.000347397
             101.9       8.57854e-05       0.000345557
             102.1       8.18872e-05       0.000333911
             102.3       8.47829e-05       0.000340825
             102.5       8.62397e-05       0.000343024
             102.7       8.34485e-05       0.000324216
             102.9        8.8853e-05       0.000366432
             103.1       8.11418e-05       0.000329424
             103.3       7.66234e-05       0.000320103
             103.5       7.93102e-05        0.00031679
             103.7       8.14929e-05       0.000336709
             103.9       7.96442e-05        0.00032697
             104.1       7.47411e-05       0.000301918
             104.3       7.57975e-05       0.000306384
             104.5       7.64514e-05       0.000323851
             104.7       7.84105e-05       0.000327047
             104.9       7.24554e-05       0.000302076
             105.1       7.47922e-05       0.000316963
             105.3       7.72814e-05       0.000318867
             105.5       7.25262e-05       0.000312777
             105.7       7.01313e-05       0.000302693
             105.9       7.12113e-05       0.000313567
             106.1       7.18771e-05       0.000310949
             106.3        7.1762e-05       0.000324732
             106.5       7.11124e-05       0.000328419
             106.7         6.819e-05       0.000303464
             106.9       6.95312e-05       0.000307327
             107.1       6.75972e-05        0.00030383
             107.3       6.72245e-05       0.000307553
             107.5       6.48933e-05       0.000289682
             107.7       6.90754e-05       0.000307215
             107.9       6.27928e-05       0.000287133
             108.1       6.21632e-05       0.000291682
             108.3       6.51052e-05       0.000290967
             108.5       6.78083e-05       0.000308239
             108.7       6.24718e-05       0.000282976
             108.9       5.84756e-05       0.000277483
             109.1       6.39484e-05       0.000296863
             109.3       6.15543e-05       0.000282571
             109.5       5.98381e-05       0.000284392
             109.7       5.96736e-05       0.000289647
             109.9        5.8926e-05       0.000277109
             110.1       5.87192e-05       0.000280723
             110.3       6.12627e-05       0.000300534
             110.5       5.77649e-05       0.000279461
             110.7       5.85255e-05       0.000282214
             110.9       5.42893e-05       0.000270325
             111.1       5.49079e-05       0.000277967
             111.3       5.56493e-05       0.000272341
             111.5       5.22136e-05       0.000257495
             111.7       5.26003e-05       0.000257636
             111.9       5.34615e-05       0.000262696
             112.1       5.38006e-05         0.0002663
             112.3       5.55744e-05       0.000286741
             112.5       5.40126e-05       0.000268366
             112.7       4.97513e-05       0.000287236
             112.9       5.09839e-05       0.000259366
             113.1       4.92812e-05       0.000249962
             113.3       5.18741e-05       0.000270475
             113.5       5.05416e-05       0.000257597
             113.7       4.85457e-05        0.00025295
             113.9       4.75778e-05       0.000250518
             114.1       4.94645e-05       0.000253876
             114.3       4.61297e-05        0.00024132
             114.5       4.43249e-05       0.000245127
             114.7       4.63164e-05       0.000249979
             114.9        4.4169e-05       0.000233565
             115.1       4.72869e-05       0.000255233
             115.3       4.57464e-05       0.000243006
             115.5        4.5031e-05       0.000231831
             115.7       4.47243e-05       0.000239438
             115.9       4.45063e-05       0.000244339
             116.1       4.31045e-05       0.000237149
             116.3       4.07343e-05       0.000225159
             116.5       4.41932e-05       0.000234468
             116.7       4.22113e-05       0.000223441
             116.9       4.08868e-05       0.000225004
             117.1       4.15124e-05       0.000228284
             117.3       4.12485e-05       0.000235806
             117.5       4.10915e-05       0.000226618
             117.7       4.01043e-05       0.000229805
             117.9        4.1655e-05       0.000238737
             118.1       4.06413e-05       0.000233767
             118.3       4.05595e-05       0.000222677
             118.5       4.06231e-05       0.000238327
             118.7        3.8655e-05       0.000221066
             118.9       3.66596e-05       0.000213175
             119.1        3.7182e-05       0.000221829
             119.3       3.80816e-05       0.000226848
             119.5        3.8495e-05        0.00022344
             119.7       3.63238e-05       0.000209214
             119.9       3.60997e-05        0.00022697
             120.1       3.72751e-05       0.000234281
             120.3       3.75231e-05       0.000220148
             120.5       3.47066e-05       0.000214511
             120.7       3.29605e-05       0.000197558
             120.9       3.45399e-05       0.000208859
             121.1       3.32093e-05       0.000208971
             121.3        3.4111e-05       0.000208377
             121.5       3.35227e-05       0.000201337
             121.7       3.32685e-05       0.000202888
             121.9       3.53907e-05       0.000217898
             122.1       3.41914e-05       0.000221839
             122.3       3.42715e-05       0.000207231
             122.5       3.38111e-05        0.00022298
             122.7       3.31353e-05       0.000203425
             122.9       3.08143e-05       0.000188133
             123.1       3.07417e-05       0.000195636
             123.3       3.06079e-05       0.000202218
             123.5       3.04936e-05       0.000194312
             123.7       2.84917e-05       0.000175315
             123.9       3.00983e-05       0.000207928
             124.1       3.08865e-05       0.000206734
             124.3       3.00884e-05        0.00019348
             124.5       2.71026e-05       0.000183994
             124.7       3.03029e-05       0.000204904
             124.9        2.8144e-05       0.000187089
             125.1       2.82335e-05       0.000185085
             125.3       2.78115e-05       0.000185693
             125.5       3.03942e-05       0.000199611
             125.7       2.85123e-05       0.000212536
             125.9       2.80508e-05       0.000185163
             126.1       2.82179e-05       0.000202231
             126.3       2.73922e-05       0.000191795
             126.5       2.66769e-05       0.000184759
             126.7       2.66548e-05       0.000185912
             126.9       2.58453e-05       0.000183447
             127.1       2.51405e-05       0.000176412
             127.3       2.49697e-05       0.000179825
             127.5       2.53654e-05       0.000180664
             127.7        2.5513e-05       0.000180572
             127.9       2.59171e-05       0.000181291
             128.1       2.51151e-05       0.000180327
             128.3       2.56612e-05        0.00018419
             128.5       2.56236e-05       0.000182541
             128.7       2.42736e-05       0.000177138
             128.9         2.425e-05       0.000178463
             129.1       2.49367e-05       0.000173706
             129.3       2.26354e-05       0.000165873
             129.5       2.23629e-05       0.000166899
             129.7       2.19605e-05       0.000154131
             129.9       2.30681e-05       0.000166557
             130.1       2.45576e-05       0.000182422
             130.3       2.28939e-05       0.000171901
             130.5       2.33126e-05       0.000162652
             130.7       2.32352e-05       0.000174639
             130.9       2.06358e-05       0.000157031
             131.1       2.11318e-05       0.000169158
             131.3        2.2853e-05        0.00017487
             131.5       1.99862e-05       0.000152014
             131.7       2.14896e-05       0.000168735
             131.9       2.02398e-05       0.000156382
             132.1       2.10547e-05       0.000163344
             132.3       1.87881e-05       0.000148441
             132.5       2.18175e-05       0.000170482
             132.7       2.23114e-05       0.000170868
             132.9       2.00952e-05       0.000164444
             133.1       1.85753e-05       0.000145007
             133.3       1.86599e-05       0.000153511
             133.5       1.91335e-05       0.000141446
             133.7       1.94476e-05       0.000152728
             133.9       1.84223e-05       0.000144806
             134.1       1.96569e-05       0.000162275
             134.3       1.78288e-05       0.000146097
             134.5       1.76421e-05        0.00014412
             134.7       1.91302e-05       0.000159885
             134.9       1.69772e-05       0.000136361
             135.1        1.8834e-05        0.00016212
             135.3       1.82168e-05       0.000149311
             135.5       1.74316e-05        0.00014678
             135.7       1.88772e-05       0.000155087
             135.9       1.78115e-05       0.000149032
             136.1       1.69789e-05       0.000137024
             136.3       1.80396e-05       0.000157675
             136.5       1.73625e-05       0.000149555
             136.7        1.5991e-05       0.000130869
             136.9       1.58314e-05       0.000141775
             137.1       1.58935e-05       0.000139542
             137.3       1.72687e-05       0.000153932
             137.5       1.73609e-05       0.000147845
             137.7       1.62387e-05       0.000143095
             137.9       1.54402e-05       0.000140412
             138.1       1.62227e-05       0.000140871
             138.3       1.62622e-05       0.000158405
             138.5       1.49894e-05       0.000130876
             138.7       1.53426e-05        0.00014205
             138.9       1.55845e-05       0.000147541
             139.1       1.56105e-05       0.000135246
             139.3        1.6738e-05       0.000156011
             139.5       1.50867e-05       0.000141482
             139.7       1.46826e-05       0.000134128
             139.9       1.40107e-05       0.000127512
             140.1       1.39127e-05       0.000129115
             140.3       1.48352e-05       0.000137061
             140.5       1.45077e-05       0.000134277
             140.7       1.33185e-05       0.000134621
             140.9       1.32962e-05       0.000121945
             141.1       1.37042e-05       0.000133273
             141.3       1.48139e-05       0.000135479
             141.5       1.31458e-05       0.000125965
             141.7       1.31964e-05       0.000123007
             141.9       1.37117e-05       0.000128234
             142.1       1.29876e-05       0.000129675
             142.3       1.39482e-05       0.000140068
             142.5       1.39653e-05       0.000129548
             142.7       1.30021e-05       0.000120936
             142.9       1.28594e-05       0.000122741
             143.1       1.34895e-05       0.000136139
             143.3       1.32767e-05       0.000130719
             143.5       1.28458e-05       0.000117269
             143.7       1.31371e-05       0.000127939
             143.9       1.37488e-05        0.00013381
             144.1       1.22158e-05       0.000122068
             144.3       1.04387e-05       0.000105251
             144.5       1.24997e-05       0.000129888
             144.7       1.30331e-05         0.0001353
             144.9       1.15647e-05       0.000117834
             145.1        1.2411e-05       0.000133292
             145.3       1.21336e-05       0.000116341
             145.5       1.14008e-05       0.000120053
             145.7       1.08862e-05       0.000121047
             145.9       1.08271e-05       0.000108172
             146.1       1.23924e-05       0.000125989
             146.3       1.13203e-05       0.000124129
             146.5       1.09308e-05       0.000119961
             146.7       1.17639e-05       0.000118398
             146.9       1.09093e-05       0.000114144
             147.1        1.0726e-05       0.000114552
             147.3       9.27844e-06       0.000101439
             147.5       1.03096e-05        0.00011153
             147.7       9.90352e-06       0.000105033
             147.9       9.80308e-06       0.000105255
             148.1       9.40908e-06       0.000108671
             148.3       1.05693e-05       0.000116432
             148.5       1.05574e-05       0.000119489
             148.7        1.1013e-05       0.000130154
             148.9       1.14364e-05       0.000119505
             149.1       9.78037e-06       0.000114101
             149.3       8.91497e-06       0.000108368
             149.5       1.02528e-05       0.000108457
             149.7        9.4161e-06       0.000111043
             149.9       9.81214e-06       0.000107726
             150.1       9.01974e-06       9.63662e-05
             150.3       1.02434e-05       0.000108689
             150.5       8.68217e-06       0.000102592
             150.7       8.41666e-06       9.28645e-05
             150.9       9.48364e-06       0.000108068
             151.1       9.02701e-06       0.000108665
             151.3       8.84683e-06       0.000107471
             151.5       8.02638e-06       9.19251e-05
             151.7       8.59455e-06        0.00010731
             151.9       7.84006e-06        9.2299e-05
             152.1       8.82963e-06        0.00011021
             152.3       9.45733e-06       0.000111755
             152.5       8.08351e-06       0.000102485
             152.7       8.18427e-06       0.000104909
             152.9        8.4193e-06       9.93257e-05
             153.1       8.62898e-06       9.87474e-05
             153.3       8.56146e-06       0.000105923
             153.5       7.72042e-06        9.8306e-05
             153.7       8.59794e-06       0.000107486
             153.9       7.57479e-06       0.000109759
             154.1       7.79329e-06       9.86024e-05
             154.3       7.31204e-06       9.60729e-05
             154.5        7.9208e-06       9.77572e-05
             154.7       7.96205e-06       0.000102008
             154.9       7.30494e-06       9.42464e-05
             155.1       6.78526e-06       8.85032e-05
             155.3       7.12972e-06       9.07657e-05
             155.5       8.15768e-06       9.49563e-05
             155.7       7.24149e-06       9.07111e-05
             155.9       7.75154e-06       0.000106141
             156.1       6.88224e-06       8.95751e-05
             156.3       8.26439e-06       0.000109977
             156.5       7.66116e-06       9.73632e-05
             156.7       6.57985e-06        0.00010236
             156.9       7.21956e-06       9.45769e-05
             157.1       6.66512e-06        8.5634e-05
             157.3       6.43216e-06       8.68956e-05
             157.5       7.92506e-06       0.000101865
             157.7       6.64021e-06       8.69015e-05
             157.9       6.38636e-06       8.38096e-05
             158.1       6.64299e-06       8.87593e-05
             158.3       7.01679e-06       8.79493e-05
             158.5       6.51995e-06       8.59076e-05
             158.7       6.11793e-06       8.26731e-05
             158.9       6.80069e-06       8.88345e-05
             159.1       6.42798e-06       9.12278e-05
             159.3       6.04941e-06       8.55441e-05
             159.5       6.84171e-06       9.76394e-05
             159.7       5.37527e-06        7.7784e-05
             159.9       5.37142e-06       7.52849e-05
             160.1       6.44257e-06       8.36137e-05
             160.3       6.13777e-06       8.60847e-05
             160.5       6.76527e-06       8.68606e-05
             160.7       5.72916e-06       7.78495e-05
             160.9       6.45859e-06       9.01442e-05
             161.1       5.66258e-06       8.27564e-05
             161.3       5.33172e-06       6.98931e-05
             161.5       5.47691e-06       7.40277e-05
             161.7       5.40381e-06       7.64944e-05
             161.9       5.94757e-06       8.70529e-05
             162.1       5.94469e-06       9.13406e-05
             162.3       5.32382e-06       7.73495e-05
             162.5       5.33918e-06       7.66672e-05
             162.7       5.99621e-06       8.60791e-05
             162.9       5.41255e-06       8.10257e-05
             163.1       4.88653e-06       7.88995e-05
             163.3       5.55642e-06         8.486e-05
             163.5       4.63842e-06        7.3103e-05
             163.7       4.60725e-06       6.48273e-05
             163.9       4.93473e-06          7.98e-05
             164.1       4.75498e-06       6.92102e-05
             164.3       4.98253e-06       7.36599e-05
             164.5       5.09778e-06       7.82315e-05
             164.7       5.21627e-06       8.17028e-05
             164.9       5.18944e-06       8.46422e-05
             165.1       4.76022e-06       8.00346e-05
             165.3        4.6743e-06       7.50914e-05
             165.5       4.78626e-06       7.60801e-05
             165.7       4.66925e-06       7.65728e-05
             165.9       5.19011e-06       7.67591e-05
             166.1       4.89944e-06       7.42734e-05
             166.3       5.35815e-06       8.45782e-05
             166.5       4.32501e-06       7.28126e-05
             166.7       4.76304e-06        7.7141e-05
             166.9       4.49814e-06       7.67227e-05
             167.1       4.32164e-06        6.7054e-05
             167.3       3.73535e-06       6.39359e-05
             167.5       4.55999e-06       6.86855e-05
             167.7       4.64451e-06       7.66576e-05
             167.9       4.88891e-06        8.2442e-05
             168.1       4.40143e-06       7.52844e-05
             168.3        4.5787e-06       7.44331e-05
             168.5       3.59133e-06       5.43848e-05
             168.7       4.25441e-06       6.98065e-05
             168.9       3.92807e-06       6.17018e-05
             169.1        4.5615e-06       8.18687e-05
             169.3        4.0966e-06       6.64448e-05
             169.5       3.96645e-06       6.99729e-05
             169.7       4.39583e-06       6.88887e-05
             169.9       4.00996e-06       6.39214e-05
             170.1       3.61408e-06       6.10451e-05
             170.3       4.17582e-06       6.85397e-05
             170.5       3.50059e-06        6.1218e-05
             170.7       3.58258e-06       6.22376e-05
             170.9        3.9729e-06       6.54223e-05
             171.1       3.62444e-06       6.56039e-05
             171.3       3.56701e-06       5.95668e-05
             171.5       3.95563e-06       6.48778e-05
             171.7       3.73218e-06       6.46048e-05
             171.9        3.3486e-06       6.06736e-05
             172.1       2.96307e-06       5.59059e-05
             172.3       3.58891e-06       6.16047e-05
             172.5       3.58109e-06       6.33995e-05
             172.7        3.9437e-06       6.94272e-05
             172.9       3.62001e-06       6.11554e-05
             173.1       2.73681e-06        5.0672e-05
             173.3       3.18619e-06       6.27698e-05
             173.5       3.64644e-06       6.55844e-05
             173.7       3.64254e-06       6.52838e-05
             173.9       3.52607e-06       6.89191e-05
             174.1       3.35216e-06       5.70476e-05
             174.3       3.85252e-06       7.49541e-05
             174.5       3.64936e-06       6.44196e-05
             174.7       3.58268e-06       7.83259e-05
             174.9       3.46666e-06       5.97851e-05
             175.1       2.94001e-06       5.62639e-05
             175.3       3.35211e-06       6.17231e-05
             175.5        3.5374e-06       6.96242e-05
             175.7       2.84298e-06        5.6021e-05
             175.9       3.20276e-06       6.11126e-05
             176.1       3.02553e-06       5.83333e-05
             176.3       3.30614e-06       6.28401e-05
             176.5       3.38377e-06       6.69211e-05
             176.7        3.4591e-06       6.32438e-05
             176.9       2.59807e-06       5.66714e-05
             177.1       2.69839e-06       5.28994e-05
             177.3        3.2126e-06        6.3183e-05
             177.5       3.26935e-06        6.6164e-05
             177.7       3.34598e-06       6.36205e-05
             177.9       2.63016e-06       5.63631e-05
             178.1       2.36321e-06       4.66698e-05
             178.3       2.93975e-06       5.74814e-05
             178.5       2.51202e-06       5.08378e-05
             178.7       2.64361e-06       4.92425e-05
             178.9       2.66193e-06       5.33029e-05
             179.1        2.5836e-06       5.10219e-05
             179.3       2.21118e-06        4.9133e-05
             179.5       2.39005e-06       4.72055e-05
             179.7       2.89821e-06       5.64783e-05
