               0.1          0.768618          0.027912
               0.3          0.773777         0.0259804
               0.5          0.775609         0.0264091
               0.7          0.775813         0.0295443
               0.9          0.777153         0.0267674
               1.1          0.774561          0.027462
               1.3          0.775701         0.0291165
               1.5          0.772574         0.0270193
               1.7            0.7743         0.0266874
               1.9          0.770939         0.0287258
               2.1          0.772257         0.0260674
               2.3          0.772807         0.0273109
               2.5          0.772111         0.0287159
               2.7          0.768221         0.0276936
               2.9          0.769039         0.0282367
               3.1          0.767276         0.0304784
               3.3          0.766241         0.0347753
               3.5          0.763358          0.031273
               3.7          0.760516         0.0323683
               3.9          0.761008         0.0296155
               4.1          0.758657         0.0305658
               4.3          0.755199         0.0330954
               4.5          0.753328         0.0330881
               4.7          0.752006         0.0328264
               4.9          0.749373          0.032482
               5.1           0.74549         0.0343808
               5.3           0.74325         0.0333384
               5.5          0.741455          0.035751
               5.7          0.735456         0.0371122
               5.9          0.735495         0.0383607
               6.1          0.731538         0.0372254
               6.3           0.72545         0.0388393
               6.5          0.723978         0.0388944
               6.7          0.717994         0.0414161
               6.9          0.712467         0.0412751
               7.1          0.707658         0.0422951
               7.3          0.701081         0.0435246
               7.5          0.696999         0.0482376
               7.7          0.692237         0.0475639
               7.9          0.683542         0.0482711
               8.1          0.675835         0.0501036
               8.3          0.669043         0.0512504
               8.5          0.658573         0.0552021
               8.7          0.650438         0.0582906
               8.9          0.641634         0.0596103
               9.1          0.631956         0.0657309
               9.3          0.619648         0.0658142
               9.5          0.606339         0.0704856
               9.7          0.594264         0.0754121
               9.9          0.576324          0.081698
              10.1          0.561232         0.0873028
              10.3          0.536377          0.100265
              10.5          0.509883          0.113989
              10.7          0.481908          0.125239
              10.9          0.451672          0.135866
              11.1          0.428552          0.142009
              11.3          0.406601           0.14246
              11.5          0.383497          0.143367
              11.7          0.361923          0.144686
              11.9           0.33875          0.141717
              12.1          0.318975          0.141137
              12.3          0.296603          0.138386
              12.5          0.281933          0.134334
              12.7          0.264538          0.127823
              12.9          0.246491          0.121776
              13.1          0.228643          0.115194
              13.3          0.216563          0.109695
              13.5          0.198144         0.0983646
              13.7          0.187493         0.0960304
              13.9          0.174908         0.0881116
              14.1          0.159487         0.0770667
              14.3          0.149789         0.0688199
              14.5          0.137429         0.0637231
              14.7          0.128972         0.0556035
              14.9          0.120282         0.0506041
              15.1          0.113375         0.0472622
              15.3          0.107994         0.0457709
              15.5          0.101015         0.0419168
              15.7         0.0949632         0.0396906
              15.9         0.0895332         0.0368156
              16.1         0.0853399         0.0349926
              16.3         0.0821327         0.0342081
              16.5         0.0771001         0.0317839
              16.7         0.0742172         0.0317092
              16.9         0.0699302         0.0298748
              17.1         0.0666469         0.0275988
              17.3         0.0639489         0.0263329
              17.5         0.0609294         0.0261845
              17.7         0.0581778         0.0245013
              17.9         0.0565423         0.0240004
              18.1         0.0528897         0.0222783
              18.3         0.0518789          0.021835
              18.5         0.0489997         0.0208218
              18.7         0.0474636         0.0208653
              18.9         0.0457195          0.020071
              19.1         0.0434888         0.0189914
              19.3         0.0422397          0.018252
              19.5          0.040797         0.0179196
              19.7         0.0398927          0.018099
              19.9         0.0383018         0.0165455
              20.1         0.0368484         0.0165025
              20.3         0.0353915         0.0156102
              20.5         0.0341407         0.0154674
              20.7         0.0331868         0.0146566
              20.9         0.0320972         0.0143668
              21.1         0.0309684         0.0138286
              21.3         0.0298948         0.0137548
              21.5         0.0288659         0.0136383
              21.7         0.0281777          0.013167
              21.9         0.0275597         0.0128731
              22.1         0.0266183         0.0126948
              22.3         0.0257668         0.0122043
              22.5         0.0249113         0.0115428
              22.7         0.0246257         0.0118123
              22.9         0.0236799         0.0111176
              23.1         0.0228964         0.0114697
              23.3         0.0224412         0.0108939
              23.5         0.0217718         0.0108262
              23.7          0.021008         0.0103667
              23.9         0.0206037         0.0103721
              24.1         0.0200685          0.010337
              24.3         0.0194571        0.00961359
              24.5         0.0192065         0.0096586
              24.7         0.0183115        0.00933829
              24.9         0.0180147        0.00926535
              25.1         0.0178088        0.00936099
              25.3         0.0168463        0.00879507
              25.5         0.0166468        0.00842176
              25.7         0.0164762        0.00857813
              25.9         0.0157246        0.00819288
              26.1         0.0155565        0.00817996
              26.3         0.0150827        0.00789255
              26.5         0.0148207        0.00796235
              26.7         0.0144774        0.00791377
              26.9         0.0141896        0.00758751
              27.1         0.0138509        0.00751823
              27.3          0.013418         0.0074659
              27.5         0.0132253        0.00723536
              27.7          0.012873        0.00731341
              27.9         0.0124458        0.00691615
              28.1         0.0122602        0.00683463
              28.3         0.0119618        0.00689642
              28.5          0.011985        0.00688829
              28.7         0.0116837        0.00685178
              28.9         0.0113193          0.006498
              29.1         0.0109503        0.00624401
              29.3         0.0107715        0.00632749
              29.5          0.010539        0.00607751
              29.7         0.0101796        0.00598442
              29.9         0.0100107        0.00595572
              30.1        0.00998491         0.0061351
              30.3        0.00970665        0.00573913
              30.5        0.00953572        0.00585017
              30.7        0.00945894        0.00576441
              30.9        0.00909388        0.00554909
              31.1        0.00901735        0.00559476
              31.3        0.00878599         0.0056949
              31.5        0.00846201          0.005226
              31.7         0.0084075        0.00531974
              31.9        0.00817152        0.00517403
              32.1        0.00796121        0.00500481
              32.3        0.00785656        0.00504944
              32.5        0.00776708        0.00511893
              32.7        0.00755022        0.00502287
              32.9        0.00740023        0.00479742
              33.1         0.0072889        0.00483258
              33.3        0.00707942        0.00466519
              33.5        0.00698403        0.00460088
              33.7        0.00693783        0.00478694
              33.9        0.00675205        0.00452894
              34.1        0.00662266        0.00451712
              34.3        0.00649785        0.00444597
              34.5         0.0064402        0.00441459
              34.7        0.00632575        0.00434548
              34.9        0.00617753        0.00428979
              35.1        0.00596522        0.00404511
              35.3        0.00592519        0.00415953
              35.5        0.00578306        0.00414001
              35.7        0.00574838         0.0040622
              35.9        0.00558969        0.00402152
              36.1        0.00548794        0.00407781
              36.3        0.00542865        0.00395802
              36.5        0.00532335        0.00388484
              36.7        0.00526362        0.00394176
              36.9        0.00515031        0.00384278
              37.1        0.00504899        0.00389317
              37.3        0.00493714        0.00375607
              37.5        0.00485666        0.00371022
              37.7        0.00477507        0.00355266
              37.9        0.00467899        0.00359376
              38.1        0.00467818        0.00365171
              38.3        0.00453984         0.0034615
              38.5        0.00448188        0.00350778
              38.7        0.00437249        0.00340563
              38.9        0.00439629        0.00356305
              39.1        0.00422584         0.0033214
              39.3        0.00409857        0.00325792
              39.5        0.00411406        0.00331828
              39.7        0.00404909        0.00331034
              39.9        0.00393977        0.00325931
              40.1        0.00392421        0.00322948
              40.3         0.0038195        0.00313751
              40.5        0.00378674         0.0031266
              40.7        0.00373281        0.00315077
              40.9         0.0036119          0.002996
              41.1        0.00356151        0.00302023
              41.3        0.00356304        0.00305553
              41.5        0.00346667        0.00301444
              41.7        0.00339275        0.00289033
              41.9        0.00338748        0.00293786
              42.1        0.00333924        0.00289268
              42.3        0.00320885         0.0028758
              42.5        0.00322927        0.00291178
              42.7         0.0032053        0.00291493
              42.9        0.00309737        0.00274218
              43.1        0.00310275        0.00280079
              43.3        0.00304817        0.00277042
              43.5        0.00294072         0.0026873
              43.7        0.00289742        0.00271419
              43.9        0.00286641        0.00269872
              44.1        0.00284426        0.00263627
              44.3         0.0027872        0.00254896
              44.5        0.00272997        0.00254955
              44.7        0.00268775         0.0025202
              44.9        0.00268406         0.0025898
              45.1        0.00262733        0.00249578
              45.3        0.00257167        0.00248855
              45.5        0.00255996        0.00249651
              45.7        0.00250718        0.00243192
              45.9        0.00242899        0.00236034
              46.1        0.00246717        0.00242206
              46.3        0.00243428         0.0023904
              46.5        0.00236295        0.00238656
              46.7        0.00228063        0.00231859
              46.9        0.00224945        0.00228526
              47.1        0.00224033        0.00229384
              47.3        0.00219829        0.00221848
              47.5        0.00220471        0.00226651
              47.7          0.002152        0.00227858
              47.9        0.00211924         0.0021998
              48.1         0.0020865        0.00224701
              48.3        0.00205691        0.00223047
              48.5        0.00197867        0.00207274
              48.7        0.00201981        0.00214252
              48.9        0.00196829        0.00210023
              49.1        0.00195885        0.00265663
              49.3        0.00189309        0.00207575
              49.5        0.00186231        0.00205017
              49.7        0.00183113        0.00203938
              49.9        0.00182844        0.00199569
              50.1        0.00180179        0.00201155
              50.3        0.00177769         0.0019653
              50.5        0.00175899        0.00194612
              50.7        0.00170089        0.00190378
              50.9        0.00171728        0.00194614
              51.1        0.00168517        0.00195352
              51.3        0.00164892        0.00187719
              51.5        0.00164323         0.0019297
              51.7        0.00159357        0.00183729
              51.9        0.00158269        0.00189064
              52.1        0.00157577        0.00185033
              52.3        0.00153441        0.00177971
              52.5        0.00154213        0.00183245
              52.7        0.00150331        0.00182627
              52.9        0.00146463        0.00178821
              53.1        0.00145855        0.00175189
              53.3        0.00145389        0.00185828
              53.5        0.00141458        0.00173988
              53.7        0.00136218        0.00168038
              53.9          0.001393        0.00174885
              54.1        0.00136867        0.00169053
              54.3        0.00133819        0.00174235
              54.5        0.00130156        0.00164757
              54.7        0.00129984        0.00162382
              54.9        0.00131973        0.00167742
              55.1        0.00126635        0.00161378
              55.3        0.00127334        0.00163377
              55.5        0.00123959        0.00161147
              55.7        0.00120729        0.00157668
              55.9        0.00121102        0.00156648
              56.1        0.00116603        0.00154466
              56.3        0.00119374         0.0016614
              56.5        0.00112691        0.00145899
              56.7         0.0011536        0.00157799
              56.9        0.00112658        0.00153177
              57.1        0.00109998         0.0015124
              57.3        0.00112877        0.00152735
              57.5          0.001053        0.00143809
              57.7        0.00108406        0.00153822
              57.9        0.00106765        0.00148774
              58.1        0.00103527        0.00144146
              58.3        0.00102113        0.00142716
              58.5        0.00100071        0.00144479
              58.7       0.000980017        0.00142414
              58.9       0.000993942        0.00143639
              59.1       0.000980928        0.00138671
              59.3       0.000962511        0.00138152
              59.5       0.000939575        0.00138393
              59.7       0.000932377        0.00137907
              59.9       0.000909782        0.00134732
              60.1       0.000908866        0.00132715
              60.3       0.000906072        0.00135121
              60.5       0.000881553         0.0013012
              60.7        0.00087527        0.00134825
              60.9       0.000869542        0.00134423
              61.1       0.000829131        0.00125793
              61.3       0.000816164        0.00126448
              61.5       0.000840364        0.00129679
              61.7       0.000800081        0.00124098
              61.9       0.000818754        0.00131015
              62.1        0.00079162        0.00123378
              62.3       0.000788481        0.00124326
              62.5       0.000786402        0.00123238
              62.7       0.000759324        0.00121077
              62.9       0.000751055        0.00120537
              63.1       0.000774205        0.00123365
              63.3       0.000750692        0.00121633
              63.5       0.000736095        0.00120826
              63.7       0.000732636        0.00119957
              63.9        0.00073229        0.00120645
              64.1       0.000712414        0.00117807
              64.3       0.000698009        0.00115216
              64.5       0.000672236        0.00111889
              64.7       0.000685648        0.00114233
              64.9       0.000662264        0.00111405
              65.1       0.000663785        0.00115314
              65.3       0.000653928        0.00113176
              65.5       0.000650636        0.00114052
              65.7       0.000637077        0.00113586
              65.9       0.000629354        0.00109273
              66.1       0.000619484        0.00107357
              66.3       0.000598391        0.00107802
              66.5       0.000592045        0.00106065
              66.7       0.000601444        0.00106571
              66.9        0.00060432        0.00108682
              67.1       0.000585389        0.00101412
              67.3        0.00057595        0.00102582
              67.5       0.000547525        0.00100049
              67.7        0.00056598        0.00102703
              67.9       0.000556581        0.00103236
              68.1        0.00056271        0.00106449
              68.3       0.000534778        0.00100271
              68.5       0.000537833        0.00106441
              68.7       0.000540337        0.00101166
              68.9       0.000521023       0.000998828
              69.1       0.000532842       0.000992398
              69.3       0.000509403       0.000959196
              69.5       0.000509111       0.000994047
              69.7       0.000507385       0.000977971
              69.9       0.000500693       0.000986292
              70.1       0.000494554       0.000954041
              70.3       0.000486974       0.000976018
              70.5       0.000463287       0.000909012
              70.7       0.000475241       0.000957821
              70.9       0.000465387       0.000914679
              71.1       0.000470597       0.000934305
              71.3       0.000458091       0.000935087
              71.5       0.000459453       0.000947314
              71.7       0.000442381        0.00090199
              71.9        0.00043947       0.000930509
              72.1       0.000430198       0.000910105
              72.3        0.00041523        0.00082868
              72.5       0.000417291       0.000855063
              72.7         0.0004214       0.000885126
              72.9       0.000423689       0.000920771
              73.1       0.000415303       0.000870814
              73.3       0.000413024       0.000848801
              73.5        0.00040558       0.000869264
              73.7       0.000393851       0.000841374
              73.9       0.000390667       0.000848017
              74.1       0.000388733       0.000834971
              74.3       0.000395169       0.000863665
              74.5       0.000372284       0.000816926
              74.7       0.000377663       0.000857129
              74.9       0.000370447       0.000805663
              75.1       0.000364325       0.000808182
              75.3       0.000358749       0.000804363
              75.5       0.000367065       0.000813082
              75.7       0.000349521       0.000802251
              75.9       0.000342939       0.000771378
              76.1       0.000337772       0.000760599
              76.3       0.000344696       0.000783634
              76.5       0.000331292       0.000766515
              76.7       0.000337551       0.000783018
              76.9       0.000324936       0.000754238
              77.1       0.000322599       0.000765094
              77.3       0.000337265       0.000805949
              77.5       0.000316293       0.000744557
              77.7       0.000314722       0.000753127
              77.9       0.000309588       0.000725428
              78.1       0.000314812       0.000728251
              78.3       0.000300839       0.000720757
              78.5       0.000308711        0.00074316
              78.7       0.000298737       0.000713499
              78.9       0.000296316       0.000726178
              79.1       0.000296876       0.000732686
              79.3       0.000292099       0.000729041
              79.5       0.000292996       0.000725411
              79.7       0.000275379       0.000685867
              79.9       0.000285473       0.000742435
              80.1       0.000270518       0.000674212
              80.3       0.000279257       0.000709621
              80.5       0.000269799        0.00067644
              80.7       0.000263794       0.000669215
              80.9       0.000259784       0.000667287
              81.1       0.000256465       0.000661138
              81.3       0.000251524       0.000646463
              81.5       0.000255906       0.000676649
              81.7       0.000246675       0.000657423
              81.9       0.000246986        0.00065521
              82.1       0.000241154        0.00064425
              82.3       0.000232996       0.000617617
              82.5       0.000237167       0.000631559
              82.7       0.000237906       0.000634114
              82.9        0.00023707       0.000672945
              83.1       0.000236211       0.000658138
              83.3       0.000233032       0.000636808
              83.5       0.000223829       0.000608248
              83.7       0.000221189        0.00061044
              83.9       0.000227352       0.000652029
              84.1       0.000219264       0.000611951
              84.3        0.00021683       0.000614031
              84.5       0.000208821       0.000569478
              84.7        0.00021837       0.000600279
              84.9       0.000212322       0.000592584
              85.1       0.000204106       0.000578075
              85.3       0.000202413       0.000576723
              85.5       0.000199694       0.000579162
              85.7       0.000201309        0.00057882
              85.9       0.000203094       0.000599212
              86.1       0.000198615       0.000579063
              86.3       0.000199252       0.000578205
              86.5       0.000191959       0.000562169
              86.7       0.000193694       0.000584235
              86.9       0.000180494        0.00054849
              87.1       0.000192495        0.00057428
              87.3       0.000183509       0.000556345
              87.5       0.000184698       0.000556873
              87.7       0.000184852       0.000573573
              87.9       0.000179911       0.000545224
              88.1       0.000172881       0.000526787
              88.3       0.000173578       0.000527723
              88.5       0.000176293       0.000555012
              88.7       0.000174963       0.000538615
              88.9       0.000170966       0.000517673
              89.1       0.000169238        0.00053803
              89.3       0.000162308       0.000500522
              89.5       0.000164665       0.000522987
              89.7       0.000166156       0.000516289
              89.9       0.000158497       0.000498573
              90.1       0.000163443       0.000524175
              90.3       0.000154003       0.000500796
              90.5       0.000154634       0.000492957
              90.7       0.000153018       0.000521584
              90.9       0.000153389       0.000519532
              91.1       0.000153171       0.000508863
              91.3       0.000156331       0.000533351
              91.5       0.000151047       0.000519088
              91.7       0.000148999        0.00048994
              91.9       0.000148043        0.00050206
              92.1       0.000146284       0.000570073
              92.3       0.000148588       0.000516858
              92.5       0.000145926       0.000505261
              92.7       0.000136625       0.000452909
              92.9       0.000131321       0.000457028
              93.1       0.000134362       0.000460585
              93.3       0.000139572       0.000498928
              93.5       0.000135326       0.000482644
              93.7        0.00013167       0.000471936
              93.9       0.000127443       0.000447875
              94.1       0.000133495       0.000484509
              94.3       0.000125689       0.000436714
              94.5       0.000124881       0.000449668
              94.7       0.000121141       0.000438113
              94.9       0.000125264       0.000443189
              95.1       0.000122083       0.000432623
              95.3       0.000121449       0.000438969
              95.5       0.000119656       0.000445561
              95.7       0.000122906       0.000455493
              95.9       0.000115678       0.000442144
              96.1       0.000120619       0.000452978
              96.3       0.000118925       0.000438827
              96.5       0.000117446       0.000437814
              96.7       0.000114701       0.000426548
              96.9       0.000113698       0.000417707
              97.1       0.000110761       0.000455863
              97.3       0.000110745       0.000419126
              97.5        0.00010817       0.000426643
              97.7       0.000111866       0.000435507
              97.9       0.000106309       0.000419637
              98.1       0.000107157       0.000417956
              98.3        0.00010571        0.00041384
              98.5       0.000102849       0.000401238
              98.7       0.000103336       0.000404803
              98.9       0.000102088       0.000405324
              99.1       0.000105413       0.000414828
              99.3       0.000100239        0.00039696
              99.5        9.9426e-05       0.000395336
              99.7       9.65303e-05       0.000389273
              99.9       9.44698e-05       0.000395258
             100.1       9.90346e-05       0.000402867
             100.3       9.69294e-05       0.000407545
             100.5       9.63025e-05       0.000391124
             100.7       9.32776e-05        0.00039545
             100.9       9.26395e-05       0.000379533
             101.1       9.17944e-05       0.000390901
             101.3       9.13039e-05       0.000380419
             101.5       8.63516e-05       0.000358737
             101.7       8.44204e-05       0.000345167
             101.9       8.83893e-05       0.000370355
             102.1       8.67765e-05        0.00037012
             102.3        8.5549e-05       0.000367145
             102.5       8.53041e-05       0.000362949
             102.7       8.34422e-05        0.00035849
             102.9        8.0915e-05       0.000351326
             103.1        8.3711e-05       0.000363252
             103.3       8.00655e-05       0.000355875
             103.5        7.9458e-05       0.000354595
             103.7       8.00876e-05       0.000348125
             103.9       7.72044e-05       0.000366872
             104.1       7.91235e-05        0.00034957
             104.3        7.7483e-05       0.000347784
             104.5       7.83912e-05       0.000343948
             104.7       7.79354e-05       0.000341356
             104.9       7.51986e-05       0.000344072
             105.1       7.27534e-05        0.00033203
             105.3       7.25028e-05       0.000346806
             105.5       6.99455e-05       0.000322576
             105.7       7.66888e-05       0.000351974
             105.9       7.67634e-05       0.000347761
             106.1       7.40836e-05       0.000353311
             106.3       6.75724e-05        0.00031159
             106.5       7.38323e-05       0.000344159
             106.7       7.08427e-05       0.000337623
             106.9       6.71168e-05       0.000326299
             107.1       6.73727e-05       0.000333569
             107.3       6.85474e-05       0.000316051
             107.5       6.70167e-05        0.00032701
             107.7       6.33524e-05       0.000301569
             107.9       6.61367e-05       0.000314901
             108.1       6.88095e-05         0.0003427
             108.3       6.09995e-05       0.000312455
             108.5       6.19661e-05       0.000301802
             108.7       6.51834e-05       0.000351716
             108.9       6.42842e-05       0.000316236
             109.1       6.35083e-05       0.000328721
             109.3       6.19975e-05       0.000303931
             109.5       6.30489e-05       0.000321153
             109.7       6.01744e-05         0.0003106
             109.9       5.58741e-05       0.000267816
             110.1       5.85308e-05       0.000306688
             110.3       5.78089e-05       0.000310484
             110.5       5.95779e-05       0.000308109
             110.7       5.64117e-05       0.000286275
             110.9       5.96848e-05       0.000311827
             111.1       5.59937e-05       0.000287381
             111.3        5.7903e-05       0.000297698
             111.5       5.39816e-05       0.000283544
             111.7       5.68933e-05       0.000311256
             111.9       5.38437e-05       0.000288851
             112.1       5.37162e-05       0.000286012
             112.3       5.00019e-05       0.000266184
             112.5       5.16683e-05       0.000279925
             112.7       5.37884e-05       0.000299734
             112.9       5.05251e-05        0.00026917
             113.1       4.93857e-05       0.000271341
             113.3       4.85177e-05       0.000262654
             113.5       5.17918e-05       0.000289342
             113.7       4.77464e-05       0.000261332
             113.9       5.06213e-05       0.000282986
             114.1       4.86389e-05       0.000267001
             114.3       4.64929e-05       0.000266833
             114.5       5.02145e-05       0.000282944
             114.7       4.69829e-05       0.000264775
             114.9       4.63801e-05       0.000263381
             115.1       4.67283e-05       0.000281414
             115.3       4.34277e-05       0.000250926
             115.5       4.38996e-05       0.000251447
             115.7       4.64528e-05       0.000266022
             115.9       4.31411e-05       0.000252896
             116.1       4.76051e-05       0.000283874
             116.3        4.3255e-05       0.000262432
             116.5       4.54693e-05       0.000277543
             116.7       4.40612e-05       0.000253137
             116.9       3.99067e-05       0.000247122
             117.1       4.20573e-05       0.000247695
             117.3        4.2531e-05       0.000266746
             117.5       4.30465e-05       0.000257479
             117.7       4.36619e-05       0.000265509
             117.9       4.27982e-05       0.000252846
             118.1       4.03841e-05       0.000259895
             118.3       3.86117e-05       0.000249915
             118.5       3.96185e-05       0.000244321
             118.7       4.08018e-05       0.000257609
             118.9        4.0514e-05       0.000248559
             119.1       3.80285e-05       0.000247686
             119.3       3.85348e-05       0.000261485
             119.5       3.77562e-05        0.00024149
             119.7       3.75998e-05       0.000238112
             119.9        3.4815e-05       0.000221532
             120.1       3.45604e-05       0.000228249
             120.3       3.78874e-05       0.000242976
             120.5       3.60188e-05       0.000229827
             120.7       3.66403e-05       0.000238111
             120.9       3.57525e-05       0.000232524
             121.1       3.49677e-05       0.000226293
             121.3       3.42544e-05       0.000223723
             121.5       3.43792e-05       0.000222403
             121.7       3.30647e-05       0.000212919
             121.9       3.37988e-05        0.00022806
             122.1       3.65872e-05        0.00025202
             122.3       3.41786e-05       0.000227622
             122.5       3.52959e-05       0.000230861
             122.7       3.08857e-05       0.000201532
             122.9       3.30223e-05       0.000224064
             123.1       3.25067e-05        0.00021809
             123.3       3.28382e-05       0.000231724
             123.5       3.16447e-05       0.000222787
             123.7       3.03803e-05       0.000219085
             123.9       3.18132e-05       0.000224981
             124.1       3.12137e-05       0.000204219
             124.3       2.98789e-05       0.000214946
             124.5       2.91616e-05       0.000214933
             124.7       2.89705e-05       0.000202179
             124.9        2.9132e-05       0.000214142
             125.1       2.93924e-05        0.00020665
             125.3          2.82e-05       0.000200613
             125.5       3.02996e-05       0.000217914
             125.7       2.73409e-05       0.000199767
             125.9       2.73001e-05       0.000200822
             126.1       2.73912e-05       0.000192604
             126.3       2.80783e-05       0.000206029
             126.5       2.82963e-05       0.000216176
             126.7        2.7034e-05        0.00019788
             126.9       2.49207e-05       0.000179924
             127.1       2.79888e-05       0.000198135
             127.3       2.66101e-05       0.000201955
             127.5        2.5688e-05       0.000194006
             127.7       2.49787e-05       0.000186297
             127.9       2.75095e-05       0.000203687
             128.1       2.55066e-05       0.000191462
             128.3       2.63595e-05       0.000203151
             128.5       2.39881e-05       0.000193108
             128.7       2.25193e-05       0.000169623
             128.9       2.45337e-05       0.000187582
             129.1       2.36643e-05       0.000189172
             129.3       2.38104e-05       0.000192259
             129.5       2.21145e-05       0.000175941
             129.7          2.32e-05       0.000184747
             129.9       2.35112e-05       0.000189524
             130.1       2.23568e-05       0.000180432
             130.3       2.27781e-05       0.000185708
             130.5        2.2054e-05       0.000176645
             130.7       2.14473e-05       0.000168382
             130.9       2.21941e-05       0.000182066
             131.1       2.07278e-05       0.000168962
             131.3       2.40755e-05       0.000196491
             131.5       2.26654e-05       0.000185461
             131.7       2.18194e-05       0.000187048
             131.9       1.94099e-05       0.000164027
             132.1       2.14237e-05       0.000183399
             132.3        2.0379e-05       0.000169495
             132.5       2.19771e-05       0.000187173
             132.7       2.16803e-05       0.000181921
             132.9       2.07589e-05       0.000184948
             133.1       1.90219e-05       0.000161685
             133.3       1.84509e-05       0.000157604
             133.5       1.79731e-05       0.000162094
             133.7       2.07379e-05       0.000186923
             133.9       1.99767e-05        0.00017359
             134.1       1.98471e-05       0.000178485
             134.3        2.1008e-05       0.000188707
             134.5       1.86819e-05       0.000156787
             134.7       1.79642e-05       0.000165097
             134.9       1.92064e-05       0.000170501
             135.1       1.90439e-05        0.00018203
             135.3       1.85988e-05       0.000166524
             135.5       1.92799e-05       0.000172474
             135.7       1.77629e-05        0.00015731
             135.9        1.6641e-05       0.000168262
             136.1       1.79289e-05       0.000159473
             136.3       1.83104e-05       0.000168719
             136.5       1.66526e-05       0.000149154
             136.7       1.72144e-05       0.000157579
             136.9       1.78278e-05       0.000156827
             137.1       1.66989e-05       0.000150427
             137.3       1.77242e-05        0.00016637
             137.5       1.73934e-05       0.000171292
             137.7        1.6103e-05       0.000166261
             137.9       1.57159e-05       0.000161265
             138.1       1.56465e-05       0.000152175
             138.3       1.47092e-05       0.000141737
             138.5       1.53903e-05       0.000153038
             138.7       1.63838e-05       0.000149643
             138.9       1.64276e-05       0.000153775
             139.1       1.60259e-05         0.0001508
             139.3       1.48117e-05       0.000138416
             139.5       1.52249e-05       0.000162838
             139.7       1.48698e-05       0.000137047
             139.9       1.56567e-05       0.000158401
             140.1       1.68856e-05       0.000164235
             140.3       1.42702e-05       0.000135985
             140.5       1.34216e-05        0.00013393
             140.7       1.28552e-05       0.000128785
             140.9       1.39458e-05        0.00014188
             141.1       1.30246e-05       0.000131494
             141.3       1.32864e-05       0.000134912
             141.5       1.35397e-05       0.000140145
             141.7       1.35769e-05       0.000145233
             141.9       1.43408e-05        0.00015691
             142.1       1.33645e-05       0.000139479
             142.3       1.20729e-05       0.000137524
             142.5       1.36304e-05       0.000142428
             142.7       1.24367e-05       0.000131379
             142.9       1.21398e-05       0.000126847
             143.1       1.35922e-05       0.000139678
             143.3       1.18128e-05       0.000128635
             143.5       1.19273e-05       0.000127308
             143.7       1.35269e-05        0.00015319
             143.9       1.17376e-05       0.000122387
             144.1       1.11252e-05       0.000121681
             144.3       1.15228e-05       0.000122883
             144.5       1.12541e-05       0.000119161
             144.7       1.14547e-05       0.000124158
             144.9       1.14128e-05       0.000126746
             145.1       1.17018e-05       0.000138656
             145.3       1.25778e-05       0.000138704
             145.5        1.1255e-05       0.000133863
             145.7       1.11199e-05       0.000120054
             145.9       1.09266e-05       0.000121057
             146.1       1.12216e-05       0.000127852
             146.3       1.02493e-05        0.00012581
             146.5       1.03443e-05        0.00012029
             146.7       1.08287e-05       0.000117737
             146.9       1.01729e-05       0.000113355
             147.1       1.10137e-05       0.000135146
             147.3       9.02595e-06       0.000103851
             147.5       1.08773e-05       0.000126757
             147.7       1.04824e-05       0.000119343
             147.9       1.03752e-05       0.000124754
             148.1       9.58022e-06       0.000118029
             148.3       9.58324e-06       0.000107847
             148.5       9.64377e-06       0.000107988
             148.7       1.00138e-05       0.000118376
             148.9       1.06361e-05       0.000128205
             149.1       1.01151e-05        0.00012941
             149.3       9.46743e-06       0.000113866
             149.5       9.18067e-06       0.000113276
             149.7       9.31664e-06       0.000114505
             149.9       9.24364e-06       0.000113314
             150.1       9.65889e-06       0.000118482
             150.3        9.8167e-06       0.000123821
             150.5       8.90514e-06       0.000108008
             150.7       9.74079e-06       0.000114167
             150.9        8.3832e-06       0.000110763
             151.1       9.57308e-06       0.000112375
             151.3        8.1434e-06       9.84964e-05
             151.5       9.01585e-06       0.000125451
             151.7       9.29514e-06       0.000118971
             151.9       9.04574e-06       0.000116694
             152.1       9.49911e-06       0.000119412
             152.3       8.78961e-06       0.000111746
             152.5       8.05334e-06       0.000116944
             152.7        8.3181e-06       0.000107368
             152.9        8.9726e-06       0.000112381
             153.1       8.33479e-06        0.00010954
             153.3       8.29637e-06        0.00011202
             153.5       8.08719e-06       0.000103498
             153.7       7.11523e-06       9.14059e-05
             153.9        8.2835e-06       9.98108e-05
             154.1       8.89807e-06       0.000129323
             154.3       7.11472e-06       9.61583e-05
             154.5       7.96882e-06       0.000106652
             154.7       7.69591e-06       0.000100634
             154.9       6.91784e-06       9.44509e-05
             155.1       7.84995e-06       0.000100376
             155.3        7.3926e-06       9.95155e-05
             155.5       7.84596e-06       9.96593e-05
             155.7       7.09966e-06       9.42027e-05
             155.9       6.13583e-06       8.70461e-05
             156.1       7.07569e-06       9.60718e-05
             156.3       7.42793e-06       9.46871e-05
             156.5       7.42994e-06       0.000109383
             156.7       7.94846e-06       0.000109318
             156.9       7.51107e-06       0.000107541
             157.1       7.55541e-06       0.000106582
             157.3       6.35602e-06       8.73265e-05
             157.5       6.99108e-06       0.000108147
             157.7       7.11922e-06       9.51596e-05
             157.9       6.57857e-06       9.12214e-05
             158.1       5.65569e-06        8.2484e-05
             158.3       6.45526e-06       9.69858e-05
             158.5       6.45293e-06       9.63366e-05
             158.7       5.82558e-06       8.17503e-05
             158.9       6.42179e-06       9.11861e-05
             159.1       7.50204e-06       0.000110818
             159.3       5.95771e-06       9.73613e-05
             159.5       5.74155e-06       8.37788e-05
             159.7       6.71747e-06       9.70335e-05
             159.9       5.73887e-06       9.02412e-05
             160.1        5.7031e-06       8.65702e-05
             160.3       5.56174e-06       9.07369e-05
             160.5       5.06061e-06       7.84536e-05
             160.7       6.94126e-06       0.000107557
             160.9       5.12099e-06       8.07805e-05
             161.1       5.69993e-06       9.30821e-05
             161.3       6.29449e-06         9.415e-05
             161.5       5.74109e-06       9.08571e-05
             161.7       5.82253e-06       8.98933e-05
             161.9       5.82764e-06       8.90122e-05
             162.1       5.59473e-06       8.38017e-05
             162.3       5.45166e-06       8.98377e-05
             162.5       5.62451e-06       8.82984e-05
             162.7       4.34712e-06       6.87892e-05
             162.9       5.80793e-06       8.34967e-05
             163.1       5.32911e-06       8.28706e-05
             163.3       5.17417e-06       8.00267e-05
             163.5       4.75629e-06       7.21581e-05
             163.7       5.48224e-06       9.51062e-05
             163.9        5.3185e-06       8.71654e-05
             164.1        5.2399e-06       8.46418e-05
             164.3       5.77294e-06       8.92941e-05
             164.5       5.38503e-06        9.2722e-05
             164.7       5.12836e-06       8.57969e-05
             164.9       4.62272e-06       8.06385e-05
             165.1       5.15373e-06       8.40926e-05
             165.3       5.00678e-06       8.79504e-05
             165.5       4.59474e-06       8.49533e-05
             165.7       5.80474e-06       8.75745e-05
             165.9       4.82785e-06       8.09338e-05
             166.1       4.39672e-06       7.54104e-05
             166.3       4.82741e-06       7.99649e-05
             166.5       5.22021e-06       9.30488e-05
             166.7       4.40183e-06       8.08191e-05
             166.9       4.41194e-06        7.8769e-05
             167.1         4.866e-06       8.46782e-05
             167.3       4.68594e-06       7.65212e-05
             167.5       4.29656e-06       7.39789e-05
             167.7          4.51e-06       7.18008e-05
             167.9       3.72188e-06       6.69003e-05
             168.1       4.57982e-06       7.08866e-05
             168.3        3.7095e-06       6.54608e-05
             168.5       3.81111e-06       7.18896e-05
             168.7       4.58299e-06       7.47862e-05
             168.9       3.94037e-06       7.01231e-05
             169.1        4.0175e-06       8.01343e-05
             169.3       3.58135e-06       6.35851e-05
             169.5       3.89851e-06       7.46295e-05
             169.7       3.97056e-06       7.21308e-05
             169.9       3.78091e-06       6.83642e-05
             170.1       3.88418e-06       6.73073e-05
             170.3       3.86708e-06       6.64755e-05
             170.5       3.72751e-06       6.59898e-05
             170.7       4.55324e-06       8.62237e-05
             170.9       3.90606e-06       6.97901e-05
             171.1       4.08952e-06       7.79549e-05
             171.3        3.8169e-06       6.91384e-05
             171.5       3.96757e-06       7.96161e-05
             171.7        3.3737e-06        6.9389e-05
             171.9       3.43016e-06       6.40539e-05
             172.1        3.7192e-06       6.62524e-05
             172.3        3.2971e-06        6.2676e-05
             172.5       3.07456e-06         6.643e-05
             172.7       3.52954e-06       6.99745e-05
             172.9       3.59224e-06       7.00591e-05
             173.1       3.12882e-06       5.73119e-05
             173.3       2.91534e-06       5.98896e-05
             173.5       3.65434e-06       7.33084e-05
             173.7       3.47631e-06       7.00943e-05
             173.9       3.87429e-06       7.23111e-05
             174.1       3.53248e-06       6.79475e-05
             174.3       4.49747e-06       8.33682e-05
             174.5       2.79825e-06       5.65213e-05
             174.7       2.97599e-06       5.61394e-05
             174.9       3.92538e-06       8.15344e-05
             175.1       3.70101e-06       8.44431e-05
             175.3       3.14981e-06       6.01125e-05
             175.5       2.30864e-06       4.94881e-05
             175.7       2.92446e-06       6.17597e-05
             175.9       3.28989e-06       6.61738e-05
             176.1        2.8095e-06       5.95992e-05
             176.3       2.93025e-06       5.67605e-05
             176.5        2.8471e-06        6.1839e-05
             176.7       3.18903e-06       6.73482e-05
             176.9       3.22411e-06       6.52941e-05
             177.1       2.97116e-06       6.12304e-05
             177.3       2.51105e-06       5.28567e-05
             177.5       2.60183e-06        5.1464e-05
             177.7       2.98295e-06       6.77956e-05
             177.9       3.00748e-06       6.01787e-05
             178.1       3.11866e-06       5.89915e-05
             178.3       3.30413e-06       6.81597e-05
             178.5       2.56934e-06       6.27909e-05
             178.7       3.13726e-06       6.35933e-05
             178.9       2.98282e-06       6.78615e-05
             179.1       2.54416e-06       5.45917e-05
             179.3       2.58728e-06       5.15469e-05
             179.5       2.65124e-06       5.56339e-05
             179.7       2.68079e-06       5.85262e-05
