               0.1          0.773676         0.0264317
               0.3          0.781839         0.0267502
               0.5          0.772345         0.0240494
               0.7          0.775146          0.027259
               0.9          0.772286         0.0310817
               1.1          0.775499         0.0285023
               1.3          0.776417         0.0268904
               1.5          0.774718          0.026531
               1.7          0.774374         0.0275029
               1.9          0.775305         0.0282634
               2.1          0.773758         0.0303551
               2.3          0.769372         0.0294355
               2.5          0.771234         0.0276985
               2.7          0.770054         0.0280346
               2.9          0.766524         0.0274675
               3.1          0.767383         0.0272557
               3.3           0.76548         0.0295407
               3.5          0.763935         0.0298629
               3.7          0.762211         0.0309571
               3.9          0.759737          0.030706
               4.1          0.759497         0.0309132
               4.3          0.755471         0.0309809
               4.5          0.753901         0.0324282
               4.7          0.751421         0.0311471
               4.9          0.749036         0.0327093
               5.1          0.749689         0.0327643
               5.3          0.743652         0.0333948
               5.5          0.738963         0.0348761
               5.7          0.737268         0.0353499
               5.9          0.733721         0.0367849
               6.1          0.730292         0.0354596
               6.3          0.724525         0.0368724
               6.5          0.720478         0.0379672
               6.7            0.7181         0.0405124
               6.9          0.714586         0.0391791
               7.1          0.708151         0.0412004
               7.3          0.700034         0.0418415
               7.5          0.694822         0.0448749
               7.7          0.690798         0.0459836
               7.9          0.684685         0.0459531
               8.1          0.678133         0.0481113
               8.3          0.666797         0.0507506
               8.5          0.659823         0.0549264
               8.7          0.650655         0.0550099
               8.9          0.641236         0.0583808
               9.1          0.631525         0.0629679
               9.3          0.618978         0.0652402
               9.5          0.609374         0.0686077
               9.7          0.596292         0.0740483
               9.9           0.57975           0.07924
              10.1          0.559889         0.0881099
              10.3          0.540069         0.0945828
              10.5          0.506314          0.112271
              10.7           0.48294           0.12458
              10.9          0.456891          0.132414
              11.1          0.429376          0.137272
              11.3          0.403598          0.141132
              11.5          0.384252          0.144475
              11.7          0.361804          0.141477
              11.9          0.339259          0.140617
              12.1          0.324228           0.14032
              12.3          0.298757          0.137126
              12.5          0.279719          0.130277
              12.7          0.266712          0.127646
              12.9          0.246276          0.120757
              13.1           0.22614          0.113398
              13.3          0.214979          0.107431
              13.5          0.200878          0.101233
              13.7          0.184699         0.0921343
              13.9          0.173848         0.0856553
              14.1          0.163774         0.0788532
              14.3           0.14943          0.068214
              14.5            0.1398         0.0638261
              14.7          0.132378         0.0585053
              14.9          0.120335         0.0507615
              15.1          0.115451         0.0485677
              15.3          0.108109         0.0448355
              15.5          0.100753         0.0416377
              15.7         0.0952532         0.0387622
              15.9          0.088846         0.0351916
              16.1         0.0855525         0.0349797
              16.3         0.0809664         0.0325737
              16.5         0.0773873         0.0305015
              16.7         0.0732714          0.029354
              16.9         0.0706823         0.0290347
              17.1         0.0670403         0.0277495
              17.3         0.0640188         0.0267122
              17.5         0.0608117         0.0246702
              17.7         0.0582276         0.0236255
              17.9         0.0558423         0.0232206
              18.1         0.0533478         0.0219289
              18.3         0.0514163         0.0215768
              18.5         0.0494111         0.0204893
              18.7         0.0472682         0.0198329
              18.9          0.045494         0.0189257
              19.1         0.0441674         0.0185052
              19.3         0.0418087         0.0177142
              19.5         0.0410154         0.0177583
              19.7         0.0392203         0.0167387
              19.9         0.0377459         0.0165302
              20.1         0.0367118         0.0157533
              20.3         0.0352353         0.0150219
              20.5         0.0344361         0.0150995
              20.7         0.0333173         0.0150719
              20.9          0.032041         0.0139461
              21.1         0.0307525         0.0142458
              21.3         0.0295931         0.0135699
              21.5         0.0289895         0.0131668
              21.7         0.0280745         0.0127007
              21.9         0.0274716         0.0124864
              22.1         0.0265912         0.0122474
              22.3         0.0256826         0.0114917
              22.5         0.0248228         0.0114174
              22.7         0.0241731         0.0112078
              22.9         0.0235291          0.010824
              23.1         0.0229125         0.0109328
              23.3         0.0221733         0.0101797
              23.5         0.0217563         0.0101082
              23.7         0.0210026         0.0100304
              23.9         0.0207381        0.00996595
              24.1         0.0198596        0.00971755
              24.3         0.0195323        0.00946682
              24.5         0.0189541        0.00939968
              24.7         0.0185857        0.00913454
              24.9         0.0181421        0.00920715
              25.1         0.0174748         0.0084588
              25.3         0.0172944        0.00867575
              25.5          0.016915        0.00856828
              25.7         0.0161737         0.0081225
              25.9         0.0161249        0.00849588
              26.1         0.0156278          0.008085
              26.3         0.0151458        0.00784773
              26.5         0.0147438        0.00759414
              26.7         0.0145929        0.00767145
              26.9         0.0139969        0.00735783
              27.1         0.0138149        0.00729221
              27.3         0.0134966        0.00720163
              27.5         0.0130877        0.00706207
              27.7         0.0128137        0.00664934
              27.9         0.0126059        0.00686252
              28.1          0.012225        0.00677336
              28.3         0.0118918        0.00643403
              28.5         0.0119229        0.00648459
              28.7          0.011669        0.00651048
              28.9          0.011317          0.006366
              29.1         0.0111127        0.00633894
              29.3         0.0107391        0.00606015
              29.5          0.010509        0.00603376
              29.7         0.0103567        0.00592691
              29.9         0.0101402        0.00604595
              30.1        0.00984213        0.00582301
              30.3        0.00965026        0.00560978
              30.5        0.00949565        0.00570772
              30.7        0.00934409          0.005511
              30.9        0.00911341         0.0053467
              31.1        0.00879974        0.00522904
              31.3        0.00875616        0.00519677
              31.5        0.00868301        0.00547698
              31.7        0.00833501        0.00506815
              31.9        0.00823382        0.00498834
              32.1        0.00814181         0.0051856
              32.3        0.00800209        0.00502467
              32.5        0.00770199        0.00475784
              32.7        0.00761789        0.00487986
              32.9        0.00744014         0.0046538
              33.1        0.00728716        0.00467945
              33.3        0.00716221         0.0045946
              33.5        0.00707562        0.00448903
              33.7         0.0069214        0.00449971
              33.9        0.00676474        0.00439748
              34.1        0.00660774        0.00426917
              34.3        0.00654974        0.00440691
              34.5        0.00626096        0.00415755
              34.7         0.0063298        0.00427571
              34.9        0.00611728        0.00435368
              35.1        0.00614723        0.00425152
              35.3        0.00593572        0.00412944
              35.5        0.00580567        0.00401152
              35.7        0.00571463        0.00394116
              35.9        0.00561916        0.00386169
              36.1        0.00554788        0.00392877
              36.3        0.00550528        0.00388668
              36.5        0.00524861        0.00380529
              36.7        0.00528125        0.00376731
              36.9        0.00507181         0.0037055
              37.1        0.00495847        0.00364913
              37.3        0.00501588         0.0036192
              37.5        0.00481978        0.00349181
              37.7        0.00480621        0.00361983
              37.9        0.00466707        0.00348169
              38.1        0.00464224        0.00346391
              38.3        0.00457672        0.00344995
              38.5        0.00448067        0.00345036
              38.7        0.00438345        0.00334678
              38.9        0.00432994        0.00332456
              39.1        0.00424508        0.00331604
              39.3        0.00415668        0.00324843
              39.5        0.00413449        0.00322311
              39.7        0.00402928        0.00314211
              39.9        0.00396417        0.00312412
              40.1        0.00384459        0.00302565
              40.3        0.00386116        0.00309138
              40.5        0.00377443         0.0031135
              40.7        0.00367649        0.00302396
              40.9        0.00364861        0.00294881
              41.1        0.00358721        0.00294203
              41.3        0.00354712        0.00297321
              41.5        0.00348944        0.00292207
              41.7        0.00339495        0.00277671
              41.9        0.00333729        0.00276198
              42.1        0.00325948        0.00287854
              42.3        0.00324155        0.00282651
              42.5        0.00318924        0.00279972
              42.7        0.00312428         0.0028079
              42.9        0.00310371        0.00268451
              43.1        0.00304608        0.00272339
              43.3        0.00303082        0.00268928
              43.5         0.0029822        0.00262474
              43.7        0.00289188        0.00259159
              43.9        0.00285351        0.00256117
              44.1        0.00283157        0.00252707
              44.3        0.00275909        0.00249675
              44.5        0.00270903        0.00250049
              44.7        0.00265536        0.00237437
              44.9        0.00265654        0.00248292
              45.1        0.00261144        0.00244071
              45.3        0.00253772        0.00242342
              45.5        0.00254863        0.00240353
              45.7         0.0025143         0.0024055
              45.9         0.0024882        0.00240295
              46.1        0.00242002        0.00237706
              46.3        0.00238771        0.00231092
              46.5        0.00233447        0.00224616
              46.7        0.00230258        0.00227645
              46.9        0.00228501        0.00230669
              47.1        0.00222798        0.00213175
              47.3        0.00219871        0.00224007
              47.5        0.00218455        0.00216868
              47.7        0.00213637        0.00214115
              47.9         0.0021274        0.00220272
              48.1        0.00203675        0.00210074
              48.3        0.00205553        0.00211292
              48.5         0.0020391        0.00210233
              48.7        0.00197709        0.00204984
              48.9         0.0019503        0.00204764
              49.1        0.00194152        0.00200518
              49.3        0.00192295        0.00206365
              49.5        0.00186647        0.00198278
              49.7        0.00183442        0.00195034
              49.9        0.00182017        0.00194241
              50.1         0.0017707        0.00194907
              50.3        0.00177217         0.0019551
              50.5        0.00172041        0.00193361
              50.7        0.00172965        0.00197088
              50.9        0.00172918        0.00193115
              51.1        0.00167885        0.00185354
              51.3         0.0016366        0.00184556
              51.5        0.00163149        0.00185669
              51.7        0.00160656        0.00182006
              51.9        0.00158089        0.00182426
              52.1        0.00153039        0.00175105
              52.3        0.00153105        0.00179791
              52.5        0.00155466        0.00181875
              52.7        0.00148029        0.00173791
              52.9        0.00149183        0.00175441
              53.1        0.00142715        0.00176546
              53.3        0.00144073        0.00169549
              53.5        0.00140308        0.00167444
              53.7        0.00137377        0.00166452
              53.9        0.00138715        0.00168045
              54.1        0.00134252        0.00167317
              54.3        0.00128996         0.0016117
              54.5        0.00131112        0.00161228
              54.7        0.00131196        0.00163549
              54.9        0.00128699        0.00160013
              55.1          0.001287        0.00164056
              55.3        0.00124442        0.00157233
              55.5        0.00121871        0.00153617
              55.7        0.00121074        0.00156472
              55.9        0.00119539        0.00153511
              56.1        0.00118318        0.00152038
              56.3        0.00115548        0.00151203
              56.5        0.00113086        0.00147059
              56.7        0.00114535         0.0015027
              56.9        0.00110405        0.00146442
              57.1        0.00107549        0.00142803
              57.3        0.00111477        0.00153212
              57.5        0.00107373        0.00146009
              57.7        0.00106178        0.00146591
              57.9         0.0010494        0.00143437
              58.1        0.00103797        0.00139059
              58.3        0.00102525        0.00140274
              58.5        0.00101788        0.00142875
              58.7       0.000993067        0.00136222
              58.9       0.000987442        0.00138724
              59.1       0.000970698        0.00136773
              59.3       0.000964202        0.00135249
              59.5       0.000959864        0.00139267
              59.7       0.000925086        0.00136611
              59.9       0.000914343        0.00130488
              60.1       0.000891422        0.00128092
              60.3        0.00090453        0.00133071
              60.5         0.0008908        0.00127721
              60.7       0.000882921         0.0013109
              60.9       0.000838516        0.00122324
              61.1       0.000825089        0.00122129
              61.3       0.000838108        0.00125877
              61.5         0.0008399        0.00127348
              61.7       0.000790348         0.0011856
              61.9       0.000809653        0.00123758
              62.1       0.000808323        0.00122857
              62.3       0.000780676        0.00116155
              62.5        0.00079829        0.00121559
              62.7       0.000768785        0.00119491
              62.9       0.000767255        0.00118309
              63.1       0.000754787        0.00120125
              63.3       0.000741656        0.00117876
              63.5       0.000721271        0.00130121
              63.7       0.000730836        0.00119366
              63.9        0.00071213        0.00111505
              64.1       0.000725816        0.00116813
              64.3       0.000693966        0.00113511
              64.5       0.000691221        0.00113916
              64.7       0.000696373        0.00115938
              64.9       0.000669238        0.00112535
              65.1       0.000667617        0.00113844
              65.3       0.000655947        0.00109637
              65.5       0.000657592        0.00106945
              65.7       0.000649453        0.00105825
              65.9       0.000630767        0.00111974
              66.1       0.000622596        0.00105619
              66.3       0.000620656        0.00105425
              66.5       0.000612687        0.00106133
              66.7       0.000593721        0.00100756
              66.9       0.000592782        0.00102041
              67.1       0.000588166        0.00102894
              67.3       0.000573215        0.00100707
              67.5       0.000562865        0.00100935
              67.7       0.000565314        0.00101919
              67.9       0.000546361       0.000951083
              68.1       0.000555524        0.00100119
              68.3       0.000539217       0.000958265
              68.5       0.000528484       0.000946757
              68.7       0.000541531       0.000974851
              68.9       0.000515602       0.000957591
              69.1       0.000515966       0.000968506
              69.3       0.000524806       0.000984977
              69.5       0.000495898       0.000937181
              69.7       0.000490778       0.000892908
              69.9       0.000483492       0.000892462
              70.1       0.000491689       0.000926738
              70.3       0.000482201       0.000931375
              70.5       0.000482318       0.000923071
              70.7       0.000466865       0.000872709
              70.9       0.000455356       0.000871502
              71.1        0.00045028       0.000873209
              71.3       0.000450218       0.000866377
              71.5       0.000453533       0.000882797
              71.7       0.000442665        0.00086515
              71.9       0.000446886       0.000911582
              72.1       0.000424031       0.000859748
              72.3       0.000432587       0.000862902
              72.5       0.000423901       0.000867288
              72.7       0.000424039       0.000873569
              72.9       0.000420061       0.000858117
              73.1       0.000405505       0.000818942
              73.3        0.00040904       0.000847876
              73.5       0.000395195        0.00081605
              73.7       0.000402011       0.000834977
              73.9       0.000390638        0.00081519
              74.1       0.000381246       0.000786084
              74.3       0.000383592       0.000797314
              74.5       0.000385326       0.000814609
              74.7        0.00036503       0.000784425
              74.9       0.000372672       0.000793279
              75.1       0.000365532       0.000778982
              75.3       0.000352664       0.000746282
              75.5       0.000358235       0.000792522
              75.7       0.000356656       0.000790938
              75.9       0.000352357         0.0007557
              76.1       0.000337469       0.000760309
              76.3       0.000338706       0.000756651
              76.5       0.000336629       0.000747495
              76.7       0.000327907        0.00073972
              76.9       0.000339691       0.000769988
              77.1        0.00032541       0.000728499
              77.3       0.000319746       0.000735747
              77.5       0.000316316       0.000750103
              77.7       0.000322727       0.000770109
              77.9       0.000314729       0.000800779
              78.1       0.000295986       0.000687283
              78.3       0.000299082       0.000677286
              78.5       0.000297079        0.00069576
              78.7       0.000298988        0.00071536
              78.9       0.000296427       0.000709266
              79.1       0.000289574       0.000686178
              79.3       0.000289424       0.000682522
              79.5       0.000282255       0.000680711
              79.7       0.000293048       0.000704137
              79.9       0.000283538       0.000702819
              80.1       0.000271978       0.000727852
              80.3       0.000262684       0.000643971
              80.5       0.000268083       0.000665187
              80.7       0.000268081       0.000675698
              80.9       0.000268025       0.000669988
              81.1       0.000260866       0.000684866
              81.3       0.000251522       0.000644938
              81.5       0.000258845       0.000646486
              81.7       0.000260849       0.000659157
              81.9       0.000243433       0.000612854
              82.1       0.000242093       0.000653737
              82.3       0.000250169       0.000650149
              82.5        0.00024205       0.000630274
              82.7       0.000250162       0.000666338
              82.9       0.000233773       0.000614064
              83.1       0.000226649       0.000603156
              83.3       0.000234263       0.000602858
              83.5       0.000227765       0.000593699
              83.7       0.000223705       0.000610153
              83.9       0.000227079       0.000617253
              84.1       0.000223108       0.000645632
              84.3       0.000224983       0.000628004
              84.5       0.000217542       0.000600031
              84.7       0.000208494       0.000586263
              84.9       0.000217278       0.000588334
              85.1       0.000209557       0.000590154
              85.3       0.000204495       0.000554657
              85.5       0.000206048       0.000570936
              85.7       0.000205607       0.000607522
              85.9       0.000204318       0.000575794
              86.1       0.000193316        0.00053932
              86.3       0.000199215        0.00057313
              86.5       0.000189783       0.000555206
              86.7       0.000188592       0.000540422
              86.9       0.000188072        0.00055188
              87.1       0.000186689       0.000544073
              87.3       0.000184685       0.000540377
              87.5       0.000180152       0.000535396
              87.7       0.000182919       0.000539412
              87.9       0.000184597       0.000550165
              88.1       0.000181725       0.000544493
              88.3       0.000170551       0.000519742
              88.5       0.000172307       0.000519755
              88.7       0.000169154       0.000525445
              88.9       0.000170626       0.000506727
              89.1       0.000173118       0.000533968
              89.3       0.000166254       0.000533697
              89.5       0.000166286       0.000525646
              89.7       0.000164952       0.000506979
              89.9        0.00016669       0.000523369
              90.1       0.000152072         0.0004776
              90.3       0.000162462       0.000513668
              90.5       0.000159236       0.000504722
              90.7       0.000156987       0.000486758
              90.9       0.000158852       0.000494929
              91.1        0.00015832       0.000508305
              91.3       0.000147262       0.000480291
              91.5       0.000157575       0.000522388
              91.7       0.000148435        0.00048341
              91.9       0.000145365       0.000487989
              92.1        0.00014702       0.000478309
              92.3       0.000146968       0.000498922
              92.5       0.000136183       0.000444694
              92.7        0.00013854       0.000452349
              92.9       0.000139071       0.000469984
              93.1       0.000135262       0.000450743
              93.3       0.000134311       0.000467568
              93.5       0.000129688       0.000450771
              93.7       0.000137692       0.000482899
              93.9        0.00013632       0.000481403
              94.1       0.000129002       0.000453621
              94.3        0.00012762       0.000443923
              94.5       0.000126814       0.000453523
              94.7       0.000125225       0.000444585
              94.9       0.000125968        0.00044954
              95.1       0.000124971       0.000432095
              95.3       0.000123695       0.000428531
              95.5       0.000117158       0.000428346
              95.7       0.000121198       0.000433563
              95.9       0.000118771       0.000440634
              96.1       0.000116293       0.000411981
              96.3       0.000117495       0.000421762
              96.5       0.000120117       0.000438061
              96.7       0.000115825       0.000439668
              96.9       0.000114919       0.000417289
              97.1       0.000113654       0.000438023
              97.3       0.000110806       0.000418199
              97.5       0.000111702       0.000414782
              97.7       0.000108592        0.00040802
              97.9       0.000107504       0.000412374
              98.1       0.000102646       0.000391775
              98.3       0.000104491       0.000394387
              98.5       0.000100377        0.00037219
              98.7        0.00010441       0.000401455
              98.9        9.7814e-05       0.000378635
              99.1       0.000101747       0.000396404
              99.3       0.000102536       0.000407994
              99.5       9.63952e-05       0.000368936
              99.7       9.97106e-05       0.000392908
              99.9       9.66987e-05       0.000399044
             100.1       9.50056e-05       0.000373337
             100.3       9.55152e-05       0.000382961
             100.5       9.51939e-05       0.000405308
             100.7       9.43366e-05       0.000372963
             100.9       9.20193e-05       0.000361491
             101.1       8.66605e-05       0.000354985
             101.3       8.88369e-05       0.000359166
             101.5       9.35132e-05       0.000373409
             101.7        8.7176e-05       0.000358839
             101.9       8.48681e-05       0.000353078
             102.1       8.57347e-05       0.000354533
             102.3       8.83976e-05       0.000372058
             102.5       9.10357e-05       0.000376469
             102.7       8.22574e-05       0.000362466
             102.9       8.42127e-05       0.000358136
             103.1       7.99129e-05       0.000345847
             103.3       7.70848e-05       0.000336685
             103.5       7.85318e-05       0.000335119
             103.7       8.38858e-05       0.000367814
             103.9       7.82641e-05       0.000337305
             104.1       8.06157e-05       0.000379927
             104.3       8.06258e-05       0.000340148
             104.5       7.83575e-05       0.000343086
             104.7        7.5746e-05       0.000340997
             104.9       7.59282e-05       0.000354958
             105.1       7.50402e-05       0.000345706
             105.3       7.44728e-05       0.000338323
             105.5       7.39396e-05       0.000343058
             105.7        7.3479e-05       0.000342123
             105.9       7.14183e-05       0.000322175
             106.1       6.94312e-05       0.000329192
             106.3       6.96339e-05        0.00031306
             106.5       6.92106e-05       0.000312175
             106.7       6.85301e-05       0.000316345
             106.9       7.04122e-05       0.000326545
             107.1       7.29155e-05       0.000346703
             107.3       7.13264e-05        0.00032713
             107.5       6.62346e-05       0.000311006
             107.7       6.51535e-05        0.00030508
             107.9        6.5601e-05       0.000307727
             108.1       6.41864e-05       0.000310537
             108.3       6.43431e-05       0.000304582
             108.5       6.11222e-05       0.000309126
             108.7       6.19437e-05       0.000299915
             108.9        6.1732e-05       0.000300012
             109.1       6.19284e-05       0.000291219
             109.3       5.94243e-05       0.000283879
             109.5       5.93462e-05       0.000297699
             109.7        5.6632e-05       0.000289381
             109.9       5.90838e-05       0.000299476
             110.1       5.87225e-05       0.000303894
             110.3       5.98678e-05       0.000300567
             110.5       5.86972e-05       0.000303425
             110.7       5.38575e-05       0.000269368
             110.9       5.68048e-05       0.000275771
             111.1       5.70144e-05       0.000281345
             111.3         5.384e-05       0.000273983
             111.5       5.54639e-05       0.000288482
             111.7       5.21421e-05       0.000280553
             111.9       5.32765e-05       0.000278721
             112.1       5.21185e-05       0.000276005
             112.3       5.36204e-05       0.000280328
             112.5       5.34448e-05       0.000286869
             112.7        5.0218e-05       0.000267172
             112.9       5.31086e-05       0.000279185
             113.1       4.89662e-05       0.000261337
             113.3       5.07757e-05       0.000266673
             113.5       4.77646e-05       0.000262396
             113.7       4.62906e-05       0.000261948
             113.9       4.52924e-05        0.00025437
             114.1       4.83765e-05       0.000266767
             114.3       4.66943e-05       0.000257893
             114.5        4.5251e-05       0.000258497
             114.7       4.77458e-05       0.000256163
             114.9        4.5966e-05        0.00025063
             115.1       4.57498e-05       0.000254812
             115.3       4.50556e-05        0.00024261
             115.5       4.47475e-05       0.000248045
             115.7       4.61263e-05       0.000266281
             115.9       4.39848e-05       0.000235543
             116.1       4.49236e-05       0.000258845
             116.3       4.17815e-05       0.000246372
             116.5       4.23938e-05       0.000260544
             116.7       4.28822e-05        0.00025941
             116.9       4.24548e-05       0.000263708
             117.1       3.95554e-05       0.000235491
             117.3       4.03502e-05       0.000244734
             117.5       4.35986e-05       0.000266713
             117.7       3.96314e-05       0.000248958
             117.9       3.94556e-05       0.000242393
             118.1       4.14863e-05       0.000245559
             118.3        4.2934e-05       0.000264102
             118.5       4.08945e-05        0.00025322
             118.7       3.98854e-05       0.000240234
             118.9       3.95403e-05       0.000238306
             119.1       3.81588e-05       0.000237047
             119.3       3.90687e-05       0.000241941
             119.5       3.90928e-05       0.000227783
             119.7        3.6004e-05       0.000219964
             119.9       3.84654e-05        0.00023283
             120.1       3.68255e-05       0.000226001
             120.3       3.56571e-05       0.000221754
             120.5       3.86805e-05       0.000242574
             120.7       3.53336e-05       0.000213298
             120.9       3.52794e-05       0.000233957
             121.1       3.14582e-05       0.000206479
             121.3       3.46576e-05       0.000226315
             121.5       3.48535e-05       0.000223115
             121.7       3.34742e-05        0.00021794
             121.9       3.66649e-05       0.000237363
             122.1       3.54467e-05       0.000236567
             122.3       3.50707e-05       0.000234378
             122.5       3.02159e-05       0.000204339
             122.7       3.33853e-05       0.000235743
             122.9       3.39408e-05       0.000227413
             123.1       3.15173e-05       0.000218326
             123.3       2.63788e-05        0.00018179
             123.5       3.15771e-05       0.000213191
             123.7       3.05065e-05        0.00021194
             123.9       3.30303e-05       0.000235354
             124.1       2.95578e-05       0.000204301
             124.3       3.16442e-05       0.000217501
             124.5       2.95441e-05        0.00021291
             124.7       2.97084e-05       0.000202077
             124.9       2.82865e-05       0.000193613
             125.1       2.69527e-05       0.000185889
             125.3       2.85853e-05       0.000213863
             125.5       2.84706e-05       0.000195178
             125.7       2.81402e-05        0.00019176
             125.9       2.71811e-05       0.000196104
             126.1       2.75019e-05        0.00020464
             126.3       2.65804e-05       0.000190885
             126.5       2.84419e-05       0.000204328
             126.7       2.67846e-05       0.000191906
             126.9       2.58115e-05       0.000177874
             127.1       2.46029e-05       0.000173421
             127.3       2.42675e-05       0.000178979
             127.5       2.48011e-05       0.000192885
             127.7       2.65922e-05       0.000196531
             127.9       2.60759e-05       0.000195401
             128.1       2.41883e-05       0.000180477
             128.3        2.5418e-05       0.000192798
             128.5       2.27041e-05       0.000178379
             128.7       2.52353e-05       0.000189356
             128.9       2.31057e-05       0.000168226
             129.1       2.54779e-05       0.000200109
             129.3        2.2787e-05       0.000176772
             129.5        2.1452e-05       0.000183398
             129.7        2.2983e-05        0.00018116
             129.9       2.37667e-05       0.000200656
             130.1       2.17608e-05       0.000166529
             130.3       2.29418e-05        0.00018134
             130.5       2.22805e-05       0.000174386
             130.7       2.32407e-05       0.000184415
             130.9        2.1418e-05       0.000180047
             131.1       2.25343e-05       0.000185805
             131.3       2.14244e-05       0.000176802
             131.5       1.98303e-05       0.000160658
             131.7       2.15465e-05       0.000174467
             131.9       1.90412e-05       0.000150974
             132.1       1.92113e-05       0.000160824
             132.3       1.92954e-05       0.000165101
             132.5       2.16886e-05       0.000178357
             132.7        1.9187e-05       0.000156545
             132.9        1.9191e-05         0.0001549
             133.1       1.79832e-05       0.000150742
             133.3       2.11914e-05        0.00017911
             133.5       1.75245e-05       0.000150281
             133.7       1.93946e-05       0.000173887
             133.9       1.95093e-05       0.000161035
             134.1       1.91479e-05       0.000158037
             134.3       2.01848e-05       0.000168028
             134.5       2.01616e-05       0.000172222
             134.7       1.90337e-05       0.000165744
             134.9       1.83679e-05       0.000157964
             135.1       1.96751e-05       0.000183741
             135.3       1.79349e-05       0.000159411
             135.5       1.73024e-05       0.000152922
             135.7       1.74206e-05       0.000153662
             135.9       1.65373e-05       0.000147635
             136.1       1.72442e-05       0.000151192
             136.3       1.76696e-05       0.000150671
             136.5       1.82902e-05       0.000162917
             136.7       1.52596e-05       0.000140676
             136.9       1.72037e-05       0.000150537
             137.1       1.60002e-05       0.000146042
             137.3       1.60563e-05       0.000161521
             137.5       1.60682e-05       0.000151137
             137.7        1.5857e-05       0.000142727
             137.9       1.61452e-05       0.000160888
             138.1       1.43309e-05       0.000131631
             138.3       1.45421e-05       0.000140788
             138.5        1.5788e-05       0.000148295
             138.7       1.50448e-05       0.000141828
             138.9       1.50354e-05       0.000136343
             139.1       1.53128e-05       0.000150592
             139.3       1.53124e-05         0.0001484
             139.5       1.52127e-05       0.000140674
             139.7       1.51121e-05       0.000159308
             139.9       1.43296e-05       0.000152063
             140.1       1.52892e-05       0.000147959
             140.3        1.5609e-05        0.00014858
             140.5       1.56089e-05       0.000166578
             140.7       1.47669e-05       0.000142602
             140.9       1.48056e-05       0.000142188
             141.1       1.43723e-05       0.000167817
             141.3       1.42354e-05       0.000163884
             141.5        1.3699e-05       0.000154868
             141.7       1.28749e-05       0.000141527
             141.9       1.31474e-05       0.000137159
             142.1       1.33148e-05        0.00013624
             142.3       1.28868e-05       0.000122488
             142.5       1.25734e-05       0.000124058
             142.7        1.2906e-05       0.000128189
             142.9       1.24393e-05       0.000125617
             143.1       1.50687e-05       0.000161777
             143.3       1.37293e-05       0.000139367
             143.5       1.19782e-05       0.000123199
             143.7       1.31042e-05       0.000143864
             143.9       1.18669e-05       0.000121662
             144.1       1.27868e-05       0.000131159
             144.3        1.2705e-05       0.000127621
             144.5       1.16226e-05       0.000121284
             144.7       1.13671e-05       0.000118767
             144.9       1.08613e-05       0.000119086
             145.1       1.23096e-05       0.000124159
             145.3       1.20035e-05       0.000120605
             145.5       1.11719e-05       0.000125973
             145.7       1.03972e-05       0.000118316
             145.9       1.07891e-05       0.000115193
             146.1       1.12775e-05       0.000113689
             146.3       1.13024e-05       0.000119672
             146.5        1.0842e-05       0.000118706
             146.7       1.19564e-05        0.00012815
             146.9       1.01886e-05       0.000116596
             147.1       1.09905e-05       0.000122916
             147.3       1.10936e-05       0.000124442
             147.5       9.71342e-06       0.000106526
             147.7       1.10568e-05       0.000123839
             147.9       1.02701e-05       0.000111703
             148.1       1.11694e-05       0.000124815
             148.3       9.32016e-06       0.000106563
             148.5       9.31103e-06        0.00010636
             148.7       1.01869e-05       0.000124833
             148.9       9.24269e-06       0.000107285
             149.1       1.03307e-05       0.000125001
             149.3       9.80735e-06       0.000108486
             149.5        8.9557e-06       0.000100351
             149.7       9.65925e-06       0.000106558
             149.9       1.03362e-05       0.000126406
             150.1       9.80273e-06       0.000116675
             150.3       9.84834e-06       0.000120292
             150.5       9.22209e-06       0.000112339
             150.7       9.18395e-06       0.000117357
             150.9       8.57119e-06       0.000104307
             151.1        1.0204e-05       0.000126424
             151.3        9.2907e-06       0.000113962
             151.5       8.32395e-06       0.000102692
             151.7       8.13085e-06       0.000101595
             151.9       8.37383e-06       0.000110623
             152.1       8.19275e-06       0.000111789
             152.3       8.21375e-06       0.000106968
             152.5       8.61361e-06        0.00011246
             152.7       8.43267e-06       0.000102137
             152.9       7.80084e-06       0.000102063
             153.1       9.33054e-06       0.000109924
             153.3       7.50503e-06       0.000111032
             153.5       8.19168e-06        9.9717e-05
             153.7        9.1169e-06       0.000105403
             153.9       8.24811e-06       0.000111169
             154.1       7.62348e-06       0.000106218
             154.3       7.65928e-06       9.82299e-05
             154.5       7.80332e-06       9.75663e-05
             154.7       7.97261e-06       0.000102241
             154.9       8.11347e-06       0.000109048
             155.1       7.74325e-06       0.000105435
             155.3       8.06529e-06       0.000110736
             155.5       7.54354e-06       9.06408e-05
             155.7       7.67521e-06       0.000107352
             155.9       8.01045e-06       0.000114175
             156.1       6.90264e-06        9.6795e-05
             156.3       6.62545e-06       9.80241e-05
             156.5       7.76446e-06       0.000116751
             156.7       7.01381e-06       9.32384e-05
             156.9       7.09647e-06       0.000101342
             157.1       7.08642e-06       9.33116e-05
             157.3       6.66353e-06       9.15625e-05
             157.5       6.93794e-06       9.99569e-05
             157.7       7.66411e-06        0.00010267
             157.9       5.99184e-06       8.02802e-05
             158.1       6.71809e-06       9.53279e-05
             158.3       7.10297e-06       0.000101432
             158.5       6.19562e-06       8.81014e-05
             158.7       7.05194e-06       9.62217e-05
             158.9       6.44038e-06       9.12333e-05
             159.1       6.58483e-06       9.17589e-05
             159.3       6.00286e-06       8.46156e-05
             159.5       5.88984e-06        8.6523e-05
             159.7       5.97786e-06       8.40625e-05
             159.9       5.74934e-06       8.31156e-05
             160.1        5.3433e-06       8.13096e-05
             160.3        6.3346e-06       8.92583e-05
             160.5       6.02102e-06       8.33597e-05
             160.7       5.88558e-06       9.20915e-05
             160.9       5.74363e-06       8.62001e-05
             161.1       5.63655e-06       7.95796e-05
             161.3       5.58737e-06       8.17359e-05
             161.5        5.9175e-06       9.19763e-05
             161.7       5.55535e-06       8.50034e-05
             161.9        6.2942e-06       9.21173e-05
             162.1       4.87903e-06       7.85032e-05
             162.3       5.29206e-06       7.89917e-05
             162.5       5.73768e-06       8.96336e-05
             162.7       6.03211e-06       8.52904e-05
             162.9       6.67302e-06       9.65077e-05
             163.1       5.30683e-06       8.05404e-05
             163.3       5.76966e-06       8.62625e-05
             163.5       5.56481e-06       8.14935e-05
             163.7       4.53552e-06       7.36059e-05
             163.9        5.3148e-06       8.14192e-05
             164.1        4.8011e-06       7.11362e-05
             164.3       5.17493e-06       8.10441e-05
             164.5        4.9985e-06       7.29252e-05
             164.7       4.43878e-06       6.87229e-05
             164.9       4.73551e-06       7.55372e-05
             165.1       5.04411e-06       8.20528e-05
             165.3       4.38454e-06       7.89569e-05
             165.5       4.17644e-06       6.90058e-05
             165.7       4.56644e-06        8.0195e-05
             165.9       4.52787e-06       7.09318e-05
             166.1       4.10354e-06       6.95464e-05
             166.3       5.12774e-06       8.27378e-05
             166.5       4.93223e-06       8.30503e-05
             166.7       4.21988e-06       6.84947e-05
             166.9       4.41963e-06       7.21566e-05
             167.1        4.8433e-06       7.79866e-05
             167.3       5.57829e-06       9.21192e-05
             167.5       5.03635e-06       8.48119e-05
             167.7       4.20878e-06       7.31948e-05
             167.9       4.83653e-06       8.14174e-05
             168.1       4.28049e-06       8.02402e-05
             168.3       4.25107e-06       7.24717e-05
             168.5       4.64538e-06       8.24182e-05
             168.7       4.38834e-06       7.29574e-05
             168.9       4.59473e-06       7.77883e-05
             169.1        4.0343e-06       7.28528e-05
             169.3        4.1894e-06       6.91344e-05
             169.5       4.16632e-06       8.08148e-05
             169.7       4.30783e-06       7.22842e-05
             169.9       4.17717e-06       7.20331e-05
             170.1       3.97076e-06       6.91712e-05
             170.3       4.08558e-06       6.83929e-05
             170.5        3.9369e-06       7.31639e-05
             170.7       3.14812e-06       6.15455e-05
             170.9       3.38697e-06       6.33588e-05
             171.1        4.2892e-06       8.11333e-05
             171.3        4.0127e-06        7.5471e-05
             171.5       3.93435e-06       7.29786e-05
             171.7       4.20964e-06       7.72605e-05
             171.9       3.76015e-06       7.16323e-05
             172.1       4.30465e-06       7.77304e-05
             172.3       3.62635e-06       6.99342e-05
             172.5       4.32954e-06       8.41507e-05
             172.7       3.97607e-06       7.35084e-05
             172.9        3.6162e-06       7.07642e-05
             173.1       3.21086e-06        6.7924e-05
             173.3       3.53857e-06       6.56318e-05
             173.5       3.49166e-06       6.34331e-05
             173.7       3.20208e-06       6.49109e-05
             173.9       3.39247e-06       6.15991e-05
             174.1       3.53023e-06       7.17011e-05
             174.3       3.97243e-06       7.30241e-05
             174.5       3.45551e-06       6.02068e-05
             174.7       2.63938e-06       5.32454e-05
             174.9       3.82507e-06       6.90524e-05
             175.1       2.72545e-06       5.56634e-05
             175.3       3.18152e-06       6.15859e-05
             175.5       3.40227e-06       6.42722e-05
             175.7         3.303e-06       7.13304e-05
             175.9       3.01752e-06       5.85704e-05
             176.1       3.14207e-06       6.42491e-05
             176.3        3.1342e-06       6.51768e-05
             176.5       3.28817e-06        7.0337e-05
             176.7       2.66936e-06       6.29912e-05
             176.9       2.97735e-06       6.33861e-05
             177.1       3.44705e-06       7.00322e-05
             177.3       3.11388e-06       6.15552e-05
             177.5       2.53186e-06       5.42697e-05
             177.7       2.66369e-06       5.51468e-05
             177.9        2.7046e-06       5.80297e-05
             178.1        2.8178e-06       5.24343e-05
             178.3       2.66197e-06       5.56422e-05
             178.5       2.39328e-06       5.04109e-05
             178.7        2.8075e-06       6.18807e-05
             178.9       3.35469e-06        6.7056e-05
             179.1       2.73457e-06       6.06849e-05
             179.3       2.35971e-06       4.99918e-05
             179.5       2.66018e-06        5.2714e-05
             179.7       2.31671e-06       5.17914e-05
