               0.1          0.744638         0.0894668
               0.3          0.773027         0.0840718
               0.5          0.762822         0.0706602
               0.7          0.769967         0.0643207
               0.9          0.777576         0.0754542
               1.1          0.770696         0.0673337
               1.3          0.775127         0.0667996
               1.5          0.774916         0.0735629
               1.7          0.767353         0.0711574
               1.9          0.771075         0.0723771
               2.1          0.768496         0.0724054
               2.3          0.765753         0.0692712
               2.5          0.766159         0.0807181
               2.7          0.762502         0.0732662
               2.9          0.758837         0.0778362
               3.1          0.762569         0.0711479
               3.3          0.762477         0.0716863
               3.5          0.755152         0.0752731
               3.7          0.752969         0.0837268
               3.9          0.753355         0.0804939
               4.1          0.752205         0.0790325
               4.3          0.751157         0.0818191
               4.5          0.747775         0.0792103
               4.7          0.747161         0.0784785
               4.9          0.747786         0.0784936
               5.1          0.739611         0.0837323
               5.3           0.73817           0.08634
               5.5          0.734618         0.0875582
               5.7          0.732809          0.089009
               5.9          0.728371         0.0880576
               6.1          0.726348         0.0917387
               6.3          0.720491         0.0939519
               6.5          0.718005         0.0950097
               6.7          0.707728         0.0983533
               6.9           0.70622          0.103312
               7.1          0.703187           0.10171
               7.3          0.693023          0.105339
               7.5          0.687426          0.108299
               7.7          0.678606          0.113645
               7.9          0.678495          0.109627
               8.1          0.665821          0.115584
               8.3          0.663076           0.11771
               8.5          0.650867          0.121257
               8.7          0.643016          0.127749
               8.9          0.632294          0.129946
               9.1          0.624378          0.130738
               9.3          0.619689          0.132322
               9.5          0.596389          0.139899
               9.7          0.587862           0.14519
               9.9          0.575202          0.152287
              10.1          0.549123          0.161096
              10.3          0.532289          0.165597
              10.5          0.504517          0.180933
              10.7          0.480981           0.18312
              10.9          0.452311          0.192417
              11.1          0.419649          0.194868
              11.3          0.402931           0.19334
              11.5          0.385923          0.195894
              11.7          0.362931          0.197301
              11.9          0.337656          0.190545
              12.1          0.318949          0.190312
              12.3          0.303248          0.187097
              12.5          0.282086          0.183634
              12.7           0.26072          0.174326
              12.9          0.249127          0.167381
              13.1          0.234016          0.164015
              13.3          0.214865          0.157621
              13.5          0.201171          0.149269
              13.7          0.190704          0.141712
              13.9          0.174542          0.133596
              14.1          0.164637          0.126626
              14.3          0.155624          0.122678
              14.5          0.140424          0.111408
              14.7          0.133231          0.111522
              14.9          0.123664          0.101261
              15.1          0.116773         0.0981003
              15.3          0.110597          0.096698
              15.5          0.102924         0.0902522
              15.7         0.0964405         0.0846949
              15.9         0.0910951         0.0793936
              16.1         0.0857528         0.0762796
              16.3         0.0844344         0.0741007
              16.5         0.0779407         0.0717969
              16.7         0.0747516         0.0686666
              16.9         0.0718821          0.066687
              17.1         0.0666183         0.0624165
              17.3         0.0665993          0.063469
              17.5          0.062791         0.0602944
              17.7         0.0605879         0.0598037
              17.9         0.0562379         0.0560968
              18.1         0.0544169         0.0539871
              18.3         0.0523726         0.0529465
              18.5         0.0505811          0.049599
              18.7         0.0491909         0.0499995
              18.9         0.0483169         0.0497883
              19.1         0.0451615         0.0459813
              19.3          0.043393         0.0453725
              19.5         0.0424402         0.0461524
              19.7         0.0396767         0.0414164
              19.9          0.039268         0.0425466
              20.1           0.03842         0.0415195
              20.3         0.0360719         0.0389185
              20.5         0.0357853         0.0402284
              20.7         0.0334178         0.0373162
              20.9         0.0328279         0.0371009
              21.1         0.0318426         0.0366253
              21.3         0.0309022         0.0356922
              21.5         0.0293664         0.0331631
              21.7         0.0303286         0.0361245
              21.9         0.0282165         0.0333437
              22.1         0.0272256         0.0323169
              22.3         0.0262993         0.0300333
              22.5         0.0273529         0.0326419
              22.7         0.0245094         0.0288245
              22.9         0.0236422         0.0282989
              23.1         0.0234416         0.0278846
              23.3          0.023022         0.0285352
              23.5         0.0224713         0.0267674
              23.7         0.0214223          0.025288
              23.9         0.0211341         0.0251275
              24.1         0.0207456         0.0245667
              24.3         0.0193495          0.023298
              24.5         0.0190519         0.0232507
              24.7          0.019288         0.0243022
              24.9         0.0177893          0.022275
              25.1         0.0173183         0.0223485
              25.3         0.0175105         0.0222386
              25.5         0.0170023         0.0225364
              25.7         0.0161853         0.0207648
              25.9         0.0157224         0.0204067
              26.1         0.0159929          0.020731
              26.3         0.0151115          0.019822
              26.5         0.0149343         0.0198312
              26.7         0.0146219         0.0190331
              26.9         0.0145702         0.0200654
              27.1         0.0139372         0.0183186
              27.3          0.013247         0.0176154
              27.5         0.0135349         0.0184413
              27.7         0.0131481         0.0181243
              27.9         0.0127104         0.0177371
              28.1         0.0125098          0.017759
              28.3          0.011978         0.0169621
              28.5         0.0122055         0.0173129
              28.7         0.0114297         0.0164412
              28.9         0.0113505          0.016232
              29.1         0.0112501         0.0160565
              29.3         0.0110831         0.0156397
              29.5         0.0106847         0.0157224
              29.7         0.0101767           0.01471
              29.9         0.0101005          0.015801
              30.1         0.0098914         0.0148678
              30.3         0.0101037         0.0153802
              30.5         0.0097221         0.0148657
              30.7        0.00934139         0.0143443
              30.9        0.00923863         0.0137836
              31.1         0.0091046         0.0139108
              31.3        0.00930327         0.0148933
              31.5        0.00872393          0.014175
              31.7        0.00862044         0.0133833
              31.9        0.00864591         0.0137816
              32.1             0.008         0.0126259
              32.3        0.00797619         0.0128115
              32.5        0.00783913         0.0124721
              32.7        0.00760641         0.0125489
              32.9        0.00751705         0.0124139
              33.1        0.00742269         0.0119622
              33.3        0.00708205         0.0116722
              33.5          0.007164         0.0117764
              33.7        0.00713047         0.0113777
              33.9        0.00687897         0.0119068
              34.1        0.00686149         0.0119736
              34.3        0.00680966         0.0114763
              34.5         0.0063733         0.0109736
              34.7         0.0063096          0.011137
              34.9         0.0063593         0.0110068
              35.1        0.00638278         0.0114176
              35.3        0.00598843         0.0104262
              35.5        0.00610826         0.0112512
              35.7        0.00570453         0.0100444
              35.9        0.00579456         0.0100321
              36.1        0.00549399        0.00968262
              36.3        0.00559624        0.00972396
              36.5        0.00538782        0.00960673
              36.7        0.00530361        0.00990568
              36.9        0.00536284        0.00989598
              37.1        0.00529099         0.0100793
              37.3        0.00493861        0.00875648
              37.5         0.0048757        0.00905089
              37.7        0.00483696        0.00889124
              37.9        0.00488296        0.00902958
              38.1        0.00461174        0.00883717
              38.3        0.00473945        0.00894829
              38.5        0.00447908        0.00866939
              38.7        0.00458158        0.00867197
              38.9        0.00441917        0.00861296
              39.1        0.00428705        0.00863663
              39.3        0.00401857        0.00791128
              39.5        0.00409905         0.0085654
              39.7        0.00409005        0.00822335
              39.9        0.00401151        0.00774645
              40.1        0.00403724        0.00813505
              40.3        0.00399089        0.00837019
              40.5        0.00388484        0.00790769
              40.7        0.00394472        0.00804837
              40.9        0.00356964        0.00751153
              41.1        0.00359525          0.007771
              41.3        0.00368932        0.00768691
              41.5        0.00342851        0.00741627
              41.7        0.00350637        0.00740907
              41.9         0.0035073        0.00756797
              42.1        0.00338035        0.00752269
              42.3        0.00320773        0.00694157
              42.5        0.00328123        0.00779315
              42.7        0.00332898        0.00804156
              42.9        0.00300065        0.00689603
              43.1        0.00302512        0.00671265
              43.3         0.0031307        0.00703798
              43.5        0.00290513        0.00661319
              43.7        0.00305652        0.00712574
              43.9        0.00296134        0.00682214
              44.1        0.00295397         0.0068417
              44.3        0.00281248        0.00637471
              44.5         0.0028028        0.00652918
              44.7        0.00271959        0.00641558
              44.9        0.00263187        0.00626066
              45.1        0.00259608        0.00624776
              45.3        0.00262202        0.00610891
              45.5        0.00255217        0.00614171
              45.7        0.00251584        0.00580294
              45.9        0.00243749        0.00592971
              46.1        0.00243051        0.00579636
              46.3        0.00245807        0.00587636
              46.5        0.00239623        0.00596097
              46.7        0.00236298         0.0058173
              46.9        0.00220394        0.00536384
              47.1        0.00234425        0.00613836
              47.3        0.00222299        0.00568099
              47.5        0.00216279         0.0056206
              47.7         0.0021212        0.00554815
              47.9        0.00218534        0.00578216
              48.1        0.00202039        0.00504744
              48.3        0.00208871        0.00580543
              48.5        0.00208997        0.00580169
              48.7         0.0019196        0.00497041
              48.9        0.00188178        0.00495155
              49.1        0.00191426        0.00498743
              49.3        0.00198454         0.0053575
              49.5        0.00191504        0.00509705
              49.7        0.00188659        0.00487477
              49.9        0.00188187        0.00519162
              50.1        0.00180914         0.0048816
              50.3        0.00184092        0.00474218
              50.5        0.00181462        0.00498387
              50.7        0.00179479        0.00501747
              50.9        0.00162344        0.00457581
              51.1        0.00174294        0.00497756
              51.3        0.00164379         0.0046501
              51.5        0.00167125        0.00470063
              51.7        0.00163437        0.00473163
              51.9        0.00165583        0.00480864
              52.1        0.00163035        0.00458799
              52.3        0.00156839        0.00457578
              52.5        0.00149624        0.00446018
              52.7        0.00149486        0.00439728
              52.9        0.00151387        0.00424906
              53.1        0.00143827        0.00418301
              53.3        0.00138926        0.00427083
              53.5        0.00139991        0.00431391
              53.7        0.00144028        0.00477689
              53.9        0.00138983        0.00434731
              54.1        0.00134747         0.0041397
              54.3        0.00134965        0.00405112
              54.5         0.0013419        0.00410016
              54.7        0.00127671        0.00410253
              54.9        0.00127296        0.00398546
              55.1         0.0012331        0.00370048
              55.3        0.00122522        0.00383064
              55.5        0.00126066        0.00390799
              55.7        0.00117824        0.00373096
              55.9        0.00124201        0.00383792
              56.1         0.0012796        0.00424431
              56.3        0.00108478         0.0035035
              56.5        0.00117274        0.00387776
              56.7        0.00113002        0.00380666
              56.9        0.00114361         0.0038479
              57.1        0.00105547        0.00355334
              57.3         0.0010762        0.00350243
              57.5        0.00111128        0.00381337
              57.7        0.00106259        0.00364008
              57.9        0.00108233         0.0037382
              58.1        0.00106863        0.00359445
              58.3        0.00109715        0.00377233
              58.5        0.00100129        0.00334613
              58.7        0.00103619        0.00369271
              58.9       0.000983071        0.00343603
              59.1       0.000970099        0.00338536
              59.3       0.000975085        0.00353853
              59.5       0.000990346        0.00373746
              59.7       0.000908172        0.00331528
              59.9       0.000965048        0.00350633
              60.1       0.000973437        0.00360446
              60.3       0.000923943        0.00336562
              60.5       0.000914301        0.00333013
              60.7       0.000852513        0.00311417
              60.9       0.000822034        0.00307288
              61.1       0.000870694        0.00319161
              61.3       0.000780981        0.00296708
              61.5       0.000858566        0.00342957
              61.7       0.000873524        0.00327506
              61.9       0.000826615        0.00326544
              62.1       0.000859621        0.00350709
              62.3        0.00078982        0.00308545
              62.5        0.00075427        0.00284881
              62.7         0.0007383          0.002963
              62.9       0.000790423        0.00321786
              63.1       0.000754905        0.00310879
              63.3       0.000755334        0.00301829
              63.5       0.000761234        0.00305084
              63.7       0.000721527        0.00298703
              63.9        0.00071672        0.00287243
              64.1       0.000721295        0.00292325
              64.3       0.000685307        0.00279113
              64.5       0.000729895        0.00288076
              64.7       0.000671358        0.00282024
              64.9       0.000728445        0.00313505
              65.1       0.000673441         0.0027609
              65.3       0.000638682        0.00257988
              65.5       0.000643941        0.00261351
              65.7       0.000626703        0.00264471
              65.9        0.00063508        0.00281868
              66.1       0.000654859        0.00277736
              66.3       0.000656481        0.00289142
              66.5       0.000594015        0.00252169
              66.7       0.000598886        0.00255758
              66.9       0.000582059         0.0025182
              67.1       0.000588634        0.00246072
              67.3       0.000606669        0.00259718
              67.5        0.00061219        0.00265352
              67.7       0.000575967        0.00248908
              67.9       0.000587636        0.00272407
              68.1       0.000576844        0.00267855
              68.3       0.000560562        0.00257806
              68.5       0.000579042        0.00279322
              68.7       0.000528453        0.00243677
              68.9       0.000542991         0.0024747
              69.1       0.000518686        0.00235762
              69.3       0.000498221        0.00238521
              69.5       0.000502875        0.00258057
              69.7       0.000527275        0.00253648
              69.9       0.000498327        0.00235393
              70.1       0.000512941        0.00245987
              70.3       0.000496525        0.00237614
              70.5       0.000497885        0.00239446
              70.7       0.000506656        0.00238888
              70.9       0.000467668        0.00233064
              71.1        0.00049675        0.00246933
              71.3       0.000450106        0.00234711
              71.5       0.000446636        0.00240364
              71.7       0.000432758        0.00218427
              71.9       0.000459017        0.00237994
              72.1       0.000439842        0.00217666
              72.3       0.000433194        0.00212291
              72.5       0.000407976        0.00212066
              72.7       0.000411007        0.00215231
              72.9       0.000417469        0.00232967
              73.1       0.000414012        0.00224778
              73.3       0.000426313        0.00229065
              73.5       0.000397732        0.00208748
              73.7       0.000409741        0.00204875
              73.9       0.000401184        0.00257172
              74.1       0.000383533        0.00194761
              74.3       0.000390186        0.00206811
              74.5       0.000406734        0.00226027
              74.7       0.000357315        0.00198858
              74.9       0.000389544        0.00216653
              75.1       0.000384643        0.00210831
              75.3       0.000359014        0.00190095
              75.5       0.000369562        0.00201676
              75.7       0.000369915         0.0021683
              75.9       0.000363442         0.0020115
              76.1        0.00035838        0.00204044
              76.3       0.000363971        0.00199889
              76.5       0.000357709        0.00212127
              76.7       0.000318646        0.00167087
              76.9       0.000341047        0.00195125
              77.1       0.000339618        0.00192205
              77.3       0.000343503        0.00200111
              77.5        0.00030907        0.00176025
              77.7       0.000325134        0.00190525
              77.9       0.000295439        0.00180491
              78.1       0.000314222        0.00193412
              78.3       0.000301533        0.00175619
              78.5       0.000293368        0.00176246
              78.7       0.000302104        0.00178119
              78.9       0.000318897        0.00185316
              79.1       0.000292793        0.00179193
              79.3       0.000290006         0.0016137
              79.5       0.000308781        0.00203578
              79.7        0.00032246        0.00195668
              79.9       0.000268883         0.0015943
              80.1       0.000309393         0.0020533
              80.3       0.000288142        0.00176491
              80.5       0.000266539        0.00170046
              80.7       0.000272242        0.00165507
              80.9       0.000276528        0.00171873
              81.1       0.000268326        0.00173141
              81.3       0.000266321        0.00173188
              81.5       0.000233543        0.00144426
              81.7       0.000247074         0.0017291
              81.9       0.000253009        0.00168613
              82.1       0.000242356        0.00146796
              82.3       0.000265063        0.00166931
              82.5       0.000264135        0.00190163
              82.7       0.000225034        0.00141699
              82.9       0.000256258        0.00169668
              83.1       0.000247086        0.00166087
              83.3       0.000234563        0.00155458
              83.5       0.000243155        0.00153551
              83.7       0.000231166        0.00157474
              83.9       0.000230994        0.00161051
              84.1       0.000235447        0.00179712
              84.3       0.000224551        0.00143778
              84.5        0.00023054        0.00156182
              84.7       0.000212559        0.00144658
              84.9       0.000201411        0.00134919
              85.1        0.00022208        0.00149639
              85.3       0.000204174        0.00144294
              85.5       0.000222246        0.00156014
              85.7       0.000216195        0.00155673
              85.9        0.00020489        0.00147175
              86.1       0.000196432        0.00147308
              86.3        0.00018604         0.0012612
              86.5       0.000195614        0.00135012
              86.7       0.000165491        0.00125296
              86.9       0.000175468        0.00133027
              87.1       0.000202631        0.00132736
              87.3       0.000171705        0.00129824
              87.5       0.000184565        0.00138132
              87.7       0.000170139        0.00124953
              87.9       0.000185732        0.00140131
              88.1        0.00018472        0.00131717
              88.3       0.000193256        0.00147876
              88.5       0.000181679        0.00139725
              88.7       0.000161162        0.00119518
              88.9       0.000169474        0.00187464
              89.1       0.000172318        0.00127462
              89.3       0.000177106         0.0012639
              89.5       0.000160062        0.00120351
              89.7       0.000175383        0.00142016
              89.9       0.000165013        0.00134036
              90.1       0.000173612        0.00140824
              90.3       0.000172451        0.00151927
              90.5       0.000151318        0.00115604
              90.7       0.000164539         0.0012889
              90.9       0.000151883        0.00120623
              91.1       0.000146088        0.00128705
              91.3       0.000145504        0.00119761
              91.5       0.000154561        0.00126893
              91.7       0.000150482        0.00138058
              91.9       0.000150472        0.00124949
              92.1       0.000143668        0.00119395
              92.3       0.000156928        0.00121717
              92.5       0.000137464        0.00117023
              92.7       0.000158578        0.00128316
              92.9       0.000128061        0.00107918
              93.1       0.000153651        0.00127354
              93.3       0.000150419        0.00129126
              93.5       0.000129482        0.00105859
              93.7       0.000143756        0.00125023
              93.9       0.000139528          0.001175
              94.1       0.000132532        0.00125451
              94.3       0.000128692        0.00114369
              94.5       0.000146278        0.00120477
              94.7       0.000128366        0.00108044
              94.9       0.000137674        0.00127201
              95.1       0.000121002        0.00103294
              95.3       0.000119689        0.00113843
              95.5       0.000115346        0.00104226
              95.7       0.000131078        0.00124687
              95.9       0.000117298        0.00103413
              96.1       0.000130247        0.00114496
              96.3       0.000112588        0.00108482
              96.5       0.000117743        0.00104624
              96.7       0.000105842        0.00096254
              96.9       0.000123511        0.00118024
              97.1       0.000111523         0.0010185
              97.3       0.000116553         0.0010954
              97.5       0.000119271        0.00115678
              97.7       0.000108651       0.000964047
              97.9       0.000106421       0.000988839
              98.1       0.000105367       0.000981253
              98.3       0.000115399         0.0011599
              98.5       0.000112219         0.0010445
              98.7       0.000105972        0.00104765
              98.9       9.66342e-05        0.00088604
              99.1       9.24134e-05       0.000896103
              99.3       0.000115053        0.00116965
              99.5       0.000103468       0.000996727
              99.7       9.99469e-05       0.000940312
              99.9       0.000104843        0.00106929
             100.1       9.21088e-05       0.000876349
             100.3       9.73272e-05       0.000962367
             100.5       0.000102196        0.00105277
             100.7       8.92632e-05       0.000878616
             100.9       9.70094e-05       0.000923255
             101.1       8.77733e-05       0.000939664
             101.3       9.45753e-05        0.00104763
             101.5       0.000102482        0.00108067
             101.7        8.5199e-05       0.000825715
             101.9        9.3739e-05       0.000951278
             102.1       9.97378e-05        0.00102234
             102.3       8.53274e-05       0.000853129
             102.5       7.72509e-05       0.000767134
             102.7       8.36619e-05       0.000876282
             102.9       8.97905e-05        0.00100356
             103.1       8.47244e-05       0.000950666
             103.3       8.89656e-05       0.000937431
             103.5       8.44969e-05       0.000959178
             103.7       8.46553e-05        0.00100891
             103.9       8.37402e-05       0.000973939
             104.1          8.13e-05       0.000909861
             104.3       7.52947e-05       0.000796668
             104.5       7.65674e-05       0.000807595
             104.7       6.93433e-05       0.000737353
             104.9       7.03314e-05       0.000791766
             105.1       7.40529e-05       0.000736397
             105.3       6.34529e-05       0.000721644
             105.5       7.07186e-05       0.000927555
             105.7        8.7243e-05       0.000935793
             105.9       7.60426e-05        0.00098893
             106.1       8.35661e-05       0.000908712
             106.3       7.59327e-05       0.000918257
             106.5       7.25445e-05       0.000879511
             106.7       7.61263e-05       0.000844089
             106.9       6.19666e-05       0.000788449
             107.1       7.33209e-05       0.000913517
             107.3       6.13106e-05       0.000709056
             107.5       6.66899e-05       0.000966643
             107.7       6.75236e-05       0.000830713
             107.9       6.34562e-05       0.000781328
             108.1       5.91025e-05       0.000740644
             108.3        6.1282e-05       0.000793895
             108.5       6.44187e-05       0.000777886
             108.7       5.84518e-05       0.000713496
             108.9       5.65851e-05        0.00066486
             109.1       6.62357e-05       0.000897868
             109.3       6.37328e-05       0.000770991
             109.5       5.70998e-05       0.000758616
             109.7       5.84667e-05       0.000653962
             109.9       5.93048e-05       0.000708549
             110.1       5.23748e-05       0.000651438
             110.3       5.04411e-05       0.000602165
             110.5       5.30428e-05       0.000650224
             110.7       5.79234e-05       0.000773704
             110.9         5.194e-05       0.000686102
             111.1       5.71473e-05       0.000711888
             111.3        5.3474e-05       0.000667727
             111.5       5.53827e-05       0.000733024
             111.7       5.47939e-05       0.000729809
             111.9       5.42583e-05       0.000719634
             112.1       5.18324e-05       0.000630287
             112.3       5.17594e-05       0.000704847
             112.5       4.66789e-05       0.000669236
             112.7       5.09265e-05       0.000668053
             112.9        5.4683e-05       0.000691653
             113.1       5.18506e-05       0.000623898
             113.3       4.65883e-05       0.000603592
             113.5       4.02722e-05       0.000522674
             113.7       5.06415e-05       0.000662602
             113.9       5.37515e-05       0.000692361
             114.1       5.17517e-05       0.000771909
             114.3       4.33963e-05        0.00060601
             114.5       4.59643e-05       0.000629201
             114.7       4.67949e-05       0.000662269
             114.9        5.5288e-05       0.000762897
             115.1       4.55371e-05       0.000639606
             115.3       4.58333e-05       0.000605403
             115.5       4.31372e-05       0.000617765
             115.7       4.78885e-05       0.000682449
             115.9       4.30334e-05        0.00065014
             116.1       3.97961e-05       0.000618051
             116.3       5.22728e-05        0.00074143
             116.5       4.09623e-05       0.000627832
             116.7       4.94958e-05       0.000669885
             116.9       4.58698e-05       0.000730458
             117.1       3.57775e-05       0.000584962
             117.3       4.06637e-05       0.000536233
             117.5       4.32102e-05       0.000741906
             117.7       3.49987e-05       0.000536375
             117.9       4.27174e-05       0.000608311
             118.1       4.02889e-05       0.000566963
             118.3        4.1124e-05       0.000635939
             118.5       4.07986e-05       0.000585919
             118.7       3.78236e-05       0.000620943
             118.9       4.04321e-05       0.000754792
             119.1        3.7199e-05       0.000547276
             119.3       4.80442e-05       0.000759147
             119.5       3.59348e-05       0.000496882
             119.7       4.09481e-05       0.000641117
             119.9       3.54184e-05       0.000569288
             120.1       2.90153e-05       0.000453939
             120.3       3.92933e-05        0.00064382
             120.5       3.57607e-05        0.00057167
             120.7       4.29784e-05       0.000627273
             120.9       3.73529e-05       0.000583212
             121.1       4.08547e-05       0.000594352
             121.3       3.80126e-05       0.000591757
             121.5       3.03759e-05       0.000430613
             121.7       3.32586e-05       0.000531866
             121.9       3.14513e-05       0.000550189
             122.1       3.06825e-05       0.000468072
             122.3       3.43526e-05       0.000536123
             122.5       3.34452e-05        0.00051122
             122.7       2.82695e-05       0.000457023
             122.9       2.83225e-05       0.000585309
             123.1       3.86156e-05       0.000625288
             123.3       2.73265e-05       0.000454824
             123.5       2.93145e-05       0.000493403
             123.7       3.01825e-05       0.000569436
             123.9       2.64318e-05       0.000431973
             124.1       3.16079e-05       0.000528138
             124.3       3.34751e-05       0.000587844
             124.5       2.73257e-05       0.000566987
             124.7       3.59781e-05       0.000631921
             124.9       2.69392e-05       0.000539875
             125.1       3.37068e-05       0.000602929
             125.3       2.60254e-05       0.000442791
             125.5       2.58048e-05       0.000479734
             125.7       2.72272e-05       0.000483331
             125.9        3.0415e-05        0.00055304
             126.1       2.68847e-05       0.000451548
             126.3       2.83112e-05       0.000463014
             126.5       2.49352e-05        0.00046778
             126.7       2.24367e-05       0.000381916
             126.9       2.50687e-05       0.000464113
             127.1       2.96839e-05       0.000566894
             127.3       2.53444e-05       0.000443453
             127.5       2.50727e-05       0.000454543
             127.7       2.07143e-05       0.000399165
             127.9       2.30181e-05       0.000448167
             128.1       2.40421e-05       0.000439417
             128.3       2.98934e-05       0.000548083
             128.5       2.36773e-05       0.000422203
             128.7       2.43413e-05       0.000487551
             128.9        2.6471e-05       0.000489282
             129.1       2.34219e-05       0.000445994
             129.3       2.42285e-05       0.000423874
             129.5       1.97539e-05       0.000425686
             129.7       2.27041e-05       0.000418639
             129.9       2.53609e-05       0.000463834
             130.1        2.4861e-05       0.000459036
             130.3       2.19696e-05       0.000418505
             130.5       2.21456e-05       0.000500381
             130.7       2.45904e-05       0.000458529
             130.9       2.04494e-05       0.000407593
             131.1        1.9245e-05       0.000390329
             131.3       2.32051e-05       0.000395222
             131.5        1.9148e-05       0.000400977
             131.7       2.19069e-05        0.00042838
             131.9       2.15391e-05       0.000456523
             132.1        1.7677e-05       0.000357938
             132.3       2.17957e-05       0.000468888
             132.5       1.72376e-05       0.000377194
             132.7       1.67681e-05        0.00034803
             132.9       1.94356e-05       0.000388114
             133.1        2.1354e-05        0.00046512
             133.3       1.59582e-05       0.000345754
             133.5       2.25501e-05       0.000418063
             133.7        1.8958e-05        0.00043406
             133.9       2.20979e-05       0.000476808
             134.1       2.01045e-05        0.00040562
             134.3       1.18507e-05       0.000271113
             134.5       1.72095e-05       0.000412359
             134.7       1.76714e-05       0.000416613
             134.9       1.80348e-05       0.000387298
             135.1       1.73693e-05       0.000385274
             135.3       1.40316e-05       0.000309103
             135.5       1.84899e-05       0.000441622
             135.7       1.30966e-05       0.000330563
             135.9       1.80965e-05       0.000372112
             136.1       1.34125e-05       0.000343768
             136.3       1.77149e-05       0.000418003
             136.5       2.14324e-05       0.000558827
             136.7       1.41226e-05       0.000329199
             136.9       1.80852e-05       0.000431354
             137.1       1.62041e-05       0.000398021
             137.3       1.74207e-05       0.000385642
             137.5       1.75591e-05       0.000407864
             137.7       1.37672e-05       0.000317317
             137.9       1.52503e-05       0.000339171
             138.1       2.07244e-05       0.000432388
             138.3       1.34922e-05        0.00033774
             138.5       1.57822e-05       0.000335491
             138.7       1.81525e-05       0.000451734
             138.9       1.76955e-05        0.00047352
             139.1       1.54792e-05       0.000383439
             139.3       1.51832e-05        0.00042976
             139.5       1.18419e-05       0.000287702
             139.7       1.34778e-05       0.000306346
             139.9       1.57772e-05       0.000417456
             140.1       1.29421e-05       0.000308507
             140.3       1.43775e-05       0.000334048
             140.5       1.61587e-05       0.000394573
             140.7       1.30828e-05       0.000320495
             140.9       1.19797e-05       0.000286043
             141.1       1.29331e-05       0.000352601
             141.3       1.61128e-05       0.000469261
             141.5       1.42023e-05       0.000343831
             141.7       1.46523e-05       0.000401217
             141.9       1.32765e-05       0.000314391
             142.1       1.27067e-05       0.000323008
             142.3       1.25635e-05       0.000299916
             142.5        1.6977e-05       0.000399428
             142.7       1.18392e-05       0.000280643
             142.9       1.54562e-05        0.00037319
             143.1       9.85528e-06        0.00023696
             143.3       1.29738e-05       0.000321987
             143.5       1.50727e-05       0.000420085
             143.7       9.58925e-06        0.00027532
             143.9       1.23543e-05       0.000402514
             144.1       9.63046e-06       0.000280729
             144.3       1.04726e-05        0.00030163
             144.5       1.02612e-05       0.000248213
             144.7       1.29746e-05       0.000338899
             144.9       1.15098e-05       0.000309695
             145.1       1.21762e-05       0.000325469
             145.3       1.34836e-05       0.000397937
             145.5        1.0373e-05       0.000281053
             145.7       1.10218e-05       0.000326884
             145.9       1.48271e-05       0.000410266
             146.1       1.26185e-05       0.000312197
             146.3       1.05837e-05       0.000256241
             146.5       9.46629e-06       0.000256303
             146.7        9.8574e-06       0.000259802
             146.9       9.89239e-06       0.000273339
             147.1       8.67835e-06       0.000256927
             147.3       6.44712e-06       0.000182182
             147.5       1.07866e-05       0.000295348
             147.7       8.88332e-06       0.000266369
             147.9       1.02333e-05       0.000337313
             148.1       1.33783e-05       0.000354061
             148.3       9.75281e-06       0.000239778
             148.5        8.2163e-06       0.000234343
             148.7        1.4513e-05        0.00036898
             148.9       9.31821e-06       0.000281233
             149.1       9.11951e-06       0.000227401
             149.3       8.64237e-06        0.00030207
             149.5       8.92051e-06       0.000259704
             149.7       9.50088e-06       0.000286024
             149.9        6.1156e-06       0.000194499
             150.1       8.43039e-06       0.000242851
             150.3       7.87601e-06       0.000220143
             150.5       9.51324e-06        0.00025079
             150.7       7.26487e-06         0.0002146
             150.9       7.81107e-06       0.000228143
             151.1        9.0415e-06       0.000298177
             151.3         9.303e-06       0.000235787
             151.5       8.55266e-06       0.000266038
             151.7        7.7015e-06       0.000262941
             151.9       8.97871e-06       0.000278571
             152.1       9.00216e-06         0.0002521
             152.3       6.89231e-06        0.00020276
             152.5       4.37745e-06       0.000168635
             152.7       1.08361e-05       0.000348631
             152.9       8.37937e-06        0.00024234
             153.1        8.7238e-06       0.000266818
             153.3       5.67583e-06       0.000185832
             153.5       9.75274e-06       0.000257913
             153.7       8.12198e-06       0.000219898
             153.9       1.07574e-05       0.000298916
             154.1       6.36658e-06       0.000250177
             154.3       7.55331e-06       0.000271128
             154.5       9.12358e-06       0.000290463
             154.7       6.10071e-06       0.000367849
             154.9       8.10052e-06       0.000278345
             155.1       7.24011e-06       0.000266756
             155.3       5.63956e-06       0.000179192
             155.5       6.78253e-06       0.000199027
             155.7       1.00805e-05        0.00030198
             155.9       7.28772e-06       0.000218342
             156.1       6.58733e-06       0.000216651
             156.3       7.50752e-06       0.000309235
             156.5       6.27954e-06       0.000237318
             156.7         6.343e-06       0.000223212
             156.9        8.8202e-06       0.000262373
             157.1       7.38023e-06       0.000266228
             157.3       5.51713e-06          0.000181
             157.5       4.51199e-06       0.000156797
             157.7       6.52142e-06       0.000203787
             157.9       5.83396e-06       0.000226589
             158.1       7.30727e-06       0.000235258
             158.3       4.84013e-06       0.000189224
             158.5       7.92604e-06       0.000297376
             158.7       5.59662e-06       0.000225328
             158.9       7.39461e-06       0.000250512
             159.1        6.0236e-06       0.000205208
             159.3        7.2038e-06       0.000239764
             159.5       5.55654e-06       0.000252447
             159.7       6.23013e-06       0.000204948
             159.9       6.51131e-06       0.000249441
             160.1       5.67962e-06        0.00023598
             160.3       8.11475e-06       0.000322639
             160.5       7.21219e-06       0.000326945
             160.7       4.60953e-06        0.00016035
             160.9       5.68207e-06       0.000196025
             161.1       5.59678e-06       0.000196797
             161.3       5.13494e-06       0.000173799
             161.5       7.83018e-06       0.000256235
             161.7        5.8507e-06       0.000215752
             161.9       5.69011e-06       0.000233063
             162.1       5.03437e-06       0.000194735
             162.3       5.38227e-06       0.000208856
             162.5       6.78605e-06       0.000243484
             162.7       7.10076e-06       0.000248267
             162.9       4.82704e-06       0.000180343
             163.1       5.04181e-06       0.000188114
             163.3       6.36229e-06       0.000254589
             163.5       5.68651e-06       0.000215098
             163.7       4.46827e-06       0.000167114
             163.9       3.91771e-06       0.000147788
             164.1       5.90559e-06        0.00026898
             164.3       5.24971e-06       0.000218143
             164.5       5.48996e-06       0.000216432
             164.7       4.35646e-06        0.00017941
             164.9       5.55008e-06       0.000234755
             165.1       4.56464e-06        0.00018823
             165.3       6.57473e-06        0.00022641
             165.5       5.21639e-06       0.000192542
             165.7       4.11177e-06       0.000180703
             165.9       5.70782e-06       0.000215277
             166.1       5.98228e-06       0.000211328
             166.3       4.19832e-06       0.000194566
             166.5       4.21286e-06       0.000162913
             166.7        4.3074e-06       0.000190354
             166.9       3.17404e-06       0.000143393
             167.1       4.13752e-06       0.000170045
             167.3       3.59704e-06        0.00013379
             167.5       5.49991e-06       0.000214269
             167.7       4.87225e-06       0.000171412
             167.9       5.01227e-06       0.000192516
             168.1       6.10585e-06       0.000287818
             168.3       3.22602e-06       0.000119501
             168.5       4.81377e-06       0.000183731
             168.7       4.35935e-06       0.000188947
             168.9       5.43356e-06       0.000209493
             169.1       3.97402e-06       0.000166842
             169.3       4.64705e-06       0.000226349
             169.5       4.18254e-06       0.000183251
             169.7       3.42769e-06       0.000138449
             169.9       4.70792e-06       0.000209888
             170.1       5.67092e-06       0.000199194
             170.3       5.20575e-06       0.000207061
             170.5       3.74938e-06       0.000151203
             170.7       4.69632e-06       0.000179107
             170.9       3.59751e-06       0.000197901
             171.1       3.82358e-06       0.000177985
             171.3       2.81858e-06       0.000119455
             171.5        4.3881e-06       0.000174632
             171.7       2.81807e-06       0.000109172
             171.9       2.59849e-06         0.0001228
             172.1       3.96415e-06       0.000163682
             172.3       3.65454e-06       0.000173525
             172.5       4.37671e-06       0.000192514
             172.7       6.07109e-06       0.000245071
             172.9       3.34646e-06       0.000140653
             173.1       2.99574e-06       0.000187007
             173.3       3.23598e-06       0.000157676
             173.5       1.87944e-06       9.11353e-05
             173.7       2.67785e-06       0.000117521
             173.9       2.59606e-06       0.000124078
             174.1       2.05686e-06       0.000150446
             174.3       2.39034e-06       0.000150442
             174.5       2.56045e-06       0.000127531
             174.7        2.8974e-06       0.000155843
             174.9       2.88445e-06       0.000141161
             175.1       3.00999e-06       0.000131388
             175.3       2.62843e-06       0.000152536
             175.5       2.92487e-06       0.000152202
             175.7       3.52288e-06       0.000173992
             175.9       2.21102e-06       0.000112721
             176.1        2.4144e-06       0.000141204
             176.3       2.86622e-06       0.000128164
             176.5       3.17504e-06       0.000135454
             176.7       1.73364e-06       8.53282e-05
             176.9       1.47542e-06       9.85969e-05
             177.1       4.11704e-06       0.000194344
             177.3          3.05e-06        0.00017691
             177.5       2.09258e-06       0.000137482
             177.7       2.61541e-06       0.000146122
             177.9       2.18559e-06       0.000120718
             178.1       2.54609e-06       0.000149085
             178.3       2.46818e-06       0.000124454
             178.5       3.61173e-06       0.000187889
             178.7       4.54823e-06        0.00024613
             178.9       3.80282e-06       0.000201626
             179.1       2.67398e-06       0.000134555
             179.3       4.18862e-06       0.000180605
             179.5       2.20649e-06       0.000104798
             179.7       1.80675e-06        0.00010353
