               0.1          0.771935         0.0506271
               0.3          0.772386         0.0434081
               0.5          0.770228         0.0474796
               0.7          0.780052         0.0460265
               0.9          0.776277         0.0486378
               1.1          0.775416         0.0459483
               1.3          0.778912         0.0495818
               1.5          0.772351         0.0469325
               1.7          0.772097         0.0478587
               1.9          0.772222         0.0521667
               2.1          0.770387         0.0499582
               2.3          0.774453         0.0487398
               2.5          0.771577         0.0465785
               2.7          0.771754         0.0535559
               2.9          0.767238         0.0534825
               3.1          0.767739         0.0495094
               3.3          0.763445          0.051187
               3.5          0.757245         0.0537423
               3.7          0.760675         0.0560387
               3.9          0.758669         0.0501344
               4.1          0.754449          0.057168
               4.3          0.755488          0.058273
               4.5          0.752118         0.0565205
               4.7          0.750859         0.0537345
               4.9          0.747095         0.0573469
               5.1          0.746864         0.0577588
               5.3          0.739888         0.0603064
               5.5           0.73886         0.0600962
               5.7          0.735225         0.0614902
               5.9          0.731046          0.064729
               6.1          0.731909          0.060792
               6.3          0.723874         0.0650071
               6.5          0.716938         0.0717597
               6.7          0.712899         0.0700914
               6.9          0.708441         0.0720569
               7.1          0.708684         0.0705307
               7.3          0.694699         0.0767999
               7.5          0.694016          0.077252
               7.7          0.685953          0.078898
               7.9          0.680337         0.0815142
               8.1          0.672333         0.0842276
               8.3          0.666375         0.0863116
               8.5          0.657067         0.0899768
               8.7          0.648479          0.093093
               8.9          0.640801         0.0943347
               9.1          0.631583         0.0985123
               9.3          0.615272          0.102506
               9.5          0.606092          0.109529
               9.7          0.588583          0.114809
               9.9          0.572135          0.120875
              10.1          0.558859          0.130485
              10.3          0.533116          0.140491
              10.5          0.511823          0.147803
              10.7          0.482332          0.158328
              10.9          0.456493          0.161267
              11.1          0.429135          0.167916
              11.3          0.402427          0.172493
              11.5          0.375408          0.169976
              11.7          0.356354          0.170015
              11.9          0.348315          0.171966
              12.1          0.322341          0.168205
              12.3          0.302874          0.162796
              12.5          0.284526          0.158982
              12.7          0.260151          0.151978
              12.9          0.244878          0.144079
              13.1           0.23132          0.136701
              13.3           0.21529          0.133687
              13.5          0.202735          0.128217
              13.7          0.193171          0.124532
              13.9          0.177504          0.113984
              14.1          0.163298          0.103203
              14.3          0.148052         0.0949446
              14.5          0.140339          0.089098
              14.7          0.129371         0.0817054
              14.9          0.121791         0.0791213
              15.1          0.113557         0.0726546
              15.3          0.106293         0.0681928
              15.5           0.10153         0.0666185
              15.7         0.0965718         0.0626511
              15.9         0.0892068         0.0589463
              16.1         0.0857807         0.0562795
              16.3          0.081144         0.0555354
              16.5         0.0771792         0.0529078
              16.7         0.0743194         0.0513126
              16.9          0.071251         0.0507975
              17.1         0.0673853         0.0466787
              17.3         0.0648887         0.0457662
              17.5         0.0623287         0.0446663
              17.7         0.0586759         0.0419805
              17.9         0.0567933         0.0419494
              18.1         0.0534296         0.0392214
              18.3         0.0522116         0.0377083
              18.5         0.0505799         0.0394301
              18.7         0.0475639         0.0344963
              18.9         0.0463164         0.0346295
              19.1         0.0442136         0.0329815
              19.3         0.0424467         0.0318852
              19.5         0.0415041         0.0321699
              19.7         0.0398471         0.0309223
              19.9         0.0386041         0.0299928
              20.1         0.0371138         0.0280198
              20.3         0.0358283         0.0278964
              20.5         0.0343703         0.0277144
              20.7         0.0335009         0.0268502
              20.9         0.0322026          0.025222
              21.1         0.0310089         0.0243162
              21.3         0.0301148         0.0232109
              21.5         0.0297414         0.0237731
              21.7         0.0282744         0.0224286
              21.9         0.0273479         0.0224367
              22.1         0.0269302         0.0215442
              22.3         0.0256304          0.021372
              22.5         0.0249896         0.0205201
              22.7         0.0246673         0.0206615
              22.9         0.0232352         0.0195323
              23.1          0.022569         0.0190517
              23.3         0.0227072         0.0194201
              23.5         0.0220705         0.0187932
              23.7         0.0211604         0.0178829
              23.9          0.020818         0.0183219
              24.1         0.0204299         0.0179985
              24.3         0.0199052         0.0182209
              24.5         0.0188577         0.0162737
              24.7         0.0186823         0.0164725
              24.9         0.0182811         0.0164421
              25.1          0.017569         0.0159041
              25.3         0.0173862         0.0157435
              25.5         0.0170911         0.0153411
              25.7         0.0163674          0.014933
              25.9         0.0157393          0.014945
              26.1         0.0159663         0.0148472
              26.3         0.0151911         0.0137455
              26.5         0.0148138         0.0137531
              26.7         0.0145372         0.0138937
              26.9           0.01429         0.0134882
              27.1         0.0140018         0.0138844
              27.3         0.0133198         0.0127048
              27.5         0.0133155         0.0125857
              27.7         0.0129628          0.013039
              27.9         0.0127862         0.0128591
              28.1         0.0124977         0.0121898
              28.3          0.011909         0.0116069
              28.5         0.0120433         0.0122574
              28.7          0.011602         0.0114614
              28.9         0.0112785         0.0115932
              29.1         0.0108837         0.0110462
              29.3         0.0106369         0.0105182
              29.5         0.0106158         0.0112526
              29.7         0.0105507         0.0110263
              29.9         0.0103614         0.0108915
              30.1        0.00996476         0.0108806
              30.3        0.00978613         0.0103071
              30.5        0.00941855        0.00961615
              30.7        0.00950362         0.0102121
              30.9        0.00946928          0.010447
              31.1        0.00884558        0.00936783
              31.3        0.00879518        0.00949823
              31.5        0.00857884        0.00920794
              31.7        0.00860987        0.00916526
              31.9        0.00818238        0.00895621
              32.1        0.00825542        0.00931731
              32.3         0.0080472        0.00918592
              32.5        0.00796477        0.00899172
              32.7        0.00763561        0.00866802
              32.9        0.00753372        0.00881041
              33.1         0.0075124        0.00848802
              33.3        0.00717628        0.00838655
              33.5        0.00712162        0.00806335
              33.7        0.00703132        0.00830925
              33.9        0.00669205        0.00776791
              34.1        0.00673121        0.00793137
              34.3        0.00664423        0.00789238
              34.5        0.00630069        0.00761102
              34.7        0.00619874        0.00754912
              34.9        0.00631049        0.00755062
              35.1        0.00598738        0.00725258
              35.3        0.00607745         0.0074714
              35.5        0.00596741        0.00728705
              35.7        0.00576353        0.00734285
              35.9        0.00572698        0.00746747
              36.1         0.0054172        0.00679188
              36.3        0.00541763         0.0067313
              36.5        0.00547519        0.00708827
              36.7        0.00528433        0.00652694
              36.9        0.00517402        0.00664438
              37.1        0.00526144        0.00692375
              37.3        0.00509211        0.00669254
              37.5        0.00486093        0.00675995
              37.7        0.00479002        0.00613091
              37.9        0.00469057        0.00607856
              38.1        0.00485627         0.0066125
              38.3        0.00457956        0.00611439
              38.5        0.00437596        0.00614469
              38.7        0.00428469        0.00578483
              38.9        0.00428932        0.00595165
              39.1        0.00430636        0.00591749
              39.3        0.00428162        0.00600143
              39.5         0.0041712        0.00576788
              39.7        0.00407156        0.00581786
              39.9        0.00393671        0.00547024
              40.1        0.00385609        0.00541449
              40.3        0.00387262        0.00556188
              40.5         0.0038447        0.00561155
              40.7        0.00376617        0.00555233
              40.9        0.00370198         0.0053997
              41.1        0.00364476        0.00534512
              41.3        0.00358239        0.00531024
              41.5        0.00345236        0.00531558
              41.7        0.00347012        0.00524746
              41.9        0.00341133        0.00536003
              42.1        0.00339693        0.00515457
              42.3        0.00328352        0.00503347
              42.5        0.00324735        0.00508078
              42.7        0.00316048        0.00493647
              42.9        0.00312361        0.00492423
              43.1        0.00303429        0.00479952
              43.3        0.00304986        0.00461619
              43.5        0.00297232        0.00486081
              43.7        0.00293305        0.00459843
              43.9        0.00281895        0.00445096
              44.1        0.00276586        0.00439419
              44.3        0.00278252        0.00461301
              44.5        0.00278032        0.00458097
              44.7        0.00273081        0.00442455
              44.9         0.0026702        0.00428293
              45.1        0.00260978        0.00438489
              45.3        0.00263479        0.00447057
              45.5        0.00252623        0.00439241
              45.7        0.00247036        0.00420411
              45.9        0.00243932        0.00421385
              46.1        0.00244999        0.00423384
              46.3          0.002446        0.00414852
              46.5        0.00235186        0.00405694
              46.7        0.00227601        0.00391805
              46.9        0.00232321        0.00410415
              47.1        0.00231696        0.00417114
              47.3        0.00220584        0.00398021
              47.5        0.00230523        0.00432396
              47.7         0.0021837        0.00402033
              47.9        0.00212797        0.00392316
              48.1        0.00206711        0.00366669
              48.3        0.00201303        0.00373567
              48.5        0.00200491        0.00368601
              48.7        0.00200056        0.00374962
              48.9        0.00194709        0.00363601
              49.1        0.00196633        0.00367168
              49.3        0.00189103        0.00347365
              49.5        0.00190356        0.00362461
              49.7        0.00183908        0.00350549
              49.9        0.00179421        0.00343552
              50.1        0.00175041        0.00332624
              50.3        0.00180743        0.00383212
              50.5        0.00175904        0.00347686
              50.7        0.00174017        0.00347311
              50.9        0.00172121        0.00332695
              51.1        0.00163537        0.00316177
              51.3        0.00164944          0.003409
              51.5        0.00168576        0.00354924
              51.7        0.00163038        0.00326077
              51.9        0.00157377        0.00312917
              52.1        0.00158948        0.00322253
              52.3        0.00157324        0.00332767
              52.5        0.00150363        0.00313129
              52.7        0.00150521        0.00309247
              52.9        0.00149947        0.00317347
              53.1         0.0014511        0.00312191
              53.3        0.00143241        0.00292397
              53.5         0.0014164         0.0029539
              53.7        0.00134654        0.00296041
              53.9        0.00141022        0.00311812
              54.1        0.00136608        0.00295735
              54.3        0.00134776        0.00284985
              54.5        0.00133319        0.00289599
              54.7         0.0013401        0.00289455
              54.9        0.00128484        0.00279488
              55.1        0.00129538        0.00292392
              55.3        0.00126096        0.00282742
              55.5        0.00125792        0.00288816
              55.7        0.00125854        0.00282739
              55.9        0.00119601        0.00270935
              56.1        0.00119281         0.0027678
              56.3        0.00119374        0.00269476
              56.5        0.00115139        0.00272367
              56.7        0.00114506        0.00268458
              56.9        0.00113341        0.00259057
              57.1        0.00109796        0.00265999
              57.3        0.00108662        0.00258463
              57.5        0.00112371        0.00268204
              57.7        0.00111929        0.00267444
              57.9          0.001077        0.00352583
              58.1        0.00102124        0.00240393
              58.3        0.00101202        0.00249091
              58.5        0.00101282        0.00247294
              58.7        0.00098614        0.00238724
              58.9         0.0010289        0.00252238
              59.1       0.000994997        0.00251276
              59.3       0.000962409        0.00239273
              59.5       0.000950959        0.00236298
              59.7       0.000950409        0.00248076
              59.9       0.000956053        0.00254033
              60.1       0.000947808        0.00236799
              60.3       0.000876308        0.00223726
              60.5       0.000902695        0.00242686
              60.7       0.000845376        0.00209499
              60.9       0.000885404        0.00228119
              61.1       0.000883105        0.00228007
              61.3       0.000873656        0.00228201
              61.5       0.000820852        0.00215652
              61.7       0.000809862        0.00217955
              61.9       0.000806649        0.00218243
              62.1       0.000806429        0.00218741
              62.3       0.000777082        0.00210558
              62.5       0.000810076        0.00218985
              62.7       0.000749451        0.00200559
              62.9       0.000743081         0.0020857
              63.1       0.000731156        0.00195561
              63.3       0.000742588        0.00206951
              63.5       0.000740106        0.00207842
              63.7       0.000715022        0.00199033
              63.9       0.000723179        0.00201548
              64.1       0.000723671        0.00200542
              64.3       0.000696646        0.00197093
              64.5       0.000680391        0.00192064
              64.7       0.000714504        0.00215468
              64.9        0.00068697        0.00199998
              65.1       0.000658946        0.00195233
              65.3        0.00066817        0.00203342
              65.5       0.000667265        0.00196852
              65.7       0.000669606        0.00193504
              65.9       0.000626447        0.00178659
              66.1        0.00061769        0.00173819
              66.3       0.000635081        0.00195625
              66.5       0.000608675        0.00186622
              66.7       0.000623271         0.0019257
              66.9       0.000600146        0.00192832
              67.1       0.000583545        0.00181203
              67.3       0.000595454        0.00201064
              67.5        0.00055447        0.00168159
              67.7       0.000567727         0.0017346
              67.9       0.000563077        0.00183543
              68.1       0.000548379        0.00184676
              68.3       0.000568324        0.00196605
              68.5       0.000542554        0.00179172
              68.7       0.000538154          0.001786
              68.9       0.000525489        0.00170051
              69.1       0.000508586        0.00165677
              69.3       0.000514416        0.00172938
              69.5       0.000535555        0.00173282
              69.7       0.000504964        0.00177252
              69.9       0.000506138        0.00170453
              70.1       0.000497731        0.00169995
              70.3        0.00050907         0.0017171
              70.5       0.000478197        0.00157003
              70.7       0.000483049        0.00162873
              70.9       0.000472862        0.00164965
              71.1       0.000469053        0.00162106
              71.3       0.000450402        0.00153815
              71.5       0.000450076        0.00160926
              71.7       0.000472775        0.00163269
              71.9       0.000453246        0.00161438
              72.1       0.000457057        0.00158618
              72.3       0.000419031        0.00150114
              72.5       0.000430581        0.00156045
              72.7       0.000422688        0.00148554
              72.9       0.000390987        0.00150887
              73.1         0.0004231        0.00150928
              73.3       0.000410911        0.00153687
              73.5       0.000409994        0.00151894
              73.7       0.000398479        0.00151234
              73.9       0.000382467        0.00138089
              74.1        0.00039147        0.00144866
              74.3       0.000396535        0.00154165
              74.5       0.000392122        0.00145812
              74.7       0.000371531        0.00150055
              74.9       0.000376576        0.00140026
              75.1       0.000347521        0.00136904
              75.3       0.000356511        0.00154558
              75.5       0.000354722         0.0013599
              75.7       0.000354443        0.00135621
              75.9       0.000356957        0.00137245
              76.1       0.000347155        0.00129245
              76.3        0.00033888        0.00129543
              76.5       0.000349651        0.00140817
              76.7       0.000344488        0.00133055
              76.9       0.000328006        0.00127937
              77.1       0.000323466        0.00127168
              77.3       0.000322283        0.00131339
              77.5       0.000331668        0.00129943
              77.7       0.000336035        0.00131517
              77.9       0.000315169        0.00131395
              78.1       0.000313513        0.00135478
              78.3       0.000297926        0.00131491
              78.5       0.000310783        0.00130859
              78.7       0.000307858          0.001271
              78.9       0.000295698        0.00129181
              79.1       0.000290261        0.00119338
              79.3       0.000284328        0.00119555
              79.5       0.000282104         0.0012253
              79.7       0.000271279        0.00112522
              79.9       0.000269734        0.00113646
              80.1       0.000297311        0.00133629
              80.3       0.000278356        0.00120276
              80.5       0.000275425        0.00120395
              80.7       0.000257937         0.0010882
              80.9       0.000262176        0.00114374
              81.1       0.000278384        0.00122016
              81.3       0.000270849        0.00129043
              81.5       0.000252362        0.00112601
              81.7       0.000248345        0.00105854
              81.9       0.000241823        0.00110548
              82.1       0.000241695        0.00118321
              82.3       0.000235801        0.00111814
              82.5       0.000240933        0.00112116
              82.7       0.000230743        0.00104497
              82.9       0.000243379        0.00115573
              83.1       0.000248936        0.00115882
              83.3       0.000235023        0.00109449
              83.5       0.000215409        0.00101357
              83.7       0.000232934        0.00116654
              83.9        0.00021135        0.00105357
              84.1       0.000223872        0.00106531
              84.3       0.000211901        0.00100678
              84.5       0.000208675        0.00101449
              84.7       0.000207807        0.00103765
              84.9       0.000219561        0.00111372
              85.1       0.000205542         0.0012646
              85.3       0.000207247          0.001047
              85.5       0.000215576        0.00108097
              85.7         0.0002057        0.00104506
              85.9       0.000211176        0.00103717
              86.1       0.000206592         0.0010893
              86.3       0.000201659       0.000998571
              86.5       0.000196711       0.000963651
              86.7       0.000210084        0.00108417
              86.9       0.000202371        0.00102244
              87.1       0.000192843         0.0010183
              87.3         0.0001839        0.00101395
              87.5       0.000189496        0.00106402
              87.7       0.000185803       0.000980627
              87.9       0.000183412       0.000958637
              88.1       0.000185345       0.000978786
              88.3       0.000174883       0.000915237
              88.5       0.000171395       0.000879323
              88.7        0.00017261       0.000914428
              88.9       0.000180927       0.000990832
              89.1       0.000174247       0.000935172
              89.3       0.000164094       0.000882813
              89.5       0.000168106        0.00091013
              89.7       0.000169232       0.000914316
              89.9        0.00017543       0.000943287
              90.1       0.000158622        0.00093705
              90.3       0.000169767        0.00091934
              90.5       0.000159009       0.000916789
              90.7       0.000153177       0.000872601
              90.9       0.000167573        0.00100254
              91.1       0.000161693        0.00091445
              91.3       0.000147778       0.000833637
              91.5       0.000147597       0.000858359
              91.7       0.000143387       0.000766073
              91.9       0.000141733        0.00082899
              92.1       0.000146975       0.000863823
              92.3       0.000145253        0.00083043
              92.5       0.000144169       0.000881805
              92.7       0.000142029       0.000872641
              92.9       0.000140356       0.000840103
              93.1       0.000141272       0.000859312
              93.3       0.000140609       0.000866317
              93.5       0.000129615       0.000825499
              93.7       0.000125293       0.000741016
              93.9       0.000134346       0.000774367
              94.1       0.000132205       0.000791088
              94.3       0.000132464       0.000799809
              94.5       0.000127147       0.000823029
              94.7       0.000127324       0.000779554
              94.9        0.00012976        0.00079453
              95.1       0.000126562       0.000825565
              95.3       0.000135529       0.000868127
              95.5       0.000122416       0.000782762
              95.7       0.000112046       0.000721843
              95.9       0.000123151       0.000763703
              96.1        0.00011518        0.00074881
              96.3       0.000111729       0.000730858
              96.5       0.000108615       0.000716488
              96.7       0.000122259       0.000786078
              96.9       0.000123167       0.000832104
              97.1       0.000119743       0.000770707
              97.3       0.000106207       0.000689298
              97.5       0.000107262       0.000761644
              97.7       0.000112375       0.000771278
              97.9       0.000105496       0.000692815
              98.1       0.000103392       0.000674581
              98.3       9.71811e-05        0.00062745
              98.5       0.000109421       0.000708408
              98.7       9.70043e-05       0.000737331
              98.9       0.000106498       0.000713052
              99.1       9.31169e-05       0.000638269
              99.3       0.000102018        0.00075526
              99.5       9.69925e-05       0.000680734
              99.7       9.98718e-05       0.000671129
              99.9       9.77948e-05       0.000650456
             100.1       9.61141e-05       0.000659266
             100.3       0.000100006       0.000720635
             100.5        9.4742e-05       0.000663976
             100.7       8.97515e-05       0.000638242
             100.9       9.12291e-05       0.000620265
             101.1       8.82464e-05       0.000643271
             101.3       9.75925e-05       0.000719441
             101.5       8.83214e-05       0.000627576
             101.7       9.10851e-05       0.000663099
             101.9       8.80135e-05       0.000656647
             102.1       8.16733e-05       0.000631672
             102.3       8.38332e-05       0.000618849
             102.5       7.96771e-05       0.000649516
             102.7       9.38308e-05       0.000683155
             102.9       8.52482e-05       0.000628269
             103.1       7.94925e-05       0.000596383
             103.3       7.97489e-05       0.000595992
             103.5       7.84213e-05       0.000596448
             103.7       7.69776e-05        0.00060645
             103.9       8.83414e-05       0.000701384
             104.1       7.94656e-05       0.000649126
             104.3       6.69801e-05       0.000529969
             104.5        7.2731e-05       0.000564189
             104.7       7.13083e-05       0.000566849
             104.9       7.69356e-05        0.00064628
             105.1       7.55517e-05       0.000656545
             105.3       8.12522e-05       0.000631427
             105.5       7.53233e-05       0.000644455
             105.7       7.47667e-05       0.000614623
             105.9        6.8469e-05       0.000539137
             106.1       6.49384e-05       0.000543815
             106.3       7.02057e-05       0.000582371
             106.5       7.67818e-05       0.000634899
             106.7       6.48618e-05       0.000531231
             106.9       7.32856e-05       0.000611613
             107.1       6.33992e-05       0.000531054
             107.3       7.35243e-05       0.000623586
             107.5       6.88586e-05       0.000576238
             107.7        6.4009e-05       0.000543492
             107.9        6.8616e-05       0.000674511
             108.1       6.61888e-05       0.000577866
             108.3       6.30212e-05       0.000538884
             108.5       6.36708e-05       0.000523916
             108.7       6.34773e-05       0.000551324
             108.9       6.15005e-05       0.000515485
             109.1       6.22267e-05       0.000532576
             109.3       6.00248e-05       0.000492591
             109.5         6.394e-05       0.000555527
             109.7       6.08403e-05       0.000537984
             109.9       5.66987e-05       0.000522333
             110.1       5.94179e-05       0.000557949
             110.3       5.94326e-05       0.000568872
             110.5       6.32778e-05       0.000554594
             110.7       5.86348e-05       0.000528227
             110.9       6.24162e-05       0.000595745
             111.1       5.78955e-05       0.000514283
             111.3       6.18418e-05       0.000593549
             111.5       5.70172e-05       0.000505633
             111.7       5.65924e-05        0.00049974
             111.9       5.47466e-05       0.000513186
             112.1       4.93206e-05        0.00049114
             112.3       5.06422e-05       0.000433974
             112.5       5.46519e-05       0.000511655
             112.7       5.44616e-05       0.000500979
             112.9       4.99663e-05       0.000458641
             113.1       5.16562e-05       0.000482227
             113.3       4.84406e-05       0.000420512
             113.5       5.22264e-05       0.000540845
             113.7        4.7606e-05        0.00045895
             113.9       5.77236e-05       0.000525599
             114.1       4.94365e-05       0.000492771
             114.3        4.9982e-05       0.000495446
             114.5       4.44664e-05       0.000446581
             114.7       4.85068e-05       0.000483495
             114.9       4.74454e-05       0.000476027
             115.1       4.60574e-05       0.000451671
             115.3       4.79346e-05       0.000458502
             115.5       4.09119e-05       0.000395336
             115.7       4.20063e-05       0.000418804
             115.9       4.52295e-05       0.000458471
             116.1       4.39647e-05        0.00046602
             116.3       4.34579e-05         0.0004245
             116.5       4.17435e-05        0.00042537
             116.7       4.36098e-05       0.000443832
             116.9       3.51429e-05        0.00035717
             117.1       4.09725e-05       0.000430256
             117.3       4.38391e-05       0.000438101
             117.5       3.74766e-05       0.000369921
             117.7       4.22514e-05       0.000502877
             117.9       4.20574e-05       0.000449227
             118.1       4.14616e-05       0.000508454
             118.3       4.04407e-05       0.000402126
             118.5       4.59519e-05       0.000479814
             118.7       4.40791e-05       0.000480105
             118.9       3.81499e-05       0.000435523
             119.1       3.68473e-05       0.000402735
             119.3       3.94639e-05       0.000413903
             119.5       3.92549e-05       0.000429036
             119.7       3.60825e-05       0.000380989
             119.9       3.62267e-05       0.000378714
             120.1       3.77897e-05       0.000422844
             120.3       3.48922e-05       0.000405674
             120.5       3.23692e-05       0.000361247
             120.7       3.11239e-05       0.000346698
             120.9       3.06155e-05       0.000338664
             121.1       3.11772e-05       0.000378979
             121.3       3.78907e-05       0.000414877
             121.5       3.31115e-05       0.000389618
             121.7       3.39488e-05       0.000400443
             121.9       3.19694e-05       0.000356033
             122.1       3.19212e-05        0.00037586
             122.3       3.31691e-05       0.000410617
             122.5       3.51523e-05       0.000424978
             122.7       2.97144e-05       0.000320623
             122.9       3.30293e-05        0.00040034
             123.1       2.65164e-05       0.000314454
             123.3        2.9304e-05       0.000348265
             123.5       2.90707e-05       0.000352726
             123.7       2.95792e-05       0.000331202
             123.9        2.8304e-05       0.000326171
             124.1       3.02947e-05        0.00037121
             124.3        2.9547e-05       0.000358412
             124.5       3.12672e-05       0.000394366
             124.7       3.44596e-05       0.000400845
             124.9       2.77192e-05       0.000362282
             125.1       3.09187e-05        0.00038449
             125.3       3.00397e-05       0.000378404
             125.5       3.29953e-05       0.000399858
             125.7       3.23993e-05       0.000405808
             125.9       2.86701e-05       0.000332308
             126.1       2.66528e-05        0.00032604
             126.3       2.47821e-05        0.00033845
             126.5       2.64838e-05       0.000351762
             126.7       2.63743e-05       0.000351991
             126.9       2.49231e-05       0.000322453
             127.1       2.60376e-05       0.000341118
             127.3       2.48435e-05        0.00028515
             127.5       2.86169e-05       0.000368709
             127.7       2.88556e-05       0.000399216
             127.9       2.30591e-05       0.000288112
             128.1       2.86665e-05       0.000456385
             128.3       2.50963e-05       0.000314738
             128.5       2.36901e-05       0.000336243
             128.7       2.64864e-05       0.000348258
             128.9       2.41052e-05       0.000352922
             129.1       2.13157e-05       0.000272895
             129.3       2.68668e-05       0.000354752
             129.5       2.84554e-05       0.000420095
             129.7       2.32133e-05       0.000318153
             129.9       2.52821e-05       0.000330907
             130.1       2.32536e-05       0.000334226
             130.3       2.16821e-05       0.000314877
             130.5       2.41158e-05       0.000357957
             130.7       2.09918e-05       0.000278695
             130.9       2.04271e-05       0.000330868
             131.1       2.35798e-05       0.000377113
             131.3       2.27003e-05       0.000333726
             131.5       2.48063e-05       0.000352774
             131.7       2.07894e-05        0.00029128
             131.9       1.91384e-05       0.000272057
             132.1       2.11418e-05       0.000328295
             132.3       1.79128e-05       0.000263797
             132.5       1.78811e-05       0.000255884
             132.7       1.78851e-05       0.000262644
             132.9        2.0142e-05       0.000286954
             133.1       2.07134e-05       0.000293163
             133.3       1.95309e-05       0.000318821
             133.5       1.88324e-05       0.000290789
             133.7       2.30079e-05        0.00030786
             133.9       1.68132e-05       0.000250382
             134.1       1.82512e-05       0.000271858
             134.3       1.78621e-05       0.000310949
             134.5       1.66169e-05       0.000236636
             134.7       1.92277e-05       0.000297754
             134.9       1.73832e-05       0.000252182
             135.1       1.85431e-05       0.000274242
             135.3       1.97455e-05       0.000286877
             135.5       1.81537e-05       0.000273653
             135.7       1.75215e-05       0.000327755
             135.9       1.65263e-05       0.000264436
             136.1       1.46773e-05       0.000218362
             136.3       1.45381e-05       0.000236755
             136.5       1.76196e-05       0.000288807
             136.7        1.5601e-05       0.000245478
             136.9       1.75767e-05       0.000283785
             137.1       1.77878e-05       0.000277379
             137.3       1.59588e-05       0.000262587
             137.5       1.71587e-05       0.000281061
             137.7       1.57555e-05       0.000266372
             137.9       1.82703e-05       0.000312314
             138.1       1.36646e-05       0.000241203
             138.3       1.38429e-05       0.000220215
             138.5       1.71894e-05       0.000280898
             138.7       1.68939e-05       0.000266496
             138.9       1.60649e-05       0.000262644
             139.1        1.7441e-05       0.000306505
             139.3       1.64846e-05       0.000252798
             139.5        1.1673e-05       0.000198459
             139.7       1.32627e-05       0.000220892
             139.9       1.51376e-05       0.000272604
             140.1       1.54866e-05       0.000242416
             140.3       1.57799e-05       0.000275455
             140.5       1.58924e-05       0.000294422
             140.7       1.66017e-05        0.00029427
             140.9       1.15944e-05       0.000199131
             141.1       1.31638e-05        0.00020474
             141.3       1.42123e-05       0.000244585
             141.5       1.34353e-05       0.000242577
             141.7       1.32299e-05       0.000240648
             141.9       1.61474e-05        0.00026962
             142.1       1.36348e-05       0.000212047
             142.3       1.20781e-05       0.000214001
             142.5       1.37143e-05       0.000218033
             142.7       1.35035e-05       0.000253298
             142.9       1.35431e-05       0.000247595
             143.1        1.2261e-05       0.000219457
             143.3       1.48624e-05       0.000296941
             143.5       9.91718e-06       0.000208132
             143.7        1.4976e-05       0.000284126
             143.9       1.25941e-05       0.000229566
             144.1       1.37769e-05       0.000239995
             144.3       1.26536e-05       0.000237879
             144.5        1.3091e-05       0.000225224
             144.7       1.06622e-05       0.000196764
             144.9       1.15761e-05       0.000202168
             145.1       1.06087e-05       0.000188963
             145.3       1.14354e-05       0.000215811
             145.5       1.04549e-05       0.000201576
             145.7       1.27597e-05       0.000250548
             145.9       1.12776e-05       0.000205446
             146.1       1.16714e-05       0.000223841
             146.3       1.20414e-05       0.000221022
             146.5       1.00141e-05       0.000197216
             146.7       1.10323e-05       0.000201151
             146.9        1.2717e-05       0.000241732
             147.1        1.0772e-05       0.000213693
             147.3        1.2114e-05       0.000232382
             147.5        1.0701e-05       0.000215122
             147.7       1.06813e-05       0.000206432
             147.9       1.19306e-05       0.000222663
             148.1       8.77603e-06       0.000165391
             148.3       1.15332e-05        0.00028733
             148.5       1.04785e-05       0.000190166
             148.7       9.43882e-06       0.000185421
             148.9       1.04714e-05       0.000194002
             149.1       9.05514e-06       0.000190794
             149.3       1.09946e-05       0.000239651
             149.5       1.02964e-05       0.000198143
             149.7         8.233e-06       0.000185138
             149.9       9.81901e-06       0.000211082
             150.1       9.74132e-06        0.00021719
             150.3       6.86399e-06       0.000156435
             150.5       9.12068e-06       0.000174862
             150.7       6.68679e-06        0.00014649
             150.9       9.22384e-06       0.000202519
             151.1       8.03106e-06       0.000159615
             151.3       7.73873e-06       0.000161531
             151.5       7.95437e-06       0.000190822
             151.7       1.11373e-05       0.000248346
             151.9       9.00626e-06       0.000200812
             152.1       1.05934e-05       0.000238446
             152.3       8.09678e-06       0.000179405
             152.5       9.85146e-06       0.000215294
             152.7       8.84259e-06        0.00020077
             152.9       9.07909e-06       0.000216191
             153.1       8.41853e-06       0.000177073
             153.3        7.8874e-06        0.00018072
             153.5       9.37831e-06       0.000217439
             153.7       6.89542e-06       0.000164072
             153.9       7.98443e-06       0.000207145
             154.1       7.67543e-06       0.000181634
             154.3       7.04671e-06       0.000157459
             154.5       6.74597e-06        0.00014781
             154.7       9.66093e-06       0.000215929
             154.9       9.13975e-06       0.000202576
             155.1        8.4314e-06        0.00017214
             155.3       6.63399e-06       0.000179141
             155.5       6.11459e-06       0.000172833
             155.7       6.75343e-06       0.000158498
             155.9       7.44073e-06        0.00019071
             156.1       8.32282e-06        0.00019539
             156.3       7.88279e-06       0.000180284
             156.5       8.77014e-06       0.000238396
             156.7       8.44367e-06       0.000182894
             156.9       6.15805e-06       0.000145747
             157.1       8.14302e-06       0.000189197
             157.3       8.07845e-06       0.000180347
             157.5       6.97051e-06       0.000161831
             157.7       6.80318e-06       0.000163098
             157.9       6.54132e-06       0.000156888
             158.1       6.93554e-06       0.000194635
             158.3       7.33426e-06       0.000167293
             158.5       6.47109e-06       0.000184236
             158.7       5.89053e-06       0.000135229
             158.9       6.26329e-06       0.000152905
             159.1       5.94843e-06       0.000165622
             159.3       6.82254e-06       0.000171092
             159.5       7.96608e-06        0.00018536
             159.7       7.01042e-06       0.000181867
             159.9       7.76674e-06       0.000170253
             160.1       7.09137e-06       0.000175706
             160.3        6.3376e-06       0.000155057
             160.5       5.76641e-06       0.000140423
             160.7       6.12012e-06       0.000160644
             160.9       5.94508e-06       0.000145445
             161.1       7.69638e-06       0.000187696
             161.3       4.50394e-06       0.000121634
             161.5       4.99044e-06       0.000151739
             161.7       5.85096e-06       0.000185001
             161.9       5.68307e-06       0.000169828
             162.1       4.93631e-06       0.000138815
             162.3       7.53321e-06       0.000267127
             162.5       4.70431e-06       0.000152559
             162.7       5.86537e-06       0.000149469
             162.9       4.25919e-06       0.000108988
             163.1       4.45336e-06       0.000113497
             163.3       5.12264e-06       0.000134982
             163.5       4.38316e-06       0.000125409
             163.7       4.39054e-06       0.000124695
             163.9       5.96942e-06       0.000195363
             164.1       4.13169e-06       0.000127585
             164.3       5.04031e-06       0.000131234
             164.5       4.78949e-06       0.000145906
             164.7       5.52546e-06       0.000162666
             164.9       5.34578e-06        0.00017091
             165.1       5.62912e-06       0.000150272
             165.3       3.75385e-06       0.000113288
             165.5       5.15085e-06       0.000136857
             165.7       3.03046e-06       8.52192e-05
             165.9       4.49451e-06       0.000130076
             166.1       3.95217e-06       0.000112391
             166.3       5.17874e-06       0.000161188
             166.5       4.92136e-06       0.000166897
             166.7       4.91485e-06       0.000128801
             166.9       5.27675e-06        0.00014006
             167.1       4.80942e-06       0.000139301
             167.3         4.513e-06       0.000147008
             167.5       4.84234e-06       0.000135355
             167.7       4.53199e-06        0.00012511
             167.9       5.94744e-06       0.000144548
             168.1       4.50723e-06       0.000163135
             168.3       4.81329e-06       0.000148341
             168.5       3.26875e-06       0.000124959
             168.7       3.72315e-06       0.000110538
             168.9       5.72586e-06       0.000200065
             169.1       3.95174e-06       0.000129366
             169.3       4.65291e-06       0.000127433
             169.5       3.62816e-06       0.000117005
             169.7       2.70323e-06       9.30944e-05
             169.9       4.00016e-06       0.000141277
             170.1       3.31119e-06       0.000124566
             170.3       4.22689e-06        0.00011952
             170.5       4.21125e-06       0.000138648
             170.7        3.7544e-06       0.000133989
             170.9       3.23246e-06       0.000102555
             171.1       3.96596e-06       0.000127477
             171.3       3.44652e-06       0.000108753
             171.5       3.80609e-06       0.000115386
             171.7       3.58952e-06       9.41964e-05
             171.9       3.44889e-06       9.93426e-05
             172.1       3.42252e-06       0.000134054
             172.3       2.54424e-06       0.000104053
             172.5       4.48898e-06       0.000143077
             172.7       3.52403e-06       0.000123974
             172.9       4.20223e-06       0.000129743
             173.1       4.57864e-06       0.000170024
             173.3       2.74295e-06       7.99852e-05
             173.5       3.81672e-06       0.000126164
             173.7       2.73506e-06        8.2084e-05
             173.9       2.56733e-06       8.28696e-05
             174.1       4.33817e-06       0.000150629
             174.3       4.25001e-06       0.000125554
             174.5       3.19658e-06       0.000105642
             174.7       3.13152e-06        0.00012091
             174.9       3.18365e-06       9.66242e-05
             175.1       2.77923e-06       0.000104414
             175.3       3.20929e-06       0.000101354
             175.5       3.39641e-06       0.000175501
             175.7       3.18228e-06       0.000125559
             175.9       3.39782e-06       0.000135577
             176.1       2.33925e-06       8.03383e-05
             176.3       2.15455e-06       8.22173e-05
             176.5       2.54465e-06       0.000104653
             176.7       3.11405e-06       0.000115413
             176.9       3.12779e-06       9.89155e-05
             177.1       2.19952e-06       8.70749e-05
             177.3       2.61472e-06       0.000111167
             177.5       2.08788e-06       7.50359e-05
             177.7        2.8632e-06       0.000104216
             177.9       3.80775e-06       0.000125016
             178.1       2.98435e-06       0.000106355
             178.3        3.0507e-06       0.000110615
             178.5       3.55036e-06       0.000119393
             178.7        2.5812e-06       9.30709e-05
             178.9        1.9875e-06       7.82323e-05
             179.1       2.38516e-06         8.875e-05
             179.3       2.28881e-06       8.80247e-05
             179.5       2.68768e-06       0.000113162
             179.7       2.57646e-06       9.69637e-05
