               0.1          0.771801         0.0172037
               0.3          0.778707         0.0487805
               0.5          0.778705          0.031898
               0.7          0.774323         0.0330606
               0.9          0.777829         0.0301391
               1.1          0.775464         0.0325033
               1.3          0.768591         0.0348022
               1.5          0.772746         0.0327817
               1.7          0.774194         0.0308426
               1.9          0.770981         0.0352229
               2.1           0.77325          0.031277
               2.3          0.771036         0.0347614
               2.5          0.770524         0.0328855
               2.7          0.768954         0.0332608
               2.9          0.767614         0.0370965
               3.1          0.765293         0.0359897
               3.3          0.764642         0.0359318
               3.5          0.762153         0.0375302
               3.7          0.763342         0.0355311
               3.9          0.760311         0.0371758
               4.1          0.758158         0.0363297
               4.3          0.752835         0.0387306
               4.5          0.752787         0.0374673
               4.7          0.751519         0.0374516
               4.9          0.751403         0.0412566
               5.1          0.746273         0.0412041
               5.3           0.74196         0.0396932
               5.5          0.739931          0.041711
               5.7          0.737245         0.0415343
               5.9          0.733769         0.0420766
               6.1          0.728564         0.0439358
               6.3          0.724805         0.0449688
               6.5           0.72206         0.0470193
               6.7          0.715044         0.0481781
               6.9          0.710133         0.0529209
               7.1          0.706278         0.0501308
               7.3          0.701056           0.05281
               7.5          0.695913         0.0517022
               7.7          0.691801         0.0536814
               7.9          0.683126          0.057149
               8.1          0.677992         0.0572339
               8.3          0.668429         0.0613462
               8.5          0.659767         0.0646869
               8.7          0.649541         0.0658807
               8.9           0.64053         0.0699891
               9.1          0.629701         0.0722085
               9.3           0.61836         0.0740554
               9.5          0.606854         0.0795079
               9.7          0.591942         0.0860082
               9.9          0.578233          0.089174
              10.1          0.559457         0.0970056
              10.3          0.540565          0.109193
              10.5          0.512221          0.120934
              10.7          0.485864          0.132102
              10.9          0.451701          0.139541
              11.1          0.431895          0.144019
              11.3           0.40652          0.147964
              11.5            0.3862          0.150454
              11.7          0.362203            0.1501
              11.9          0.341072          0.148549
              12.1          0.323735          0.146313
              12.3          0.300027           0.14383
              12.5          0.279409          0.136713
              12.7           0.26415          0.134626
              12.9          0.247757          0.125556
              13.1          0.229698          0.120189
              13.3          0.211959           0.11077
              13.5          0.201399          0.108915
              13.7          0.186898          0.100388
              13.9           0.17419          0.093657
              14.1          0.162967         0.0858045
              14.3          0.149506         0.0760095
              14.5          0.138086         0.0691835
              14.7          0.128674         0.0618068
              14.9          0.121522         0.0593572
              15.1          0.113473         0.0541359
              15.3          0.107211          0.050352
              15.5          0.100655         0.0488749
              15.7         0.0961184         0.0454015
              15.9         0.0901392         0.0427102
              16.1          0.085612         0.0400226
              16.3         0.0823356         0.0389463
              16.5         0.0779563         0.0374198
              16.7         0.0736336         0.0353327
              16.9         0.0696106         0.0337828
              17.1         0.0673503          0.033258
              17.3         0.0653701         0.0319142
              17.5         0.0610616         0.0294985
              17.7         0.0579441         0.0280505
              17.9         0.0565039         0.0275687
              18.1         0.0533311         0.0265259
              18.3         0.0511128         0.0248151
              18.5         0.0491851         0.0249502
              18.7         0.0477242         0.0242693
              18.9         0.0456717         0.0246166
              19.1         0.0437188         0.0227918
              19.3         0.0430538         0.0216974
              19.5         0.0406342         0.0209975
              19.7          0.039002         0.0199604
              19.9          0.037836         0.0195801
              20.1         0.0368782         0.0192138
              20.3         0.0358542         0.0191462
              20.5         0.0344233         0.0188471
              20.7         0.0327189         0.0171641
              20.9         0.0319948         0.0173061
              21.1         0.0310001         0.0170195
              21.3         0.0303518         0.0166273
              21.5         0.0294773         0.0160385
              21.7          0.028365         0.0155619
              21.9         0.0279231         0.0154708
              22.1         0.0264539         0.0145159
              22.3         0.0257518         0.0140674
              22.5         0.0255376         0.0142262
              22.7          0.024378          0.013949
              22.9         0.0240089         0.0139023
              23.1         0.0228417         0.0129034
              23.3         0.0221839         0.0124534
              23.5         0.0216498         0.0122659
              23.7         0.0212269         0.0124847
              23.9         0.0207632         0.0128003
              24.1         0.0199224         0.0118855
              24.3         0.0196415         0.0115495
              24.5         0.0190133         0.0110325
              24.7         0.0183226         0.0108012
              24.9         0.0180852         0.0107604
              25.1         0.0176513         0.0108126
              25.3         0.0169989         0.0103851
              25.5         0.0168965         0.0105182
              25.7         0.0164089         0.0102478
              25.9         0.0160985         0.0100276
              26.1          0.015704        0.00995152
              26.3         0.0150741        0.00958924
              26.5         0.0147472        0.00935428
              26.7         0.0143385        0.00903197
              26.9         0.0139814         0.0092833
              27.1         0.0137641        0.00869322
              27.3         0.0135444        0.00864081
              27.5         0.0131064        0.00900357
              27.7         0.0129403        0.00857844
              27.9         0.0125197        0.00823754
              28.1         0.0122906        0.00812168
              28.3         0.0120817        0.00813441
              28.5          0.011994        0.00804299
              28.7         0.0114975        0.00767903
              28.9          0.011254        0.00766059
              29.1          0.010949         0.0079533
              29.3         0.0106427        0.00733321
              29.5         0.0105109        0.00724877
              29.7         0.0103836        0.00718287
              29.9         0.0101467        0.00730146
              30.1        0.00982534        0.00673761
              30.3        0.00977858        0.00702826
              30.5        0.00933695        0.00665656
              30.7         0.0092893        0.00663582
              30.9        0.00896725        0.00630776
              31.1        0.00900389        0.00667767
              31.3        0.00870982        0.00651751
              31.5         0.0085128        0.00618584
              31.7        0.00837132        0.00631745
              31.9        0.00821095         0.0061386
              32.1        0.00804424        0.00603983
              32.3        0.00798436        0.00613333
              32.5        0.00786127         0.0060491
              32.7        0.00758148        0.00590869
              32.9        0.00750666        0.00592611
              33.1         0.0073244        0.00571798
              33.3        0.00714161        0.00551654
              33.5        0.00705429        0.00544694
              33.7         0.0069602        0.00554379
              33.9        0.00667623        0.00531638
              34.1        0.00660963        0.00531219
              34.3        0.00648072        0.00511872
              34.5         0.0064198        0.00508927
              34.7        0.00625845        0.00508019
              34.9        0.00618275        0.00498603
              35.1        0.00603058        0.00494693
              35.3        0.00591279        0.00491931
              35.5        0.00591341        0.00504377
              35.7        0.00572885        0.00480036
              35.9        0.00561687        0.00479185
              36.1        0.00559987        0.00468664
              36.3        0.00553919        0.00483844
              36.5        0.00529544        0.00456764
              36.7         0.0052405        0.00460331
              36.9        0.00519736        0.00460243
              37.1        0.00503386        0.00449368
              37.3        0.00495849        0.00430844
              37.5        0.00481178         0.0042873
              37.7         0.0048542        0.00436994
              37.9        0.00471839        0.00417714
              38.1        0.00467667        0.00424897
              38.3        0.00450675        0.00403187
              38.5        0.00443081        0.00413349
              38.7        0.00443722        0.00428842
              38.9        0.00431287         0.0040624
              39.1        0.00416006        0.00395043
              39.3        0.00412421        0.00395131
              39.5        0.00413146        0.00390389
              39.7        0.00411016        0.00395838
              39.9        0.00398634        0.00379916
              40.1        0.00394392        0.00383548
              40.3        0.00378148        0.00367579
              40.5        0.00377545        0.00364848
              40.7        0.00377207        0.00374781
              40.9        0.00364209        0.00360011
              41.1        0.00356703        0.00357886
              41.3        0.00353285        0.00352814
              41.5        0.00350732        0.00354608
              41.7        0.00345965        0.00354439
              41.9        0.00342106         0.0040425
              42.1        0.00327886        0.00342205
              42.3        0.00329961        0.00338068
              42.5        0.00315127        0.00330663
              42.7        0.00310187        0.00326812
              42.9        0.00307339        0.00325396
              43.1        0.00306747         0.0032602
              43.3        0.00296507        0.00318408
              43.5         0.0029715        0.00314456
              43.7        0.00288791        0.00314038
              43.9        0.00288546        0.00314734
              44.1        0.00286756        0.00317729
              44.3        0.00277142         0.0030357
              44.5        0.00273605         0.0029865
              44.7        0.00272026        0.00305003
              44.9        0.00263612        0.00290043
              45.1        0.00263878        0.00296145
              45.3        0.00260633        0.00298602
              45.5        0.00254362        0.00290954
              45.7        0.00247749        0.00289101
              45.9        0.00245974        0.00287825
              46.1        0.00237467        0.00278119
              46.3        0.00237347         0.0027581
              46.5        0.00238365        0.00275698
              46.7        0.00232295          0.002716
              46.9        0.00233076         0.0028213
              47.1        0.00224635        0.00273176
              47.3        0.00222064         0.0026678
              47.5        0.00214496        0.00257001
              47.7        0.00214931        0.00267557
              47.9         0.0021273        0.00264539
              48.1        0.00212871        0.00403764
              48.3         0.0020334        0.00247941
              48.5        0.00208118        0.00259112
              48.7        0.00198278         0.0024485
              48.9        0.00197762         0.0025909
              49.1        0.00193236        0.00248592
              49.3        0.00193143        0.00246184
              49.5        0.00184592        0.00240564
              49.7        0.00185793        0.00235465
              49.9        0.00182844        0.00233751
              50.1        0.00180292        0.00240553
              50.3        0.00178977        0.00233071
              50.5        0.00177995        0.00234488
              50.7        0.00173958        0.00230585
              50.9        0.00172443        0.00234797
              51.1        0.00167253        0.00225435
              51.3        0.00166661        0.00228985
              51.5        0.00158882        0.00217765
              51.7        0.00157966        0.00223573
              51.9         0.0015397        0.00210248
              52.1        0.00156877        0.00216621
              52.3        0.00156632         0.0022246
              52.5        0.00153081        0.00218596
              52.7         0.0014823        0.00211362
              52.9        0.00145344        0.00212438
              53.1        0.00149573        0.00214187
              53.3        0.00145939        0.00217162
              53.5        0.00143125           0.00209
              53.7        0.00135677        0.00192101
              53.9         0.0013779        0.00203335
              54.1        0.00134368        0.00198979
              54.3        0.00132661        0.00205227
              54.5        0.00132309        0.00202445
              54.7        0.00130169        0.00194699
              54.9         0.0012859        0.00192399
              55.1          0.001263        0.00190338
              55.3        0.00125534        0.00194167
              55.5        0.00122013        0.00185899
              55.7        0.00122515        0.00189113
              55.9        0.00119594        0.00183026
              56.1        0.00117777        0.00184332
              56.3        0.00116962        0.00187385
              56.5        0.00115106        0.00185828
              56.7        0.00114047        0.00179695
              56.9        0.00111014        0.00178666
              57.1        0.00110095        0.00178019
              57.3        0.00110254        0.00178978
              57.5         0.0010865        0.00174482
              57.7        0.00106612        0.00176962
              57.9        0.00104191        0.00175116
              58.1        0.00104114        0.00169401
              58.3       0.000999414        0.00165846
              58.5        0.00100867        0.00177721
              58.7        0.00100399        0.00174206
              58.9        0.00102285        0.00170465
              59.1       0.000966565        0.00162694
              59.3       0.000956847        0.00160337
              59.5       0.000938936        0.00166511
              59.7       0.000940837        0.00163807
              59.9        0.00094911        0.00164822
              60.1       0.000895028        0.00154642
              60.3       0.000893969         0.0015625
              60.5       0.000870251        0.00148467
              60.7       0.000897779        0.00162743
              60.9       0.000841644        0.00149291
              61.1       0.000848233        0.00153373
              61.3       0.000837039        0.00152215
              61.5       0.000850278        0.00153669
              61.7       0.000819982        0.00150509
              61.9       0.000804153        0.00149991
              62.1       0.000811833        0.00150372
              62.3       0.000802747        0.00148102
              62.5       0.000802465        0.00148695
              62.7       0.000786829        0.00147736
              62.9       0.000752821        0.00143038
              63.1       0.000760048        0.00151349
              63.3        0.00076121        0.00146577
              63.5       0.000755176        0.00152889
              63.7       0.000713303         0.0013124
              63.9       0.000713697        0.00136687
              64.1       0.000705828        0.00139174
              64.3       0.000699765        0.00136426
              64.5       0.000694506        0.00136191
              64.7       0.000681599        0.00131588
              64.9       0.000675579        0.00133831
              65.1        0.00065617        0.00136004
              65.3       0.000664831        0.00132761
              65.5       0.000642151        0.00131017
              65.7        0.00063997        0.00127701
              65.9       0.000618153        0.00122862
              66.1       0.000639563          0.001316
              66.3       0.000625647        0.00130771
              66.5       0.000592816        0.00120504
              66.7       0.000605027        0.00127465
              66.9       0.000591311        0.00125988
              67.1       0.000589607        0.00125981
              67.3       0.000572219        0.00119404
              67.5        0.00057722        0.00121594
              67.7       0.000566329        0.00120557
              67.9       0.000567848         0.0012073
              68.1       0.000540642        0.00118204
              68.3       0.000547328        0.00123726
              68.5       0.000523514        0.00115089
              68.7       0.000538049        0.00120744
              68.9       0.000518991        0.00121452
              69.1       0.000526307        0.00116613
              69.3       0.000522123        0.00115205
              69.5       0.000517417        0.00117393
              69.7       0.000496372        0.00111484
              69.9       0.000502355        0.00111411
              70.1        0.00049063        0.00107633
              70.3       0.000484978        0.00112943
              70.5       0.000485033        0.00112868
              70.7       0.000472435        0.00111932
              70.9       0.000447133        0.00102841
              71.1       0.000481074        0.00116289
              71.3       0.000470453        0.00113219
              71.5       0.000466912        0.00120295
              71.7       0.000451923        0.00106032
              71.9       0.000441425        0.00103285
              72.1        0.00044329        0.00108188
              72.3       0.000442077        0.00104492
              72.5       0.000417086       0.000998699
              72.7       0.000433015        0.00105271
              72.9       0.000424362        0.00103291
              73.1       0.000409233        0.00097525
              73.3       0.000416756        0.00103859
              73.5       0.000409934        0.00103572
              73.7       0.000402747         0.0010105
              73.9       0.000396862       0.000991224
              74.1        0.00038974       0.000973338
              74.3       0.000384869       0.000995667
              74.5       0.000377234       0.000954199
              74.7       0.000376073       0.000966164
              74.9       0.000367748       0.000963944
              75.1       0.000369352       0.000960837
              75.3       0.000364431       0.000907642
              75.5       0.000339328       0.000904313
              75.7       0.000350141       0.000919325
              75.9       0.000362404       0.000983956
              76.1       0.000348412       0.000923807
              76.3       0.000340724       0.000941948
              76.5       0.000336782       0.000918913
              76.7       0.000338619       0.000933453
              76.9       0.000328498       0.000921248
              77.1       0.000328491       0.000868605
              77.3       0.000326085       0.000877138
              77.5       0.000314591       0.000885469
              77.7       0.000309876       0.000880534
              77.9       0.000299996        0.00086428
              78.1       0.000306462       0.000846374
              78.3       0.000302904       0.000882411
              78.5       0.000300483       0.000873634
              78.7       0.000300726       0.000824646
              78.9       0.000295765       0.000828858
              79.1       0.000288717       0.000882965
              79.3       0.000288445       0.000818778
              79.5       0.000279089       0.000795691
              79.7       0.000280783       0.000825422
              79.9       0.000288954        0.00082922
              80.1       0.000268414       0.000796694
              80.3       0.000272739       0.000798079
              80.5       0.000269039       0.000788401
              80.7       0.000271233       0.000800178
              80.9       0.000271769       0.000804454
              81.1       0.000260545       0.000793168
              81.3        0.00026894       0.000825132
              81.5       0.000250407       0.000765787
              81.7       0.000247783       0.000786288
              81.9       0.000259095       0.000961519
              82.1       0.000241595       0.000741495
              82.3       0.000251028       0.000771295
              82.5       0.000241323       0.000755971
              82.7       0.000228805       0.000702412
              82.9       0.000237036       0.000761286
              83.1        0.00022953       0.000721927
              83.3       0.000224567        0.00073422
              83.5       0.000236589       0.000752274
              83.7       0.000222799       0.000699928
              83.9       0.000221921       0.000718723
              84.1       0.000212314       0.000704317
              84.3       0.000214158       0.000697177
              84.5       0.000232977       0.000757058
              84.7       0.000210205        0.00069615
              84.9       0.000212331       0.000713769
              85.1       0.000214213       0.000706252
              85.3       0.000204799       0.000735467
              85.5       0.000203997       0.000722253
              85.7       0.000211221        0.00073543
              85.9       0.000196149       0.000660242
              86.1       0.000199612       0.000679302
              86.3       0.000198475       0.000701805
              86.5       0.000193421       0.000677671
              86.7       0.000191495       0.000680491
              86.9       0.000189319        0.00065353
              87.1       0.000193497        0.00071956
              87.3       0.000189189       0.000657666
              87.5       0.000188854       0.000648548
              87.7       0.000179221       0.000646754
              87.9       0.000178959       0.000644366
              88.1       0.000182056        0.00063083
              88.3       0.000171328        0.00064255
              88.5       0.000170951       0.000606631
              88.7       0.000175197       0.000659488
              88.9       0.000172587       0.000639058
              89.1       0.000165793        0.00061207
              89.3       0.000160974       0.000598901
              89.5       0.000170516       0.000631112
              89.7       0.000164692       0.000649125
              89.9       0.000159238       0.000592274
              90.1       0.000163198       0.000599347
              90.3       0.000166116       0.000616208
              90.5       0.000162439       0.000620715
              90.7       0.000158302        0.00061353
              90.9        0.00015472       0.000597144
              91.1       0.000155798        0.00059266
              91.3       0.000148542       0.000579511
              91.5       0.000158849       0.000625864
              91.7       0.000145089       0.000577578
              91.9       0.000144074       0.000557177
              92.1       0.000153302       0.000628898
              92.3       0.000137788        0.00055799
              92.5        0.00013818       0.000552394
              92.7       0.000145105       0.000571198
              92.9       0.000134552       0.000534593
              93.1       0.000134858       0.000550145
              93.3       0.000136517       0.000566773
              93.5        0.00013675       0.000581612
              93.7       0.000134432        0.00056311
              93.9       0.000133611       0.000579224
              94.1       0.000130922       0.000551756
              94.3       0.000129077       0.000554569
              94.5       0.000133078       0.000548312
              94.7       0.000129029       0.000546577
              94.9       0.000118506       0.000488736
              95.1       0.000129299       0.000531714
              95.3       0.000122933       0.000514959
              95.5       0.000114013       0.000495073
              95.7       0.000123183       0.000529714
              95.9       0.000113907       0.000503305
              96.1       0.000113774       0.000493208
              96.3       0.000113879       0.000508637
              96.5       0.000118333       0.000529155
              96.7        0.00011155       0.000484994
              96.9       0.000109241       0.000476156
              97.1       0.000118414       0.000517202
              97.3       0.000111995       0.000507676
              97.5       0.000111135       0.000498206
              97.7       0.000111859       0.000512608
              97.9       0.000112273       0.000520877
              98.1       0.000109166       0.000507806
              98.3       0.000101374       0.000470143
              98.5       0.000105882       0.000504998
              98.7       9.76881e-05       0.000459178
              98.9       0.000100187       0.000471304
              99.1       0.000100804       0.000468323
              99.3       0.000101271       0.000483398
              99.5       9.80746e-05       0.000458265
              99.7       9.32937e-05       0.000465824
              99.9        0.00010132       0.000493025
             100.1        9.4084e-05       0.000471999
             100.3       9.66754e-05       0.000468277
             100.5       0.000100452       0.000492359
             100.7       9.07804e-05       0.000427925
             100.9       8.58026e-05       0.000425231
             101.1       9.13628e-05        0.00043798
             101.3        9.0143e-05       0.000439989
             101.5       8.71981e-05       0.000432147
             101.7       8.63114e-05       0.000422093
             101.9       8.30452e-05        0.00040671
             102.1       9.02367e-05       0.000430856
             102.3       8.50896e-05       0.000464589
             102.5       8.97161e-05       0.000468395
             102.7       8.21782e-05       0.000432787
             102.9       8.24186e-05       0.000421772
             103.1       7.94766e-05       0.000411872
             103.3       7.95672e-05       0.000400208
             103.5       7.98391e-05       0.000420008
             103.7       8.46525e-05       0.000446894
             103.9       7.70965e-05       0.000393658
             104.1       8.18885e-05       0.000419431
             104.3       7.69175e-05       0.000419427
             104.5       7.32677e-05       0.000405231
             104.7       7.73079e-05       0.000420821
             104.9       7.62103e-05        0.00043044
             105.1        7.7814e-05       0.000399695
             105.3       7.21322e-05       0.000378172
             105.5        7.2241e-05       0.000377532
             105.7       7.39393e-05       0.000403693
             105.9         6.796e-05       0.000373852
             106.1       6.92983e-05        0.00038032
             106.3       6.83496e-05       0.000413386
             106.5        6.4937e-05       0.000368491
             106.7       6.59663e-05        0.00037536
             106.9       6.81858e-05       0.000386741
             107.1       7.03395e-05       0.000400319
             107.3       6.66025e-05       0.000388253
             107.5       6.98746e-05       0.000388165
             107.7       6.60451e-05       0.000371898
             107.9       6.36123e-05       0.000361757
             108.1       6.57604e-05       0.000375394
             108.3       6.58144e-05       0.000388679
             108.5       6.96976e-05       0.000401795
             108.7       5.71312e-05       0.000346778
             108.9       6.24838e-05       0.000398075
             109.1       6.34627e-05       0.000361173
             109.3       5.81505e-05       0.000341178
             109.5       5.80569e-05       0.000345203
             109.7       6.03732e-05       0.000354082
             109.9       6.12258e-05       0.000376429
             110.1       5.79907e-05       0.000348658
             110.3       5.67461e-05       0.000356035
             110.5       6.01474e-05       0.000385443
             110.7       5.88833e-05       0.000354628
             110.9       5.77287e-05        0.00035524
             111.1       5.72924e-05       0.000341007
             111.3       5.29836e-05       0.000319553
             111.5       5.21498e-05       0.000334006
             111.7       5.68815e-05       0.000373418
             111.9       5.62096e-05       0.000350676
             112.1       5.29318e-05       0.000336868
             112.3       5.26631e-05       0.000342564
             112.5       5.15255e-05       0.000324241
             112.7       5.44192e-05       0.000345593
             112.9       5.16841e-05       0.000318306
             113.1       4.83067e-05       0.000305386
             113.3        4.9965e-05       0.000345504
             113.5       5.26502e-05       0.000363284
             113.7       5.03128e-05        0.00030984
             113.9       4.94416e-05       0.000334435
             114.1       4.63628e-05       0.000310844
             114.3       4.96793e-05       0.000337837
             114.5       4.66118e-05        0.00031153
             114.7       4.85949e-05       0.000318257
             114.9        5.2473e-05       0.000360455
             115.1       4.80539e-05       0.000330837
             115.3         4.367e-05       0.000303593
             115.5       4.68361e-05       0.000310245
             115.7       4.61435e-05         0.0003297
             115.9       4.25455e-05       0.000315593
             116.1       4.52368e-05       0.000317166
             116.3       4.17923e-05       0.000297093
             116.5       4.31563e-05       0.000300613
             116.7       4.30379e-05       0.000297557
             116.9       4.18064e-05       0.000302539
             117.1       4.29381e-05        0.00030433
             117.3       4.09759e-05       0.000292214
             117.5       4.08129e-05       0.000287149
             117.7       4.05365e-05       0.000293812
             117.9       3.91336e-05       0.000279491
             118.1       4.33392e-05       0.000335927
             118.3       4.05531e-05       0.000286706
             118.5       3.80395e-05       0.000267173
             118.7        3.7875e-05       0.000282805
             118.9       3.99978e-05       0.000293734
             119.1       3.67357e-05       0.000277982
             119.3       3.95799e-05       0.000288588
             119.5       3.95723e-05       0.000271132
             119.7       3.52445e-05       0.000259304
             119.9       3.41974e-05       0.000255941
             120.1       3.69937e-05       0.000269074
             120.3       3.52172e-05       0.000267373
             120.5       3.68294e-05       0.000294963
             120.7       3.36314e-05       0.000258101
             120.9       3.38657e-05       0.000261503
             121.1       3.46109e-05       0.000259466
             121.3       3.81239e-05       0.000292911
             121.5       3.64145e-05       0.000275708
             121.7       3.04935e-05       0.000237123
             121.9       3.23775e-05        0.00025977
             122.1        3.3925e-05       0.000271888
             122.3       3.37651e-05       0.000264663
             122.5       3.04919e-05        0.00023282
             122.7       3.19332e-05       0.000254182
             122.9       3.18147e-05       0.000257446
             123.1       3.16556e-05        0.00025507
             123.3       3.06171e-05       0.000244873
             123.5       3.01462e-05       0.000250016
             123.7       3.05953e-05       0.000250254
             123.9       3.23042e-05       0.000262584
             124.1       3.05846e-05       0.000247334
             124.3       2.85671e-05       0.000228966
             124.5        2.9376e-05       0.000265407
             124.7        2.9773e-05        0.00025851
             124.9       2.78277e-05       0.000236813
             125.1       3.01838e-05       0.000256519
             125.3        2.9675e-05       0.000241737
             125.5       2.98414e-05       0.000253903
             125.7       2.82012e-05       0.000243167
             125.9       2.77053e-05       0.000223187
             126.1       2.75583e-05       0.000241529
             126.3       2.50849e-05       0.000225048
             126.5       2.69856e-05       0.000243011
             126.7       2.67429e-05       0.000229328
             126.9       2.56203e-05       0.000215318
             127.1       2.68539e-05        0.00023349
             127.3       2.63659e-05       0.000231652
             127.5        2.7197e-05       0.000223833
             127.7        2.4966e-05       0.000219105
             127.9        2.6786e-05       0.000244829
             128.1       2.28877e-05       0.000211812
             128.3       2.40871e-05       0.000217987
             128.5       2.23179e-05        0.00020729
             128.7       2.47083e-05       0.000208108
             128.9       2.22276e-05       0.000216551
             129.1       2.56852e-05       0.000239827
             129.3       2.22718e-05       0.000202478
             129.5       2.30976e-05       0.000211918
             129.7        2.2437e-05       0.000212783
             129.9       2.10098e-05       0.000198982
             130.1        2.4373e-05       0.000223907
             130.3       2.27175e-05          0.000213
             130.5       2.35182e-05       0.000218024
             130.7       2.15151e-05       0.000208527
             130.9       2.05603e-05       0.000202071
             131.1       2.06261e-05       0.000207488
             131.3       1.97968e-05       0.000192311
             131.5       2.25684e-05       0.000212029
             131.7       2.30008e-05       0.000214421
             131.9       2.24407e-05        0.00020183
             132.1       2.00017e-05       0.000207633
             132.3       2.05291e-05       0.000191728
             132.5       1.92489e-05       0.000207371
             132.7       1.94472e-05       0.000197263
             132.9       2.05311e-05       0.000186379
             133.1       2.10333e-05       0.000197883
             133.3       2.09846e-05       0.000208296
             133.5       2.40529e-05        0.00024464
             133.7        1.8992e-05       0.000226709
             133.9       1.97022e-05       0.000191067
             134.1        1.8221e-05       0.000177897
             134.3       1.87493e-05       0.000188631
             134.5       1.93938e-05       0.000198548
             134.7       1.69835e-05       0.000174067
             134.9       1.98338e-05        0.00021375
             135.1       1.81865e-05       0.000191154
             135.3       2.06757e-05        0.00021289
             135.5       1.64549e-05       0.000176755
             135.7       1.80543e-05        0.00019938
             135.9       1.66403e-05       0.000180164
             136.1       1.57377e-05       0.000173346
             136.3       1.73224e-05       0.000192189
             136.5       1.76549e-05       0.000189626
             136.7           1.8e-05       0.000194315
             136.9       1.64188e-05       0.000189995
             137.1       1.75445e-05       0.000188519
             137.3       1.59145e-05       0.000181146
             137.5       1.57575e-05       0.000168096
             137.7       1.50578e-05       0.000175638
             137.9        1.5419e-05       0.000172071
             138.1       1.55817e-05       0.000168952
             138.3       1.51033e-05       0.000170681
             138.5       1.43818e-05       0.000155571
             138.7       1.58773e-05       0.000171927
             138.9       1.55538e-05       0.000183615
             139.1        1.4558e-05       0.000165841
             139.3       1.47852e-05       0.000171472
             139.5       1.41483e-05       0.000156645
             139.7       1.50108e-05       0.000179664
             139.9       1.62272e-05       0.000179844
             140.1       1.52077e-05       0.000187062
             140.3       1.50242e-05       0.000182159
             140.5       1.45718e-05        0.00017452
             140.7       1.59416e-05       0.000186568
             140.9       1.34954e-05       0.000154975
             141.1       1.42688e-05       0.000168446
             141.3       1.44318e-05       0.000170948
             141.5       1.32306e-05       0.000155571
             141.7       1.34881e-05       0.000155909
             141.9       1.39997e-05       0.000172678
             142.1       1.25886e-05       0.000149701
             142.3        1.2896e-05       0.000159673
             142.5       1.35888e-05       0.000165518
             142.7       1.26631e-05       0.000153437
             142.9       1.36756e-05       0.000172923
             143.1       1.20725e-05       0.000152101
             143.3       1.14402e-05       0.000146122
             143.5       1.20186e-05       0.000152674
             143.7       1.25413e-05        0.00016298
             143.9       1.24705e-05       0.000151997
             144.1       1.27754e-05       0.000161922
             144.3       1.22222e-05       0.000163194
             144.5       1.28338e-05       0.000172644
             144.7        1.1392e-05        0.00015341
             144.9        1.0868e-05       0.000134082
             145.1       1.30951e-05       0.000156672
             145.3       1.12734e-05       0.000152118
             145.5       1.16793e-05       0.000158805
             145.7       1.03805e-05       0.000148379
             145.9       1.21819e-05       0.000160002
             146.1       1.08558e-05       0.000137935
             146.3       1.15844e-05       0.000161083
             146.5       1.11892e-05       0.000150771
             146.7       1.17945e-05       0.000163565
             146.9       1.00719e-05       0.000134355
             147.1       1.12742e-05       0.000149522
             147.3       1.09848e-05       0.000145588
             147.5        9.5004e-06       0.000125873
             147.7       1.18346e-05       0.000168713
             147.9       9.33884e-06       0.000138665
             148.1       9.67818e-06       0.000138373
             148.3       9.16847e-06       0.000123743
             148.5       8.98209e-06       0.000119195
             148.7       9.02034e-06       0.000126249
             148.9        1.0019e-05       0.000139984
             149.1       9.73609e-06        0.00013458
             149.3       9.06213e-06       0.000135216
             149.5       8.67788e-06       0.000118661
             149.7       9.54313e-06       0.000135635
             149.9       1.03926e-05       0.000140107
             150.1       9.08735e-06       0.000131668
             150.3       9.66774e-06       0.000141819
             150.5       8.03526e-06       0.000112501
             150.7       8.22673e-06       0.000115777
             150.9       1.01154e-05       0.000148009
             151.1       9.64068e-06        0.00014471
             151.3        9.2187e-06       0.000129105
             151.5       9.74554e-06         0.0001398
             151.7       8.52624e-06       0.000121887
             151.9       7.92483e-06       0.000117053
             152.1       7.09267e-06       0.000102406
             152.3       8.35877e-06       0.000121234
             152.5       7.33231e-06       0.000108426
             152.7       7.91086e-06       0.000123896
             152.9       8.24149e-06       0.000134661
             153.1       7.53571e-06       0.000121662
             153.3       8.66526e-06       0.000136826
             153.5       8.99531e-06        0.00015674
             153.7        7.8515e-06       0.000120816
             153.9       7.71883e-06       0.000117254
             154.1       8.39186e-06       0.000130871
             154.3       7.65124e-06       0.000126811
             154.5       7.95577e-06        0.00012728
             154.7       7.01622e-06       0.000105737
             154.9       6.97727e-06       0.000116621
             155.1       7.54738e-06       0.000120916
             155.3       7.95325e-06       0.000124593
             155.5       8.00954e-06        0.00012715
             155.7       7.64254e-06       0.000123776
             155.9       7.59746e-06       0.000117316
             156.1       7.59051e-06       0.000125165
             156.3       7.25043e-06       0.000114144
             156.5       6.49172e-06       0.000123232
             156.7       6.37442e-06       0.000102912
             156.9       6.63708e-06       0.000109603
             157.1       6.16119e-06       0.000106066
             157.3       7.36626e-06       0.000120531
             157.5       7.73357e-06       0.000137918
             157.7       7.14976e-06       0.000118804
             157.9       7.27326e-06       0.000120872
             158.1       6.92826e-06       0.000119609
             158.3       5.65229e-06       9.37709e-05
             158.5       6.90783e-06       0.000120107
             158.7       5.94702e-06       0.000100873
             158.9       6.10448e-06       0.000108465
             159.1       7.26864e-06        0.00013733
             159.3       6.42392e-06       0.000115437
             159.5       5.95819e-06       0.000104322
             159.7       6.60362e-06       0.000114342
             159.9       5.98956e-06       0.000110044
             160.1       5.64913e-06       9.62772e-05
             160.3       5.46544e-06        0.00010729
             160.5       6.85244e-06       0.000116234
             160.7       5.51603e-06       0.000100955
             160.9       5.83054e-06       0.000108922
             161.1       6.21548e-06       0.000110121
             161.3       5.31976e-06        9.3641e-05
             161.5       5.45742e-06       0.000103094
             161.7       5.22223e-06        9.1684e-05
             161.9       5.56699e-06       9.64288e-05
             162.1       5.85879e-06       9.89668e-05
             162.3       5.77058e-06       9.89815e-05
             162.5       6.24677e-06       0.000109125
             162.7       5.34084e-06       9.78133e-05
             162.9       4.64179e-06       8.91414e-05
             163.1       4.62277e-06        8.7968e-05
             163.3       4.70378e-06       8.46394e-05
             163.5       5.36003e-06       0.000107087
             163.7       5.43242e-06        0.00011321
             163.9       5.01586e-06       9.46548e-05
             164.1       5.45522e-06       0.000123351
             164.3       6.45892e-06       0.000125944
             164.5       4.72025e-06       9.49206e-05
             164.7       4.92338e-06       9.60906e-05
             164.9       4.86227e-06       9.39907e-05
             165.1       5.54231e-06       0.000108688
             165.3       5.38551e-06       0.000119212
             165.5       5.33725e-06       0.000102891
             165.7       5.06222e-06       9.10573e-05
             165.9       5.98689e-06       0.000112981
             166.1        4.6122e-06       8.86841e-05
             166.3       4.24094e-06       8.49052e-05
             166.5       4.02246e-06       9.33909e-05
             166.7         5.114e-06       0.000109123
             166.9        3.9078e-06       8.19933e-05
             167.1       4.53225e-06       9.92606e-05
             167.3       5.56024e-06       0.000123752
             167.5        5.4446e-06       0.000107825
             167.7       5.25583e-06       0.000100003
             167.9       3.77652e-06       7.41408e-05
             168.1       4.43078e-06       9.28711e-05
             168.3        3.7459e-06       7.91715e-05
             168.5       3.88295e-06       8.28145e-05
             168.7       4.39414e-06       9.03878e-05
             168.9       4.56818e-06       8.74334e-05
             169.1       4.43759e-06       8.68228e-05
             169.3       4.17644e-06       8.58745e-05
             169.5       3.44122e-06       7.37493e-05
             169.7       4.12886e-06       9.59141e-05
             169.9       3.81074e-06       8.22654e-05
             170.1       3.98283e-06       9.32164e-05
             170.3       4.00923e-06       0.000100366
             170.5       3.87503e-06       8.12873e-05
             170.7        3.8407e-06       8.48468e-05
             170.9       4.06807e-06       9.79147e-05
             171.1        3.2936e-06       7.61016e-05
             171.3       4.10863e-06       9.39234e-05
             171.5       3.22902e-06       6.85284e-05
             171.7       3.33559e-06        7.2116e-05
             171.9       4.05119e-06       9.36105e-05
             172.1       3.73906e-06       8.42121e-05
             172.3       3.05489e-06       6.79434e-05
             172.5       3.11961e-06       7.84717e-05
             172.7       4.14948e-06         9.176e-05
             172.9       2.99129e-06       7.41037e-05
             173.1       3.20061e-06       6.64765e-05
             173.3       3.44778e-06       9.66234e-05
             173.5       3.28036e-06       8.96351e-05
             173.7       3.59678e-06       8.37549e-05
             173.9       3.42968e-06        8.8574e-05
             174.1       3.50163e-06       8.03404e-05
             174.3        3.6596e-06       8.85921e-05
             174.5       3.35314e-06       7.96172e-05
             174.7       3.95755e-06       9.50707e-05
             174.9       3.59526e-06       8.88975e-05
             175.1       3.63059e-06       9.99243e-05
             175.3       3.52847e-06       8.59242e-05
             175.5       3.37535e-06       8.48245e-05
             175.7       3.57289e-06       9.80659e-05
             175.9       3.26472e-06       8.44878e-05
             176.1       3.68923e-06       8.47393e-05
             176.3       3.35917e-06       8.24918e-05
             176.5       3.44148e-06       8.80163e-05
             176.7       2.58692e-06       6.65256e-05
             176.9       3.51622e-06       8.61689e-05
             177.1        3.4672e-06        8.3082e-05
             177.3       2.98062e-06       7.34947e-05
             177.5       3.04738e-06       8.04114e-05
             177.7       3.80479e-06       9.65677e-05
             177.9        2.3946e-06       6.33611e-05
             178.1       2.53758e-06       6.94887e-05
             178.3       2.64847e-06       7.49675e-05
             178.5       3.03001e-06       7.57366e-05
             178.7       3.05162e-06        6.6609e-05
             178.9       2.89355e-06       7.64418e-05
             179.1       1.60943e-06       5.43811e-05
             179.3       2.53709e-06       6.16705e-05
             179.5       2.67468e-06       7.69716e-05
             179.7       2.59595e-06       6.25054e-05
