               0.1          0.766494         0.0337117
               0.3          0.774552         0.0239201
               0.5          0.775096         0.0242072
               0.7          0.774337         0.0274479
               0.9          0.776752         0.0277502
               1.1          0.775566         0.0258401
               1.3          0.775039         0.0266587
               1.5          0.775225         0.0301081
               1.7          0.774888         0.0289114
               1.9          0.774509         0.0282955
               2.1          0.773332         0.0268391
               2.3          0.770864         0.0270226
               2.5          0.772501         0.0286381
               2.7          0.770571         0.0279593
               2.9          0.768518         0.0271913
               3.1          0.766175         0.0277257
               3.3          0.766815         0.0278641
               3.5          0.764379         0.0285546
               3.7           0.76362          0.027256
               3.9          0.760147         0.0297622
               4.1          0.758783         0.0298555
               4.3          0.757411         0.0290111
               4.5          0.754369         0.0302136
               4.7          0.753942         0.0313574
               4.9          0.750377          0.031128
               5.1          0.746209         0.0332555
               5.3           0.74412         0.0333651
               5.5          0.741365         0.0339853
               5.7          0.737193         0.0351262
               5.9          0.733616         0.0339175
               6.1          0.730549          0.035533
               6.3          0.725872         0.0370193
               6.5           0.72219         0.0369343
               6.7           0.71815         0.0387233
               6.9          0.712607         0.0391427
               7.1          0.708075         0.0400641
               7.3          0.701803         0.0423526
               7.5          0.695734         0.0437204
               7.7            0.6899         0.0450367
               7.9          0.684963         0.0450456
               8.1          0.675916         0.0473958
               8.3          0.668341          0.050075
               8.5          0.657898         0.0543354
               8.7          0.652354         0.0539967
               8.9          0.643039         0.0563537
               9.1          0.631311          0.061062
               9.3          0.619213         0.0646103
               9.5          0.607311         0.0684946
               9.7          0.594519          0.071912
               9.9          0.574873         0.0795327
              10.1          0.560628         0.0873012
              10.3          0.537495         0.0950097
              10.5          0.510338          0.111863
              10.7          0.483851          0.119679
              10.9          0.454588          0.129633
              11.1          0.430564          0.136915
              11.3          0.411171          0.141175
              11.5          0.383269          0.140885
              11.7          0.362765           0.14238
              11.9          0.339964          0.141354
              12.1          0.320862          0.144068
              12.3          0.299216          0.133604
              12.5          0.282314          0.130656
              12.7          0.264241          0.125096
              12.9          0.249706          0.122272
              13.1          0.231774          0.114778
              13.3          0.214403          0.106491
              13.5          0.201909         0.0995292
              13.7          0.186251         0.0924149
              13.9           0.17524         0.0842354
              14.1          0.161369          0.077374
              14.3          0.150236         0.0690544
              14.5          0.138604          0.060584
              14.7          0.129832         0.0541178
              14.9          0.120616         0.0499549
              15.1          0.113537         0.0454879
              15.3          0.107492         0.0448207
              15.5          0.101673         0.0410992
              15.7         0.0959828         0.0376071
              15.9         0.0903166          0.036216
              16.1         0.0860213         0.0345176
              16.3         0.0812876         0.0318622
              16.5         0.0769816         0.0302333
              16.7         0.0732197         0.0292319
              16.9         0.0700831          0.028133
              17.1         0.0669076         0.0268397
              17.3         0.0637955         0.0246908
              17.5         0.0611417         0.0243296
              17.7         0.0586798         0.0226678
              17.9          0.055742          0.022334
              18.1         0.0533547         0.0211758
              18.3         0.0517151         0.0210353
              18.5         0.0496348         0.0199867
              18.7         0.0472967         0.0191507
              18.9         0.0455824         0.0189135
              19.1         0.0443018          0.018395
              19.3         0.0420965         0.0180554
              19.5         0.0404524         0.0172568
              19.7         0.0392956         0.0165832
              19.9          0.037802         0.0159066
              20.1         0.0363955         0.0152919
              20.3         0.0349707          0.014635
              20.5         0.0341345         0.0145985
              20.7         0.0329059         0.0142834
              20.9         0.0320068         0.0136929
              21.1         0.0309304         0.0135326
              21.3         0.0297217         0.0130558
              21.5         0.0290707         0.0130945
              21.7         0.0282007          0.012523
              21.9         0.0272997          0.012142
              22.1         0.0268847         0.0121056
              22.3         0.0256264         0.0118957
              22.5         0.0247441         0.0110915
              22.7         0.0244562         0.0113248
              22.9         0.0235578         0.0106668
              23.1         0.0228525         0.0105278
              23.3         0.0222125         0.0102326
              23.5         0.0218424         0.0102202
              23.7         0.0209527         0.0096984
              23.9         0.0204393        0.00965562
              24.1         0.0202723        0.00965328
              24.3         0.0195118        0.00934748
              24.5         0.0190622        0.00913249
              24.7         0.0185776        0.00877521
              24.9         0.0181717        0.00888456
              25.1         0.0174549        0.00836347
              25.3         0.0171502        0.00832916
              25.5         0.0168027        0.00830486
              25.7          0.016357        0.00813582
              25.9          0.015926        0.00790801
              26.1         0.0154545        0.00764648
              26.3         0.0152709        0.00793683
              26.5         0.0148662        0.00749886
              26.7          0.014357        0.00731585
              26.9         0.0140631        0.00728269
              27.1         0.0137409        0.00713025
              27.3         0.0134771        0.00702046
              27.5         0.0131965        0.00686521
              27.7         0.0127705        0.00673366
              27.9         0.0126385        0.00680516
              28.1         0.0121202        0.00648279
              28.3         0.0120996        0.00643033
              28.5         0.0117981         0.0063769
              28.7         0.0114401        0.00632049
              28.9         0.0113062        0.00601529
              29.1         0.0111127         0.0061146
              29.3         0.0108631         0.0060784
              29.5         0.0104654        0.00569487
              29.7         0.0101528        0.00552416
              29.9         0.0100607        0.00561332
              30.1        0.00990923        0.00561664
              30.3        0.00973433        0.00563782
              30.5        0.00947238        0.00541517
              30.7        0.00941583        0.00538109
              30.9         0.0090593        0.00531527
              31.1        0.00887523        0.00527146
              31.3        0.00878273        0.00514286
              31.5        0.00860323        0.00498931
              31.7        0.00841791        0.00504476
              31.9        0.00812528        0.00498218
              32.1        0.00806078        0.00483462
              32.3        0.00796995        0.00491022
              32.5        0.00777399        0.00557931
              32.7        0.00757056        0.00473062
              32.9        0.00733609        0.00470144
              33.1        0.00735087        0.00465498
              33.3         0.0071649        0.00449593
              33.5        0.00703572        0.00440466
              33.7        0.00693159         0.0044745
              33.9        0.00677671        0.00435642
              34.1        0.00669861        0.00441758
              34.3        0.00655124        0.00422892
              34.5         0.0064275        0.00423337
              34.7         0.0062806         0.0040903
              34.9        0.00614852        0.00404656
              35.1         0.0060307        0.00400811
              35.3        0.00596471        0.00401297
              35.5        0.00583236        0.00400505
              35.7        0.00576986        0.00388472
              35.9        0.00567235        0.00389905
              36.1         0.0055162         0.0037806
              36.3        0.00545419        0.00380962
              36.5        0.00540476        0.00387813
              36.7        0.00526347        0.00369432
              36.9        0.00514869        0.00362919
              37.1        0.00506118        0.00359261
              37.3         0.0048588        0.00340846
              37.5        0.00487976        0.00344879
              37.7        0.00474646        0.00350123
              37.9        0.00471447        0.00341789
              38.1        0.00462734         0.0034417
              38.3        0.00450021        0.00338499
              38.5         0.0044744        0.00336196
              38.7        0.00436359        0.00334128
              38.9        0.00429005        0.00321611
              39.1        0.00426215        0.00331776
              39.3        0.00415696        0.00318504
              39.5        0.00418037        0.00318389
              39.7        0.00408789        0.00312917
              39.9        0.00394539        0.00306087
              40.1        0.00389291         0.0029852
              40.3        0.00381993        0.00300403
              40.5        0.00374043        0.00291375
              40.7        0.00370936        0.00300048
              40.9        0.00363741        0.00293302
              41.1         0.0035704        0.00286429
              41.3        0.00350928        0.00283527
              41.5        0.00346816        0.00281975
              41.7        0.00341179        0.00283796
              41.9        0.00331765        0.00268822
              42.1        0.00330152        0.00277037
              42.3        0.00322942        0.00268989
              42.5        0.00322315        0.00268216
              42.7        0.00310363        0.00263758
              42.9        0.00310152        0.00263334
              43.1        0.00306571        0.00260748
              43.3        0.00300874        0.00256506
              43.5        0.00294804        0.00256687
              43.7        0.00293972        0.00254422
              43.9        0.00284743        0.00248355
              44.1        0.00279935         0.0024793
              44.3         0.0027879        0.00249234
              44.5        0.00268329         0.0024136
              44.7        0.00269035        0.00242847
              44.9        0.00264962        0.00240847
              45.1        0.00258813        0.00232421
              45.3        0.00255707        0.00230269
              45.5        0.00253707        0.00232287
              45.7         0.0025111        0.00234577
              45.9        0.00246451        0.00228637
              46.1        0.00238586        0.00222607
              46.3        0.00236156        0.00222027
              46.5        0.00230718        0.00223958
              46.7        0.00230213        0.00219985
              46.9        0.00227209        0.00226519
              47.1        0.00225063        0.00213598
              47.3        0.00220203        0.00216161
              47.5        0.00217426        0.00215642
              47.7         0.0021377        0.00209908
              47.9        0.00209146        0.00202771
              48.1        0.00206628        0.00206679
              48.3        0.00203968        0.00214649
              48.5        0.00200782        0.00208091
              48.7        0.00195986        0.00195865
              48.9        0.00195362        0.00198695
              49.1        0.00191513        0.00198922
              49.3        0.00189052        0.00195995
              49.5        0.00185304        0.00191246
              49.7        0.00184208        0.00194259
              49.9        0.00179738        0.00191033
              50.1        0.00179932        0.00190976
              50.3        0.00176315        0.00188513
              50.5        0.00174401        0.00188157
              50.7        0.00171215        0.00183378
              50.9        0.00168041        0.00182667
              51.1        0.00168331        0.00187089
              51.3        0.00168255         0.0018436
              51.5        0.00161317         0.0017822
              51.7        0.00156277        0.00168885
              51.9        0.00159875        0.00182008
              52.1        0.00156039        0.00176586
              52.3         0.0015238        0.00172019
              52.5        0.00151959         0.0017214
              52.7        0.00147025        0.00167209
              52.9        0.00147412        0.00169553
              53.1        0.00144763        0.00165519
              53.3        0.00146434        0.00171857
              53.5        0.00143589        0.00169648
              53.7        0.00139137        0.00166924
              53.9        0.00136802         0.0016007
              54.1        0.00135569        0.00163472
              54.3        0.00132453        0.00155604
              54.5        0.00129403        0.00159932
              54.7        0.00129888        0.00160445
              54.9        0.00128696        0.00156332
              55.1        0.00126614        0.00157602
              55.3        0.00124291        0.00154777
              55.5         0.0012346        0.00153865
              55.7        0.00122453        0.00151212
              55.9        0.00118371        0.00146269
              56.1        0.00121354        0.00151911
              56.3        0.00115705        0.00146085
              56.5        0.00117945        0.00153137
              56.7         0.0011207        0.00143659
              56.9        0.00110163        0.00142422
              57.1        0.00110982        0.00140995
              57.3        0.00109834        0.00140123
              57.5        0.00107217        0.00138717
              57.7        0.00106461        0.00142788
              57.9        0.00105762        0.00143007
              58.1        0.00103222        0.00137224
              58.3        0.00102343         0.0013637
              58.5        0.00101048        0.00133965
              58.7       0.000994313        0.00131618
              58.9        0.00100878         0.0013767
              59.1       0.000965599        0.00135575
              59.3       0.000936555        0.00127496
              59.5       0.000942958        0.00129426
              59.7       0.000950597        0.00134641
              59.9        0.00092731        0.00131385
              60.1       0.000876503        0.00118745
              60.3        0.00089693         0.0012858
              60.5       0.000892681        0.00125922
              60.7       0.000876041        0.00129386
              60.9       0.000858405        0.00124173
              61.1       0.000850624        0.00121998
              61.3       0.000841328        0.00123281
              61.5       0.000855205        0.00127089
              61.7       0.000827432        0.00122831
              61.9       0.000800388        0.00116149
              62.1        0.00078479        0.00116478
              62.3       0.000802615        0.00121049
              62.5       0.000759566        0.00113913
              62.7       0.000761849        0.00115919
              62.9       0.000761612        0.00115863
              63.1       0.000753321        0.00117648
              63.3       0.000717758        0.00110405
              63.5       0.000738855         0.0011429
              63.7       0.000730111        0.00113945
              63.9       0.000709205        0.00113575
              64.1       0.000706836        0.00110991
              64.3        0.00069007         0.0010899
              64.5       0.000675663        0.00107828
              64.7       0.000678149        0.00110108
              64.9       0.000676511        0.00110237
              65.1       0.000673333        0.00110427
              65.3       0.000646411        0.00103847
              65.5       0.000644559        0.00104058
              65.7       0.000627548        0.00103825
              65.9         0.0006424        0.00105973
              66.1       0.000626194        0.00103447
              66.3       0.000603316         0.0010506
              66.5       0.000619359        0.00105896
              66.7       0.000596942       0.000999669
              66.9       0.000593725       0.000986265
              67.1       0.000572886       0.000983726
              67.3       0.000574042       0.000979053
              67.5       0.000572878       0.000996095
              67.7       0.000551921       0.000936719
              67.9       0.000560167       0.000981124
              68.1       0.000559951       0.000968217
              68.3       0.000550631       0.000946268
              68.5       0.000537769       0.000966769
              68.7       0.000542168       0.000983361
              68.9         0.0005291       0.000943797
              69.1       0.000520002       0.000921711
              69.3       0.000509181       0.000911385
              69.5       0.000508639       0.000966347
              69.7       0.000497796        0.00089227
              69.9       0.000484982       0.000908185
              70.1       0.000492312       0.000897168
              70.3       0.000485089       0.000925059
              70.5       0.000475367       0.000887177
              70.7       0.000478789       0.000906332
              70.9       0.000463958       0.000854878
              71.1       0.000457371       0.000890272
              71.3       0.000464367        0.00088368
              71.5       0.000443262       0.000855714
              71.7       0.000453712       0.000918092
              71.9        0.00043598       0.000841073
              72.1       0.000441562       0.000874441
              72.3       0.000439337        0.00085822
              72.5       0.000422714       0.000814286
              72.7       0.000417183       0.000810154
              72.9        0.00042064       0.000855772
              73.1       0.000410554       0.000838571
              73.3       0.000412593       0.000875952
              73.5       0.000404957       0.000805264
              73.7       0.000394638       0.000802179
              73.9       0.000390648       0.000802689
              74.1       0.000379767       0.000800991
              74.3       0.000382634       0.000820677
              74.5       0.000375146       0.000772376
              74.7       0.000372615       0.000767169
              74.9       0.000377051        0.00079749
              75.1       0.000371406       0.000778084
              75.3       0.000359096       0.000757217
              75.5       0.000359911        0.00077092
              75.7       0.000353926       0.000746473
              75.9       0.000354878       0.000747844
              76.1       0.000342276        0.00074305
              76.3       0.000338305       0.000743117
              76.5       0.000335091       0.000726403
              76.7       0.000338211       0.000747077
              76.9        0.00033672       0.000747982
              77.1       0.000336944       0.000755639
              77.3       0.000326985        0.00072807
              77.5       0.000323969       0.000708662
              77.7       0.000318964       0.000706285
              77.9       0.000307657       0.000697143
              78.1       0.000309135       0.000696441
              78.3       0.000310182       0.000712323
              78.5       0.000296118       0.000688053
              78.7       0.000299639       0.000679328
              78.9       0.000291442         0.0007019
              79.1       0.000288061       0.000678494
              79.3       0.000285218       0.000665571
              79.5       0.000274222       0.000643722
              79.7       0.000273505       0.000642531
              79.9       0.000276971       0.000662165
              80.1       0.000274842       0.000695075
              80.3       0.000270026       0.000644145
              80.5       0.000279059       0.000675515
              80.7         0.0002621       0.000648054
              80.9       0.000263951       0.000647665
              81.1       0.000263062        0.00064898
              81.3       0.000270117       0.000660791
              81.5       0.000252189       0.000621575
              81.7       0.000254978       0.000608597
              81.9       0.000248975       0.000621899
              82.1       0.000244998       0.000608325
              82.3       0.000252789       0.000632797
              82.5        0.00023219       0.000594961
              82.7       0.000246292       0.000625322
              82.9       0.000233301       0.000601978
              83.1       0.000230308        0.00059113
              83.3       0.000229327       0.000586742
              83.5       0.000230318       0.000607404
              83.7       0.000224844       0.000622241
              83.9       0.000216405       0.000572975
              84.1       0.000223019       0.000589995
              84.3       0.000223503       0.000587948
              84.5       0.000217857       0.000589517
              84.7       0.000212815       0.000586511
              84.9        0.00021005       0.000569353
              85.1         0.0002124       0.000584039
              85.3        0.00020543       0.000547183
              85.5       0.000200213       0.000539867
              85.7        0.00020286       0.000576309
              85.9       0.000203398        0.00056884
              86.1       0.000196915       0.000562906
              86.3       0.000195568       0.000535371
              86.5       0.000195019       0.000534223
              86.7       0.000200277       0.000576507
              86.9       0.000189094       0.000539007
              87.1       0.000185643       0.000520534
              87.3       0.000187264       0.000518333
              87.5       0.000186087       0.000513845
              87.7       0.000188051        0.00053643
              87.9       0.000180952       0.000515316
              88.1       0.000179405       0.000529898
              88.3       0.000171394       0.000520235
              88.5       0.000172774       0.000512831
              88.7       0.000169243       0.000500473
              88.9       0.000174851       0.000522086
              89.1        0.00016922       0.000496004
              89.3       0.000166914       0.000492069
              89.5       0.000166384       0.000502499
              89.7       0.000158957        0.00048683
              89.9       0.000155877       0.000475939
              90.1       0.000161487        0.00049702
              90.3       0.000158723       0.000500967
              90.5       0.000156552       0.000476503
              90.7       0.000150533       0.000467374
              90.9       0.000153661       0.000487422
              91.1       0.000155279       0.000492027
              91.3       0.000152945       0.000485126
              91.5       0.000150232       0.000474684
              91.7       0.000150637       0.000467388
              91.9       0.000148278       0.000484684
              92.1       0.000144652       0.000466873
              92.3       0.000143577       0.000462201
              92.5       0.000150524       0.000513492
              92.7       0.000141045       0.000444357
              92.9       0.000137834       0.000443078
              93.1       0.000137066       0.000451884
              93.3       0.000140084        0.00048003
              93.5       0.000131866       0.000449485
              93.7       0.000133514       0.000442309
              93.9       0.000128823       0.000426415
              94.1        0.00012657        0.00041563
              94.3       0.000127882       0.000421161
              94.5       0.000127014       0.000438381
              94.7       0.000124865       0.000417135
              94.9        0.00012696       0.000439935
              95.1       0.000122142       0.000421043
              95.3       0.000117937       0.000408382
              95.5       0.000117986       0.000413479
              95.7       0.000119928       0.000419419
              95.9       0.000119487       0.000420472
              96.1       0.000120367       0.000416329
              96.3       0.000111242       0.000406009
              96.5       0.000117992       0.000423404
              96.7       0.000114692       0.000398815
              96.9       0.000112366       0.000407008
              97.1       0.000114935       0.000418649
              97.3       0.000109636       0.000377172
              97.5       0.000111637       0.000407868
              97.7       0.000103275       0.000373164
              97.9       0.000109097        0.00040873
              98.1       0.000107823       0.000398913
              98.3       0.000105129       0.000377998
              98.5       0.000100204       0.000376421
              98.7       0.000101904        0.00039465
              98.9       0.000100936       0.000387757
              99.1       9.86269e-05       0.000369629
              99.3       0.000102447       0.000383534
              99.5       9.62068e-05       0.000366851
              99.7       9.47981e-05       0.000358232
              99.9       9.44023e-05       0.000365691
             100.1       9.06476e-05       0.000349856
             100.3       9.45375e-05       0.000367478
             100.5       9.45598e-05       0.000381856
             100.7       9.51171e-05       0.000381821
             100.9       9.21665e-05       0.000365869
             101.1       8.96837e-05       0.000355157
             101.3       9.01438e-05       0.000354256
             101.5       8.72815e-05       0.000379758
             101.7        8.8502e-05       0.000348334
             101.9       8.75947e-05       0.000348915
             102.1       8.50897e-05       0.000369128
             102.3       9.16007e-05        0.00036504
             102.5       8.40764e-05       0.000354992
             102.7       8.29751e-05       0.000342366
             102.9        8.3111e-05       0.000344809
             103.1       7.99436e-05       0.000313748
             103.3       8.36895e-05       0.000341494
             103.5       8.06335e-05       0.000327513
             103.7        7.7097e-05       0.000321549
             103.9       7.73266e-05       0.000335504
             104.1       7.37516e-05       0.000327632
             104.3       8.21565e-05       0.000345036
             104.5       7.59693e-05       0.000324398
             104.7       7.71285e-05       0.000328504
             104.9       7.81208e-05       0.000335085
             105.1       7.71274e-05       0.000335561
             105.3       7.53861e-05       0.000324926
             105.5       7.29837e-05       0.000316281
             105.7       6.90682e-05       0.000315662
             105.9       7.21498e-05       0.000305727
             106.1       7.49206e-05       0.000335934
             106.3       7.19326e-05       0.000315542
             106.5       6.91974e-05       0.000311328
             106.7       6.79475e-05       0.000299636
             106.9       6.62907e-05       0.000312856
             107.1       6.92107e-05       0.000311155
             107.3       6.65286e-05       0.000309894
             107.5        6.7819e-05        0.00030291
             107.7       7.05962e-05       0.000331962
             107.9       6.59324e-05       0.000302337
             108.1       6.02589e-05       0.000277463
             108.3       6.50314e-05        0.00030637
             108.5       6.27594e-05       0.000293035
             108.7       6.09133e-05       0.000289128
             108.9       6.45949e-05       0.000310039
             109.1       6.23257e-05       0.000299638
             109.3       6.21716e-05       0.000295075
             109.5       6.06984e-05       0.000286677
             109.7       5.89486e-05       0.000276204
             109.9       5.68747e-05       0.000273196
             110.1       5.69857e-05        0.00027855
             110.3       6.29486e-05       0.000306286
             110.5       5.75087e-05       0.000305797
             110.7       5.62629e-05       0.000271069
             110.9       5.78429e-05       0.000287129
             111.1       5.61234e-05        0.00027318
             111.3        5.4506e-05       0.000274976
             111.5       5.43021e-05       0.000275916
             111.7       5.83782e-05        0.00028823
             111.9       5.14742e-05       0.000260981
             112.1        5.4883e-05       0.000278006
             112.3       5.27575e-05       0.000276644
             112.5       5.12748e-05       0.000265501
             112.7       4.97755e-05       0.000265026
             112.9       4.87884e-05       0.000258705
             113.1       4.90956e-05       0.000257211
             113.3       4.85337e-05       0.000253142
             113.5       5.02948e-05       0.000259845
             113.7       4.87437e-05       0.000254329
             113.9       4.91991e-05       0.000267795
             114.1       4.59052e-05       0.000254516
             114.3        4.9897e-05       0.000269661
             114.5         4.669e-05       0.000242983
             114.7       4.75553e-05       0.000256838
             114.9        4.8964e-05       0.000270899
             115.1       4.83436e-05       0.000274817
             115.3        4.8173e-05       0.000262126
             115.5       4.44373e-05       0.000244395
             115.7       4.42972e-05       0.000237068
             115.9       4.44326e-05       0.000242891
             116.1       4.26921e-05       0.000238985
             116.3       4.44266e-05       0.000269138
             116.5       4.30276e-05       0.000237632
             116.7       4.48199e-05       0.000243964
             116.9       4.04402e-05       0.000226895
             117.1        4.1923e-05       0.000238056
             117.3       4.00688e-05       0.000224124
             117.5       4.01752e-05       0.000235907
             117.7       3.92793e-05       0.000231845
             117.9       4.02804e-05       0.000241025
             118.1       4.08697e-05       0.000228777
             118.3       3.75691e-05       0.000227348
             118.5       3.86586e-05       0.000236922
             118.7       3.82763e-05       0.000222833
             118.9       3.81689e-05       0.000228309
             119.1       3.95597e-05       0.000224163
             119.3        3.5099e-05       0.000218085
             119.5        3.7841e-05       0.000226476
             119.7       3.65335e-05       0.000228855
             119.9       3.52571e-05        0.00020935
             120.1       3.71773e-05       0.000217704
             120.3       3.43388e-05       0.000207755
             120.5       3.53801e-05       0.000225362
             120.7       3.53745e-05       0.000242106
             120.9       3.67761e-05       0.000246063
             121.1       3.44246e-05       0.000218038
             121.3       3.60911e-05       0.000223773
             121.5       3.52201e-05       0.000221837
             121.7       3.57223e-05       0.000218068
             121.9       3.32123e-05       0.000216493
             122.1       3.33909e-05       0.000218527
             122.3       3.08732e-05        0.00019859
             122.5       3.25097e-05       0.000210303
             122.7       3.30887e-05       0.000207865
             122.9        3.5313e-05       0.000230807
             123.1       3.12028e-05       0.000211288
             123.3       3.06309e-05       0.000217406
             123.5       2.94725e-05       0.000198408
             123.7       3.22221e-05       0.000204439
             123.9       3.20153e-05       0.000216557
             124.1       3.19759e-05       0.000203566
             124.3        2.9133e-05       0.000199376
             124.5        2.8626e-05       0.000192018
             124.7       2.76627e-05       0.000195094
             124.9       2.98466e-05       0.000198961
             125.1        2.9585e-05       0.000192052
             125.3       2.78437e-05       0.000191522
             125.5       2.85892e-05       0.000205616
             125.7       2.78724e-05       0.000193327
             125.9       2.67559e-05       0.000189842
             126.1       2.78924e-05       0.000192901
             126.3       2.67122e-05       0.000188984
             126.5       2.64994e-05       0.000181292
             126.7       2.67509e-05       0.000192559
             126.9       2.57734e-05       0.000183371
             127.1       2.84021e-05       0.000199206
             127.3       2.60307e-05        0.00018703
             127.5       2.42826e-05       0.000179004
             127.7       2.56653e-05       0.000195887
             127.9        2.3531e-05        0.00016583
             128.1       2.50806e-05       0.000188171
             128.3       2.42419e-05       0.000188149
             128.5       2.58913e-05       0.000190253
             128.7       2.74954e-05       0.000187137
             128.9       2.37655e-05         0.0001745
             129.1       2.45247e-05       0.000176696
             129.3       2.53386e-05       0.000199272
             129.5       2.28421e-05       0.000173506
             129.7        2.3224e-05         0.0001727
             129.9       2.39492e-05       0.000181987
             130.1       2.47389e-05       0.000178212
             130.3       2.24405e-05        0.00017335
             130.5       2.22269e-05       0.000169894
             130.7       2.13417e-05       0.000164066
             130.9       2.27595e-05       0.000179828
             131.1       2.11172e-05       0.000160707
             131.3       2.12187e-05       0.000172661
             131.5       2.03736e-05       0.000157755
             131.7       2.04736e-05       0.000167975
             131.9       2.29621e-05       0.000187405
             132.1       2.14991e-05       0.000159208
             132.3       2.08287e-05        0.00016486
             132.5       2.14869e-05       0.000173645
             132.7       1.89506e-05       0.000148754
             132.9       1.96425e-05       0.000153409
             133.1        1.9838e-05       0.000154967
             133.3       2.08668e-05       0.000172424
             133.5        1.8828e-05       0.000150413
             133.7       1.99712e-05        0.00016031
             133.9       1.82075e-05       0.000154406
             134.1       1.91971e-05       0.000157074
             134.3       2.01141e-05        0.00016899
             134.5       1.76911e-05       0.000146333
             134.7       1.75743e-05       0.000150238
             134.9       1.81094e-05       0.000152591
             135.1       1.81462e-05       0.000150951
             135.3       1.75228e-05       0.000151699
             135.5       1.79731e-05       0.000151466
             135.7        1.7893e-05       0.000157881
             135.9       1.74862e-05       0.000146831
             136.1       1.78559e-05       0.000150909
             136.3         1.589e-05       0.000144512
             136.5       1.80093e-05       0.000154356
             136.7       1.61971e-05       0.000142791
             136.9       1.77156e-05        0.00015756
             137.1        1.6164e-05       0.000145225
             137.3       1.73849e-05       0.000154471
             137.5       1.75771e-05       0.000154121
             137.7       1.73198e-05       0.000160846
             137.9       1.58639e-05       0.000142284
             138.1       1.54162e-05       0.000136434
             138.3       1.51534e-05       0.000138798
             138.5       1.50709e-05       0.000139902
             138.7       1.48283e-05        0.00013691
             138.9       1.44552e-05       0.000141732
             139.1       1.56898e-05       0.000141263
             139.3       1.51364e-05       0.000148664
             139.5       1.51012e-05       0.000141899
             139.7       1.43649e-05       0.000130154
             139.9       1.42016e-05       0.000129154
             140.1        1.5562e-05       0.000143517
             140.3       1.35388e-05       0.000124123
             140.5       1.32128e-05       0.000123932
             140.7       1.59953e-05       0.000145003
             140.9       1.39714e-05       0.000137145
             141.1       1.38501e-05       0.000148566
             141.3       1.31423e-05       0.000122767
             141.5       1.40115e-05       0.000129035
             141.7       1.29489e-05       0.000124638
             141.9       1.27922e-05       0.000124492
             142.1       1.41296e-05       0.000143583
             142.3       1.35726e-05       0.000130382
             142.5       1.26224e-05         0.0001229
             142.7       1.26739e-05        0.00012102
             142.9       1.17297e-05       0.000123694
             143.1       1.22152e-05       0.000115833
             143.3       1.29348e-05       0.000120625
             143.5       1.15074e-05       0.000123387
             143.7       1.19479e-05       0.000125612
             143.9       1.20201e-05       0.000121428
             144.1       1.34371e-05       0.000134659
             144.3       1.26682e-05        0.00012804
             144.5       1.16661e-05       0.000116907
             144.7       1.05341e-05       0.000118228
             144.9       1.13419e-05       0.000127902
             145.1       1.06286e-05       0.000107635
             145.3       1.10467e-05       0.000121225
             145.5       1.32333e-05       0.000142858
             145.7       1.09021e-05        0.00011099
             145.9       1.07898e-05       0.000122523
             146.1       1.06574e-05       0.000115404
             146.3        1.1261e-05       0.000116764
             146.5       1.06462e-05       0.000109611
             146.7       1.03204e-05       0.000113499
             146.9       1.10668e-05       0.000126639
             147.1       1.07238e-05       0.000116104
             147.3       1.07031e-05       0.000120107
             147.5        9.6604e-06       0.000108444
             147.7       1.01909e-05       0.000109747
             147.9       9.59935e-06       0.000112421
             148.1       9.38861e-06       0.000102718
             148.3       1.00757e-05       0.000107615
             148.5       9.97177e-06       0.000113181
             148.7       9.98538e-06       0.000110876
             148.9       1.13214e-05        0.00013086
             149.1       9.90331e-06        0.00010419
             149.3       9.79665e-06       0.000121998
             149.5       1.00789e-05       0.000113151
             149.7       9.19251e-06       0.000105397
             149.9       9.87136e-06       0.000124678
             150.1        1.0506e-05       0.000124897
             150.3       1.06312e-05       0.000118876
             150.5       1.09552e-05       0.000132389
             150.7       8.50611e-06       9.90952e-05
             150.9       8.31817e-06       9.99641e-05
             151.1       9.45969e-06       0.000126256
             151.3       9.03125e-06       0.000109828
             151.5       9.21518e-06        0.00011811
             151.7       9.11648e-06       0.000102655
             151.9       8.64893e-06       9.76327e-05
             152.1       9.28035e-06       0.000108225
             152.3       8.40435e-06       0.000106204
             152.5       8.52799e-06       0.000102498
             152.7       7.78864e-06       9.57757e-05
             152.9       8.39086e-06       0.000106342
             153.1       8.50547e-06       0.000102742
             153.3        7.9795e-06       0.000101403
             153.5       7.29519e-06       9.31537e-05
             153.7       7.28724e-06       9.54685e-05
             153.9       7.44092e-06       9.39941e-05
             154.1       7.65285e-06        9.7253e-05
             154.3       8.28601e-06       0.000101727
             154.5       6.99947e-06        8.9062e-05
             154.7       7.67611e-06       0.000100091
             154.9       6.68979e-06       8.64317e-05
             155.1       7.55975e-06       9.58497e-05
             155.3       7.70245e-06       0.000100814
             155.5       7.63666e-06       0.000104087
             155.7       6.94923e-06       8.91348e-05
             155.9       6.93777e-06       9.12406e-05
             156.1       7.52314e-06         0.0001015
             156.3       7.91985e-06       0.000104662
             156.5       7.45941e-06       0.000103048
             156.7       8.22849e-06       0.000100151
             156.9       7.59185e-06       0.000104691
             157.1       6.77598e-06       8.58353e-05
             157.3       5.76686e-06       7.29762e-05
             157.5       7.15778e-06       9.48563e-05
             157.7       6.06681e-06       8.44966e-05
             157.9       6.72321e-06       8.99556e-05
             158.1       6.73776e-06       9.56184e-05
             158.3       7.12236e-06       9.33456e-05
             158.5       6.37965e-06       8.62863e-05
             158.7       7.26211e-06       9.77135e-05
             158.9       6.83067e-06        9.5244e-05
             159.1       7.27393e-06       0.000102322
             159.3       5.76918e-06       8.23661e-05
             159.5       6.74388e-06       8.81722e-05
             159.7       6.16275e-06       8.37376e-05
             159.9       6.63516e-06       8.87591e-05
             160.1       6.41202e-06       9.55162e-05
             160.3       5.94445e-06        8.2697e-05
             160.5       5.71693e-06       8.16518e-05
             160.7       5.69128e-06       8.53616e-05
             160.9       5.95359e-06       8.30263e-05
             161.1       6.36222e-06       9.38678e-05
             161.3       5.83239e-06        8.3997e-05
             161.5       6.42032e-06       9.20673e-05
             161.7       5.90095e-06       8.88976e-05
             161.9       5.32231e-06       7.05468e-05
             162.1       5.15709e-06        7.6587e-05
             162.3       5.31443e-06       7.65197e-05
             162.5       5.63943e-06       8.57904e-05
             162.7       5.64879e-06       8.94772e-05
             162.9       5.46304e-06       7.75739e-05
             163.1       5.58828e-06       8.30654e-05
             163.3       4.59753e-06       6.86494e-05
             163.5       5.00752e-06       8.42288e-05
             163.7       4.68046e-06       7.14667e-05
             163.9        5.6568e-06       8.77123e-05
             164.1       4.85983e-06       7.24523e-05
             164.3       4.49368e-06       7.20506e-05
             164.5       4.99214e-06       8.66362e-05
             164.7         4.482e-06       6.99578e-05
             164.9       4.07886e-06       6.57254e-05
             165.1       4.68291e-06       7.73301e-05
             165.3       4.56769e-06       7.14542e-05
             165.5       5.60556e-06       9.04711e-05
             165.7       4.33855e-06       7.27623e-05
             165.9       4.67849e-06       7.07394e-05
             166.1       4.32449e-06       6.78596e-05
             166.3       3.92183e-06       6.35273e-05
             166.5       4.16577e-06       6.67602e-05
             166.7       4.89364e-06       7.86514e-05
             166.9       4.44293e-06       7.67196e-05
             167.1       4.00872e-06       6.57597e-05
             167.3       4.30062e-06       6.84129e-05
             167.5       3.91274e-06       6.59003e-05
             167.7       4.16326e-06        7.0536e-05
             167.9       4.35618e-06       6.67626e-05
             168.1       4.58511e-06       7.74933e-05
             168.3       4.35242e-06        6.9663e-05
             168.5       3.44067e-06       6.14192e-05
             168.7        4.1376e-06       6.91327e-05
             168.9        4.6622e-06       7.98436e-05
             169.1       3.60577e-06       6.29225e-05
             169.3       4.31571e-06       7.35813e-05
             169.5        4.5682e-06        7.9658e-05
             169.7       4.64388e-06       7.32971e-05
             169.9       4.15986e-06       7.30104e-05
             170.1       3.75691e-06       6.95982e-05
             170.3       3.69432e-06       6.53473e-05
             170.5       4.05636e-06       8.44585e-05
             170.7       3.29392e-06       5.97693e-05
             170.9       3.99689e-06       6.72878e-05
             171.1       3.69772e-06       6.48541e-05
             171.3        4.2494e-06       7.78531e-05
             171.5       3.90783e-06        6.9392e-05
             171.7       3.16337e-06       5.91037e-05
             171.9       3.57108e-06       6.72573e-05
             172.1        4.3394e-06       8.11438e-05
             172.3       4.18529e-06       7.30037e-05
             172.5       3.52506e-06       6.27464e-05
             172.7       3.15718e-06       6.25611e-05
             172.9        3.9002e-06       7.33039e-05
             173.1       3.48721e-06       6.14393e-05
             173.3       3.61277e-06       6.97397e-05
             173.5       3.44876e-06       6.50891e-05
             173.7       3.21621e-06       6.58266e-05
             173.9       3.31902e-06       6.37135e-05
             174.1       3.46614e-06       6.21825e-05
             174.3       3.12485e-06        6.0818e-05
             174.5       3.22047e-06       5.89974e-05
             174.7       3.58766e-06       6.56977e-05
             174.9        3.4772e-06       6.87167e-05
             175.1       3.62597e-06       6.88905e-05
             175.3       3.00613e-06       5.24383e-05
             175.5       2.90671e-06       6.21509e-05
             175.7       2.92453e-06       5.12558e-05
             175.9       3.17102e-06       6.08562e-05
             176.1       3.38258e-06       6.47188e-05
             176.3       3.48739e-06       6.70698e-05
             176.5       3.09597e-06        6.8405e-05
             176.7       3.33394e-06       6.73445e-05
             176.9       2.78141e-06       4.95273e-05
             177.1       3.06979e-06       6.31559e-05
             177.3       2.40274e-06        5.2442e-05
             177.5       3.67784e-06       6.89447e-05
             177.7       2.78354e-06       5.70955e-05
             177.9       2.63767e-06       4.99955e-05
             178.1       2.96547e-06       5.80311e-05
             178.3       2.28494e-06       4.65139e-05
             178.5        3.2304e-06       5.88245e-05
             178.7       2.62573e-06       4.95165e-05
             178.9       3.49353e-06       7.03833e-05
             179.1       2.88044e-06       5.79637e-05
             179.3       2.89453e-06       6.20013e-05
             179.5       3.06728e-06       6.62381e-05
             179.7       2.59057e-06       5.94397e-05
