               0.1           0.77489         0.0360021
               0.3          0.779204         0.0299377
               0.5          0.773868         0.0346431
               0.7          0.778985         0.0360283
               0.9          0.776494         0.0398643
               1.1          0.778079         0.0364694
               1.3          0.775661          0.042583
               1.5          0.773096         0.0342066
               1.7          0.770928         0.0374017
               1.9          0.770541         0.0358394
               2.1          0.769494         0.0368918
               2.3          0.769778         0.0355052
               2.5          0.767658         0.0370827
               2.7           0.77197         0.0367638
               2.9          0.766749         0.0362032
               3.1          0.766888         0.0391767
               3.3          0.764968         0.0388969
               3.5          0.763369         0.0397965
               3.7          0.762927         0.0401459
               3.9          0.759431         0.0390178
               4.1           0.75829         0.0388856
               4.3          0.756375         0.0395319
               4.5          0.751957         0.0392855
               4.7          0.751375         0.0440413
               4.9          0.750295         0.0427875
               5.1          0.745519         0.0447042
               5.3          0.743536         0.0436998
               5.5          0.739884         0.0440162
               5.7          0.736027         0.0470634
               5.9          0.730946          0.047232
               6.1          0.731189          0.046851
               6.3          0.726902         0.0521454
               6.5           0.72079         0.0513893
               6.7          0.717558         0.0510298
               6.9          0.712509         0.0524479
               7.1          0.707824         0.0550865
               7.3           0.70079         0.0573448
               7.5          0.695372         0.0571571
               7.7          0.689063         0.0594972
               7.9          0.683031         0.0599175
               8.1           0.67319         0.0659605
               8.3           0.66953         0.0648055
               8.5          0.660134         0.0695343
               8.7          0.650254         0.0711379
               8.9          0.642021         0.0744511
               9.1          0.630812         0.0777667
               9.3          0.620247         0.0798901
               9.5          0.605401          0.084352
               9.7           0.59413         0.0898848
               9.9          0.577694         0.0920552
              10.1          0.556599          0.102575
              10.3          0.537522          0.113205
              10.5          0.508213          0.126615
              10.7           0.47659          0.138356
              10.9          0.454547          0.144091
              11.1          0.429381          0.147397
              11.3          0.403995          0.152335
              11.5          0.385758          0.154344
              11.7          0.357181          0.153258
              11.9          0.335647          0.151427
              12.1          0.320199          0.150936
              12.3          0.304632          0.146469
              12.5          0.284485           0.14344
              12.7          0.265393          0.137745
              12.9          0.245754          0.131128
              13.1          0.231559          0.122653
              13.3          0.215513          0.119618
              13.5          0.202392          0.113118
              13.7           0.18798          0.103094
              13.9          0.172412         0.0942331
              14.1          0.160743         0.0855642
              14.3          0.151166         0.0795117
              14.5          0.137515         0.0724305
              14.7          0.129336         0.0664991
              14.9          0.122516         0.0647685
              15.1          0.113666         0.0576149
              15.3          0.107999         0.0559546
              15.5           0.10144         0.0508871
              15.7         0.0954907         0.0484191
              15.9         0.0906307         0.0464089
              16.1         0.0851902         0.0438663
              16.3         0.0809764         0.0418258
              16.5         0.0776624         0.0394593
              16.7         0.0743735         0.0386717
              16.9         0.0697565         0.0362464
              17.1         0.0659539         0.0338647
              17.3         0.0640735         0.0340462
              17.5         0.0602427         0.0315196
              17.7         0.0587206          0.031007
              17.9         0.0560906         0.0316311
              18.1         0.0536715         0.0286059
              18.3         0.0514826         0.0273481
              18.5         0.0490134         0.0267911
              18.7         0.0472117         0.0254857
              18.9          0.045857         0.0250822
              19.1         0.0437828         0.0241236
              19.3         0.0422671         0.0234597
              19.5         0.0408615         0.0224237
              19.7         0.0390123          0.021438
              19.9         0.0376558          0.021192
              20.1         0.0369263         0.0217401
              20.3         0.0356289           0.02089
              20.5         0.0345677         0.0197683
              20.7         0.0335981         0.0202809
              20.9         0.0320795         0.0191404
              21.1         0.0310377         0.0176494
              21.3         0.0298577         0.0170397
              21.5          0.028581         0.0166586
              21.7         0.0285785         0.0171495
              21.9         0.0275831         0.0166652
              22.1         0.0265891         0.0158624
              22.3         0.0258893         0.0160624
              22.5         0.0251312         0.0153717
              22.7           0.02393         0.0144938
              22.9         0.0234193         0.0142303
              23.1         0.0233133         0.0145181
              23.3         0.0220013         0.0135835
              23.5           0.02192         0.0134209
              23.7         0.0213492         0.0137865
              23.9         0.0205529         0.0133793
              24.1         0.0198034         0.0124606
              24.3         0.0195385         0.0124548
              24.5         0.0190949          0.012051
              24.7          0.018401         0.0117533
              24.9         0.0179324         0.0115969
              25.1         0.0177055         0.0119417
              25.3         0.0171283         0.0113137
              25.5          0.016885         0.0110466
              25.7         0.0163826         0.0106905
              25.9         0.0158567         0.0106319
              26.1         0.0154813         0.0102763
              26.3         0.0151601         0.0104009
              26.5         0.0146546        0.00981123
              26.7         0.0144176         0.0100519
              26.9         0.0141628        0.00974535
              27.1         0.0136473        0.00953776
              27.3         0.0134441        0.00953051
              27.5          0.013331        0.00934745
              27.7         0.0128529        0.00900866
              27.9         0.0125761        0.00916599
              28.1         0.0122541        0.00866186
              28.3         0.0119734        0.00887466
              28.5         0.0118467        0.00872776
              28.7         0.0113905        0.00829531
              28.9         0.0111223        0.00827054
              29.1         0.0109988        0.00806986
              29.3         0.0107409        0.00819031
              29.5         0.0105659        0.00796622
              29.7         0.0103266        0.00775908
              29.9         0.0101865        0.00782806
              30.1         0.0100376        0.00778664
              30.3        0.00970535        0.00760619
              30.5        0.00958072        0.00769128
              30.7        0.00920993        0.00705412
              30.9        0.00906087        0.00692291
              31.1         0.0090108        0.00737761
              31.3        0.00888506        0.00714274
              31.5        0.00869179         0.0070962
              31.7         0.0083996        0.00669824
              31.9        0.00815402        0.00642684
              32.1        0.00800961        0.00655266
              32.3        0.00794465        0.00645515
              32.5        0.00773593        0.00633079
              32.7        0.00774133        0.00634339
              32.9         0.0074768        0.00628183
              33.1        0.00735482        0.00606921
              33.3        0.00717033        0.00612275
              33.5        0.00713512         0.0061981
              33.7        0.00693463         0.0061119
              33.9        0.00681422        0.00601121
              34.1         0.0066603        0.00583478
              34.3        0.00649249        0.00553125
              34.5        0.00636827        0.00560631
              34.7        0.00631446        0.00552612
              34.9        0.00621127        0.00553678
              35.1        0.00598669        0.00536341
              35.3         0.0058645        0.00526297
              35.5        0.00587816        0.00524929
              35.7         0.0057391        0.00535599
              35.9        0.00560627        0.00513267
              36.1         0.0054907        0.00493818
              36.3        0.00542822        0.00510039
              36.5        0.00536434        0.00487909
              36.7        0.00523537        0.00494438
              36.9        0.00514164        0.00489095
              37.1        0.00505338        0.00487628
              37.3        0.00485701        0.00471442
              37.5        0.00492629        0.00479976
              37.7        0.00477689        0.00473308
              37.9        0.00457829        0.00451437
              38.1        0.00460292        0.00456203
              38.3        0.00461015        0.00447898
              38.5        0.00451788        0.00451092
              38.7        0.00441827        0.00450463
              38.9        0.00438135        0.00435053
              39.1        0.00428712        0.00436967
              39.3        0.00421172        0.00432169
              39.5        0.00416619        0.00429028
              39.7        0.00403022        0.00419095
              39.9        0.00396305        0.00406553
              40.1        0.00389742        0.00404864
              40.3        0.00383738        0.00406925
              40.5        0.00374232         0.0039128
              40.7        0.00371737        0.00400505
              40.9         0.0037334        0.00399733
              41.1        0.00361163        0.00388889
              41.3        0.00345932        0.00369047
              41.5        0.00350315        0.00383978
              41.7         0.0033076        0.00365038
              41.9        0.00338594        0.00373657
              42.1        0.00328482        0.00372275
              42.3         0.0032319        0.00361353
              42.5        0.00323252        0.00366923
              42.7        0.00307982        0.00347496
              42.9        0.00314551        0.00364338
              43.1        0.00301497        0.00345213
              43.3        0.00297552        0.00341377
              43.5        0.00295536        0.00352623
              43.7         0.0028947        0.00332264
              43.9        0.00289841        0.00347104
              44.1        0.00287026        0.00347809
              44.3        0.00277649        0.00334376
              44.5        0.00274412        0.00331815
              44.7         0.0026793        0.00318379
              44.9        0.00264254        0.00316492
              45.1        0.00259568        0.00318402
              45.3        0.00257112        0.00318438
              45.5        0.00256777        0.00319307
              45.7        0.00244543        0.00300508
              45.9        0.00250555        0.00319515
              46.1        0.00242978        0.00329308
              46.3        0.00240651        0.00311608
              46.5        0.00235405        0.00298251
              46.7         0.0022825        0.00293885
              46.9        0.00229258         0.0029484
              47.1        0.00225822         0.0029053
              47.3        0.00221624        0.00292283
              47.5        0.00220914        0.00289971
              47.7        0.00214862        0.00284328
              47.9         0.0021318        0.00286894
              48.1        0.00210934        0.00279198
              48.3        0.00209503        0.00283815
              48.5        0.00202642        0.00281665
              48.7        0.00199667        0.00273458
              48.9        0.00194931        0.00271637
              49.1        0.00191208        0.00261517
              49.3        0.00192514        0.00266702
              49.5        0.00185687        0.00263745
              49.7        0.00185794        0.00267329
              49.9          0.001858        0.00264782
              50.1        0.00181042        0.00254268
              50.3        0.00177956        0.00249458
              50.5        0.00173099         0.0024666
              50.7         0.0016679        0.00240053
              50.9        0.00168147        0.00243727
              51.1        0.00166377        0.00240197
              51.3        0.00167117        0.00244727
              51.5        0.00160035        0.00231247
              51.7        0.00161483        0.00242871
              51.9        0.00156983        0.00238923
              52.1        0.00157357        0.00242384
              52.3        0.00158909        0.00243215
              52.5        0.00150468        0.00230734
              52.7         0.0014832        0.00228731
              52.9        0.00147496         0.0022569
              53.1        0.00144054        0.00220845
              53.3        0.00143155        0.00220731
              53.5        0.00143135        0.00232267
              53.7        0.00135089        0.00213066
              53.9        0.00133313        0.00209824
              54.1        0.00137063        0.00222436
              54.3        0.00131039        0.00210145
              54.5        0.00130255        0.00212137
              54.7        0.00131218        0.00211245
              54.9        0.00128525        0.00212126
              55.1        0.00129515        0.00209118
              55.3        0.00126211         0.0021315
              55.5        0.00120433        0.00200352
              55.7        0.00123097        0.00208376
              55.9        0.00119115        0.00204049
              56.1        0.00122016        0.00204637
              56.3        0.00115841        0.00192823
              56.5        0.00112853        0.00191374
              56.7        0.00113512        0.00192568
              56.9        0.00110993        0.00189486
              57.1        0.00110397        0.00196878
              57.3        0.00108829        0.00187031
              57.5        0.00110891        0.00191818
              57.7        0.00108222        0.00194565
              57.9        0.00102908        0.00184834
              58.1        0.00104042        0.00182374
              58.3       0.000984728        0.00177776
              58.5         0.0010033        0.00181034
              58.7         0.0010004        0.00188392
              58.9       0.000984722        0.00184004
              59.1       0.000981948        0.00180783
              59.3       0.000987427        0.00186178
              59.5       0.000948957        0.00179102
              59.7       0.000954249        0.00177103
              59.9       0.000940453        0.00181294
              60.1       0.000920776        0.00172807
              60.3       0.000904696        0.00171094
              60.5       0.000909694        0.00166259
              60.7       0.000888708        0.00169611
              60.9       0.000880213        0.00169734
              61.1       0.000878191        0.00169235
              61.3       0.000855855        0.00168236
              61.5       0.000836027        0.00165694
              61.7       0.000821598        0.00161047
              61.9       0.000799675        0.00158685
              62.1       0.000818995        0.00171122
              62.3         0.0008201        0.00163846
              62.5       0.000751308        0.00150291
              62.7       0.000768248        0.00157401
              62.9        0.00075801        0.00157604
              63.1       0.000748559        0.00152573
              63.3       0.000751038        0.00159801
              63.5       0.000725658        0.00152175
              63.7       0.000739337        0.00160746
              63.9        0.00070069         0.0014917
              64.1       0.000692967        0.00144708
              64.3        0.00071282        0.00150041
              64.5       0.000689865        0.00146687
              64.7       0.000690644        0.00150074
              64.9       0.000677367        0.00146484
              65.1       0.000695634        0.00152103
              65.3       0.000658013        0.00148792
              65.5       0.000630674        0.00142415
              65.7       0.000642668        0.00144986
              65.9       0.000631377        0.00136995
              66.1       0.000612759        0.00135709
              66.3       0.000608896        0.00133142
              66.5       0.000612619        0.00141833
              66.7       0.000600696        0.00136136
              66.9       0.000605268        0.00136475
              67.1         0.0005676        0.00133639
              67.3       0.000581389        0.00133825
              67.5       0.000567552        0.00131285
              67.7       0.000569774        0.00129056
              67.9       0.000548947        0.00128878
              68.1       0.000545553        0.00128465
              68.3       0.000558706        0.00129553
              68.5       0.000562624        0.00136338
              68.7        0.00055084        0.00130722
              68.9       0.000528047        0.00130209
              69.1       0.000511176        0.00125456
              69.3       0.000538908        0.00131732
              69.5       0.000523995        0.00125724
              69.7       0.000508453        0.00122492
              69.9         0.0004997        0.00125741
              70.1       0.000495059        0.00128571
              70.3        0.00049805        0.00126727
              70.5       0.000475437        0.00118026
              70.7       0.000484051        0.00123072
              70.9       0.000479965         0.0012414
              71.1       0.000454259        0.00117167
              71.3       0.000472916        0.00119299
              71.5       0.000449359        0.00113564
              71.7       0.000447384         0.0011524
              71.9       0.000427761        0.00110592
              72.1       0.000450907        0.00117962
              72.3       0.000419263        0.00107787
              72.5       0.000413097          0.001093
              72.7       0.000436321        0.00120397
              72.9       0.000424547        0.00113154
              73.1       0.000408046        0.00116024
              73.3       0.000417056        0.00112328
              73.5       0.000413172        0.00110169
              73.7       0.000388965        0.00107023
              73.9       0.000384776        0.00105787
              74.1       0.000383844        0.00109168
              74.3       0.000379215        0.00104362
              74.5       0.000379173        0.00102036
              74.7       0.000374735        0.00104188
              74.9        0.00036906        0.00107312
              75.1       0.000368407        0.00102458
              75.3       0.000360781        0.00102537
              75.5        0.00036485        0.00104807
              75.7       0.000347238       0.000970958
              75.9       0.000333403        0.00094527
              76.1       0.000344708       0.000972053
              76.3       0.000335421       0.000980259
              76.5       0.000352488        0.00104603
              76.7       0.000347407        0.00101141
              76.9       0.000337503        0.00098544
              77.1       0.000330639        0.00100338
              77.3       0.000325837       0.000987116
              77.5       0.000323578       0.000984678
              77.7       0.000310717       0.000923865
              77.9       0.000323768       0.000991186
              78.1       0.000303796       0.000939524
              78.3       0.000305639       0.000945166
              78.5       0.000300708       0.000891165
              78.7       0.000306642       0.000919135
              78.9       0.000295177       0.000911224
              79.1       0.000290805       0.000900751
              79.3       0.000281134       0.000869629
              79.5       0.000276961       0.000896162
              79.7       0.000301375       0.000931906
              79.9       0.000271218       0.000861678
              80.1       0.000273083       0.000884119
              80.3       0.000257869         0.0008358
              80.5       0.000263638       0.000862482
              80.7       0.000268569       0.000902281
              80.9       0.000265755       0.000873571
              81.1       0.000246072        0.00082352
              81.3       0.000255472       0.000856485
              81.5       0.000257879       0.000808984
              81.7       0.000250427        0.00084821
              81.9       0.000238859       0.000797074
              82.1       0.000246463        0.00083751
              82.3       0.000241558       0.000821689
              82.5       0.000245153       0.000804537
              82.7       0.000247803       0.000843225
              82.9       0.000243646       0.000841972
              83.1       0.000236545       0.000824416
              83.3       0.000222557       0.000800094
              83.5       0.000227688        0.00075981
              83.7       0.000237793        0.00085592
              83.9       0.000224418       0.000798445
              84.1       0.000226002       0.000817384
              84.3       0.000215586       0.000758334
              84.5       0.000213321       0.000739313
              84.7       0.000213029       0.000757397
              84.9       0.000213897       0.000768621
              85.1       0.000209295       0.000753211
              85.3       0.000203784       0.000733789
              85.5       0.000208547       0.000767116
              85.7       0.000201077       0.000741667
              85.9       0.000207547       0.000749774
              86.1       0.000198679       0.000734347
              86.3       0.000202435       0.000757735
              86.5       0.000191744       0.000734943
              86.7       0.000194457       0.000749042
              86.9        0.00019317       0.000701412
              87.1       0.000185385       0.000694607
              87.3       0.000183518       0.000709356
              87.5       0.000184626       0.000709711
              87.7       0.000181139       0.000695281
              87.9        0.00018263       0.000721476
              88.1       0.000185906       0.000757101
              88.3       0.000185791       0.000751259
              88.5       0.000180164       0.000699416
              88.7       0.000169638       0.000672296
              88.9        0.00016675       0.000681043
              89.1       0.000174495       0.000700077
              89.3       0.000170726       0.000700989
              89.5       0.000158026       0.000634203
              89.7       0.000155809       0.000606144
              89.9       0.000164026       0.000681407
              90.1       0.000151099       0.000614432
              90.3       0.000162395       0.000693252
              90.5       0.000165822       0.000710116
              90.7       0.000155567       0.000678162
              90.9        0.00015875       0.000684092
              91.1       0.000143546       0.000605768
              91.3       0.000156308       0.000641343
              91.5       0.000148621       0.000622951
              91.7        0.00014469       0.000588556
              91.9       0.000154657        0.00066301
              92.1       0.000143766       0.000626054
              92.3       0.000142716       0.000633944
              92.5       0.000135184       0.000583364
              92.7       0.000143682       0.000625941
              92.9       0.000140673       0.000625846
              93.1       0.000135228       0.000603375
              93.3       0.000135392       0.000585167
              93.5       0.000136612       0.000606108
              93.7       0.000125782       0.000575403
              93.9       0.000129731       0.000642416
              94.1       0.000133211       0.000611838
              94.3       0.000133022       0.000607331
              94.5       0.000125309       0.000578513
              94.7       0.000125126       0.000576396
              94.9       0.000125889       0.000580815
              95.1       0.000125102       0.000580127
              95.3       0.000127069       0.000586011
              95.5       0.000121676        0.00057179
              95.7       0.000118602       0.000560201
              95.9       0.000115649       0.000538761
              96.1       0.000120526       0.000575661
              96.3       0.000116901       0.000537234
              96.5       0.000121032       0.000601215
              96.7       0.000112692       0.000573967
              96.9       0.000111645        0.00055795
              97.1       0.000117613       0.000550108
              97.3       0.000112619       0.000568042
              97.5       0.000111519       0.000539793
              97.7       0.000106418       0.000515707
              97.9       0.000107924       0.000541331
              98.1       0.000107753       0.000529165
              98.3       0.000105948       0.000524996
              98.5       0.000105005       0.000508221
              98.7       0.000108373       0.000540933
              98.9        9.4765e-05       0.000476923
              99.1        0.00010189       0.000499775
              99.3        9.5122e-05       0.000473952
              99.5       9.93363e-05       0.000510291
              99.7       9.16988e-05       0.000479361
              99.9       9.56401e-05       0.000502197
             100.1       9.80107e-05         0.0005225
             100.3       9.63668e-05       0.000498968
             100.5       8.89785e-05       0.000464471
             100.7       9.40305e-05       0.000519441
             100.9       9.38271e-05        0.00048883
             101.1       9.16981e-05       0.000494646
             101.3       9.25424e-05       0.000498887
             101.5       9.54198e-05       0.000516988
             101.7       8.91907e-05       0.000497012
             101.9       8.30963e-05       0.000457952
             102.1       8.71751e-05       0.000476475
             102.3       7.99873e-05       0.000446889
             102.5       8.49385e-05       0.000475018
             102.7       8.44641e-05       0.000502551
             102.9       8.60056e-05       0.000497549
             103.1        8.5637e-05        0.00050451
             103.3       8.48929e-05       0.000491265
             103.5       8.36658e-05        0.00048211
             103.7       7.93342e-05       0.000452638
             103.9       8.27058e-05       0.000455786
             104.1       8.05407e-05        0.00046816
             104.3       7.76878e-05       0.000441308
             104.5       7.64301e-05        0.00044221
             104.7       8.07835e-05       0.000462866
             104.9         6.981e-05       0.000422192
             105.1       7.50537e-05       0.000426644
             105.3       7.71937e-05       0.000511252
             105.5       7.02087e-05       0.000426028
             105.7       7.28703e-05       0.000434302
             105.9       7.21143e-05       0.000423319
             106.1       6.92883e-05       0.000422545
             106.3       7.07963e-05       0.000421626
             106.5       6.92563e-05       0.000403942
             106.7       6.63904e-05       0.000415068
             106.9       6.94086e-05       0.000433426
             107.1       7.14826e-05       0.000431468
             107.3       6.98166e-05       0.000429712
             107.5       6.79565e-05       0.000414637
             107.7       6.98267e-05       0.000435806
             107.9         6.606e-05       0.000419453
             108.1       6.70694e-05       0.000402598
             108.3       6.04346e-05       0.000380238
             108.5       6.31876e-05       0.000413042
             108.7       6.29012e-05       0.000418186
             108.9       6.18654e-05       0.000393232
             109.1       6.13348e-05       0.000379521
             109.3       6.09801e-05       0.000419479
             109.5       6.13315e-05       0.000411583
             109.7       6.26257e-05       0.000404946
             109.9       5.95227e-05       0.000388064
             110.1       5.83826e-05       0.000394333
             110.3        5.7533e-05       0.000362084
             110.5       5.73391e-05        0.00035471
             110.7       5.77058e-05       0.000370607
             110.9       5.34932e-05       0.000364993
             111.1       5.23699e-05       0.000338977
             111.3       5.57158e-05       0.000372117
             111.5       5.66575e-05       0.000412786
             111.7        5.4619e-05        0.00038549
             111.9       5.33746e-05       0.000353679
             112.1       5.62446e-05       0.000382925
             112.3        5.1812e-05       0.000342823
             112.5       4.82094e-05       0.000340667
             112.7       5.06421e-05       0.000332917
             112.9       5.12294e-05       0.000364014
             113.1       5.06789e-05       0.000369055
             113.3        5.0249e-05       0.000403058
             113.5       4.80631e-05       0.000324654
             113.7       5.05025e-05       0.000355727
             113.9       4.55509e-05       0.000341935
             114.1       4.67708e-05       0.000345918
             114.3       4.65566e-05       0.000344886
             114.5       4.35768e-05       0.000319025
             114.7       4.84183e-05       0.000358467
             114.9       4.81374e-05       0.000368756
             115.1       5.00761e-05       0.000356336
             115.3       4.65323e-05       0.000345021
             115.5       4.55864e-05       0.000326961
             115.7       4.55279e-05       0.000335547
             115.9       4.91899e-05       0.000389605
             116.1       4.30675e-05       0.000322386
             116.3       4.23737e-05       0.000318648
             116.5       4.42166e-05       0.000334839
             116.7       4.57162e-05       0.000338369
             116.9       4.13058e-05       0.000307201
             117.1       4.05337e-05        0.00031573
             117.3       3.79611e-05       0.000301186
             117.5       4.10022e-05       0.000323976
             117.7        4.4775e-05       0.000347508
             117.9       4.29499e-05       0.000332901
             118.1       3.70263e-05       0.000305782
             118.3       3.69433e-05        0.00028291
             118.5       4.32712e-05       0.000336485
             118.7       3.97652e-05       0.000311881
             118.9       3.70637e-05        0.00029288
             119.1        3.7039e-05       0.000300651
             119.3       3.94635e-05       0.000309858
             119.5       3.61238e-05       0.000279551
             119.7       4.00877e-05       0.000321941
             119.9       3.77149e-05       0.000321105
             120.1       3.62165e-05       0.000307767
             120.3       3.77116e-05       0.000315472
             120.5        3.6442e-05       0.000289479
             120.7       3.37668e-05       0.000278667
             120.9       3.34055e-05       0.000290178
             121.1       3.28113e-05       0.000267376
             121.3       3.22905e-05       0.000272059
             121.5       3.52753e-05       0.000308354
             121.7       3.45526e-05       0.000296498
             121.9       3.13322e-05       0.000276417
             122.1       3.33843e-05       0.000291623
             122.3       3.33351e-05        0.00027776
             122.5       2.94143e-05       0.000256426
             122.7       3.45486e-05       0.000322254
             122.9       3.20215e-05       0.000284284
             123.1       3.38005e-05       0.000332936
             123.3       2.76959e-05       0.000235823
             123.5       3.30314e-05       0.000278757
             123.7       2.81805e-05       0.000258962
             123.9       2.95684e-05       0.000257685
             124.1       3.05539e-05       0.000269742
             124.3       3.11872e-05       0.000271804
             124.5       3.07669e-05       0.000276519
             124.7       2.88955e-05       0.000281445
             124.9        2.8656e-05       0.000254506
             125.1       2.90249e-05       0.000265339
             125.3       3.06175e-05       0.000319579
             125.5       2.78783e-05       0.000239598
             125.7       2.76622e-05       0.000250345
             125.9       2.94405e-05       0.000269703
             126.1       2.60409e-05        0.00024038
             126.3       2.70687e-05       0.000249021
             126.5       2.55456e-05       0.000224438
             126.7       2.64162e-05       0.000255819
             126.9       2.83364e-05       0.000265134
             127.1       2.74644e-05       0.000270429
             127.3       2.64937e-05       0.000259564
             127.5       2.35631e-05       0.000232875
             127.7       2.51759e-05       0.000237814
             127.9       2.43072e-05       0.000232929
             128.1       2.34594e-05       0.000224675
             128.3       2.61853e-05       0.000270049
             128.5        2.5686e-05       0.000255416
             128.7       2.49222e-05         0.0002446
             128.9       2.72939e-05       0.000258928
             129.1       2.32671e-05       0.000235145
             129.3       2.70161e-05        0.00025646
             129.5       2.45419e-05       0.000235283
             129.7       2.45543e-05        0.00025598
             129.9       2.04552e-05       0.000218718
             130.1       2.18921e-05       0.000219745
             130.3       2.46271e-05        0.00026178
             130.5       2.26084e-05        0.00022676
             130.7       2.17363e-05       0.000225202
             130.9       2.07604e-05        0.00021497
             131.1       2.10019e-05       0.000230128
             131.3       2.33555e-05       0.000241366
             131.5       2.43317e-05       0.000257454
             131.7       2.16195e-05       0.000235534
             131.9       2.42581e-05       0.000249115
             132.1       2.22442e-05       0.000236125
             132.3        1.8613e-05       0.000193595
             132.5       2.03067e-05       0.000218957
             132.7       2.10773e-05       0.000223857
             132.9       2.02522e-05       0.000213605
             133.1         1.966e-05       0.000216838
             133.3       2.11419e-05       0.000232718
             133.5       2.20234e-05       0.000251088
             133.7       2.03525e-05       0.000218281
             133.9       1.99972e-05       0.000227557
             134.1       1.97037e-05       0.000207943
             134.3       1.76464e-05       0.000190112
             134.5       1.91683e-05       0.000208049
             134.7       1.96141e-05       0.000213451
             134.9       2.02662e-05       0.000219679
             135.1       1.83786e-05       0.000210271
             135.3       1.51569e-05        0.00018631
             135.5       1.81316e-05       0.000200621
             135.7        1.7851e-05       0.000208863
             135.9       1.79022e-05       0.000197995
             136.1       1.66741e-05       0.000194513
             136.3       1.77763e-05       0.000191752
             136.5       1.91968e-05        0.00021236
             136.7       1.86104e-05       0.000219926
             136.9       1.81647e-05       0.000208714
             137.1       1.82077e-05       0.000196853
             137.3       1.80482e-05       0.000239166
             137.5       1.49594e-05       0.000185247
             137.7       1.50075e-05       0.000183357
             137.9       1.73853e-05       0.000210149
             138.1       1.57259e-05       0.000188152
             138.3        1.6519e-05       0.000185334
             138.5       1.58441e-05       0.000189499
             138.7       1.71636e-05       0.000193281
             138.9       1.37476e-05       0.000159644
             139.1       1.50462e-05       0.000188928
             139.3       1.50441e-05       0.000183839
             139.5       1.46372e-05       0.000176037
             139.7        1.3294e-05       0.000157558
             139.9       1.43069e-05       0.000173657
             140.1       1.46555e-05       0.000202572
             140.3       1.29125e-05       0.000156399
             140.5       1.42402e-05       0.000171839
             140.7       1.73793e-05       0.000207357
             140.9       1.26215e-05       0.000166908
             141.1        1.3061e-05       0.000173592
             141.3       1.35341e-05       0.000174576
             141.5       1.54997e-05       0.000207188
             141.7       1.27417e-05       0.000160302
             141.9       1.50025e-05       0.000183671
             142.1       1.38328e-05       0.000179499
             142.3       1.37421e-05       0.000186037
             142.5       1.24153e-05       0.000161779
             142.7       1.32831e-05        0.00017652
             142.9       1.24726e-05        0.00015691
             143.1         1.278e-05       0.000157304
             143.3       1.18087e-05       0.000148262
             143.5       1.38136e-05       0.000191899
             143.7       1.31679e-05       0.000179152
             143.9       1.23538e-05       0.000170024
             144.1       1.21061e-05       0.000163639
             144.3       1.11679e-05       0.000159657
             144.5       1.08051e-05       0.000152139
             144.7       1.25297e-05       0.000180157
             144.9       1.20008e-05       0.000172963
             145.1       1.26408e-05        0.00017394
             145.3       1.27036e-05       0.000174335
             145.5       1.09733e-05       0.000154187
             145.7       1.15209e-05       0.000164851
             145.9       9.61629e-06       0.000132216
             146.1       1.07324e-05       0.000170852
             146.3       8.88236e-06       0.000127289
             146.5       1.06229e-05       0.000161329
             146.7       1.10469e-05       0.000157121
             146.9       1.18733e-05       0.000178528
             147.1       1.06163e-05       0.000148148
             147.3       1.05745e-05       0.000149813
             147.5       9.88948e-06       0.000142974
             147.7        1.0865e-05       0.000160199
             147.9         1.042e-05       0.000162265
             148.1       9.64118e-06       0.000148646
             148.3       1.15732e-05       0.000166006
             148.5       9.88788e-06       0.000150236
             148.7       8.65568e-06       0.000125171
             148.9       8.64895e-06       0.000139993
             149.1       1.17553e-05       0.000185468
             149.3       1.02636e-05       0.000156781
             149.5       1.10588e-05       0.000160462
             149.7       1.07396e-05       0.000153478
             149.9          1.08e-05       0.000160752
             150.1       9.55257e-06       0.000155866
             150.3       1.04329e-05       0.000152356
             150.5       9.98152e-06       0.000153584
             150.7       9.49072e-06       0.000149977
             150.9       9.48421e-06       0.000150142
             151.1       8.63548e-06       0.000141037
             151.3       9.06148e-06       0.000138678
             151.5       8.69708e-06       0.000144592
             151.7       8.63536e-06       0.000155581
             151.9       7.47075e-06       0.000115792
             152.1       7.47125e-06       0.000116652
             152.3       9.45181e-06       0.000147625
             152.5       7.67022e-06       0.000129163
             152.7       8.26854e-06       0.000145395
             152.9       8.44856e-06       0.000142816
             153.1       8.50807e-06       0.000143307
             153.3       7.71301e-06       0.000131019
             153.5       7.80364e-06        0.00013227
             153.7       8.35193e-06       0.000137993
             153.9       7.61929e-06       0.000139627
             154.1        9.7058e-06       0.000175613
             154.3       9.66303e-06       0.000152179
             154.5       8.28005e-06       0.000151455
             154.7       8.58032e-06       0.000143833
             154.9       7.32216e-06       0.000127679
             155.1       6.51077e-06       0.000128802
             155.3       6.70586e-06       0.000109942
             155.5       7.46429e-06       0.000135319
             155.7       8.27211e-06       0.000163942
             155.9       6.63296e-06       0.000118423
             156.1       7.44754e-06       0.000130226
             156.3       7.66226e-06       0.000130598
             156.5       7.35055e-06       0.000138696
             156.7       6.67252e-06       0.000114478
             156.9       6.27706e-06       0.000118132
             157.1       6.93419e-06       0.000132523
             157.3       6.18796e-06       0.000104855
             157.5       6.51267e-06       0.000116688
             157.7       6.40101e-06       0.000112626
             157.9       7.44223e-06       0.000148399
             158.1       6.17832e-06       0.000117737
             158.3       5.58602e-06       0.000100481
             158.5       5.46928e-06       0.000102321
             158.7       6.03543e-06       0.000127303
             158.9       6.50642e-06       0.000116036
             159.1        7.1983e-06       0.000156453
             159.3       6.84762e-06       0.000121899
             159.5       6.02228e-06       0.000120906
             159.7       6.59623e-06       0.000124791
             159.9       5.55895e-06       0.000111294
             160.1       6.01326e-06       0.000113661
             160.3       6.93306e-06       0.000154493
             160.5       6.45705e-06       0.000123783
             160.7       5.76521e-06       0.000113713
             160.9       6.80256e-06       0.000144007
             161.1       6.11051e-06       0.000110181
             161.3       6.05369e-06       0.000112425
             161.5       4.96183e-06       9.67376e-05
             161.7       5.86919e-06       0.000108044
             161.9       6.09268e-06       0.000131319
             162.1       5.84438e-06       0.000131543
             162.3       5.56597e-06       0.000106995
             162.5       4.32954e-06       8.78424e-05
             162.7       5.37543e-06       0.000107204
             162.9       5.97702e-06       0.000134798
             163.1       5.13187e-06       0.000107724
             163.3       6.02684e-06       0.000114965
             163.5       5.61428e-06       0.000102546
             163.7       4.94782e-06       9.81107e-05
             163.9       4.40472e-06        9.5461e-05
             164.1       3.92902e-06       8.35704e-05
             164.3       5.26344e-06       0.000103444
             164.5       5.21325e-06       0.000107944
             164.7       4.63252e-06       9.49348e-05
             164.9       5.10421e-06       0.000124521
             165.1        5.9272e-06        0.00012326
             165.3       4.68403e-06       9.69954e-05
             165.5       5.13994e-06       0.000123682
             165.7       4.70804e-06       9.50818e-05
             165.9       5.84438e-06       0.000123629
             166.1        5.9066e-06        0.00013028
             166.3       4.71593e-06       0.000106207
             166.5       5.10233e-06       0.000105025
             166.7       4.81624e-06       9.33845e-05
             166.9       3.80854e-06       9.50737e-05
             167.1       5.16627e-06       0.000130744
             167.3       4.44178e-06       9.68814e-05
             167.5        4.5503e-06       9.87763e-05
             167.7       4.78253e-06       0.000108967
             167.9        4.0317e-06       9.18915e-05
             168.1       3.74781e-06       8.62983e-05
             168.3       4.64736e-06       0.000112514
             168.5       4.59728e-06       0.000114236
             168.7       3.76991e-06        8.1206e-05
             168.9       4.90471e-06       0.000113511
             169.1       3.45015e-06       7.23813e-05
             169.3       4.03731e-06       9.03766e-05
             169.5       4.29512e-06       8.40225e-05
             169.7       4.29186e-06       9.37184e-05
             169.9       3.28134e-06       7.95223e-05
             170.1       3.59422e-06       8.36212e-05
             170.3       3.38248e-06       7.13536e-05
             170.5       4.27707e-06       9.78247e-05
             170.7       3.22913e-06       8.10911e-05
             170.9        4.4647e-06       0.000117164
             171.1       3.39349e-06       8.55353e-05
             171.3       3.95258e-06       0.000114466
             171.5       4.70124e-06       0.000112291
             171.7       3.38992e-06       8.03981e-05
             171.9       3.71142e-06       9.84714e-05
             172.1       3.16607e-06       7.56409e-05
             172.3        3.8035e-06       9.47853e-05
             172.5        3.3411e-06       7.98183e-05
             172.7       3.86071e-06       9.68087e-05
             172.9       4.13368e-06       9.73476e-05
             173.1       3.49281e-06       8.97408e-05
             173.3       3.16795e-06       7.63897e-05
             173.5       4.87966e-06       0.000108325
             173.7       3.12466e-06       7.92373e-05
             173.9       2.63253e-06       6.50242e-05
             174.1       2.70787e-06       7.32668e-05
             174.3       3.36542e-06       8.98615e-05
             174.5       3.64899e-06       8.12748e-05
             174.7       3.23167e-06       7.13127e-05
             174.9        3.3471e-06       7.83197e-05
             175.1       3.15254e-06       8.53396e-05
             175.3       3.01488e-06       8.00155e-05
             175.5       3.74204e-06       0.000121521
             175.7       3.18752e-06       9.23135e-05
             175.9       2.63278e-06       6.87716e-05
             176.1       3.92069e-06       0.000113326
             176.3       3.45761e-06       8.36054e-05
             176.5       2.85826e-06       8.07895e-05
             176.7       2.05352e-06       5.64586e-05
             176.9       2.96266e-06       7.94592e-05
             177.1       3.31639e-06       9.32007e-05
             177.3       2.93291e-06       9.21486e-05
             177.5       2.98684e-06       8.08644e-05
             177.7         2.876e-06       7.54517e-05
             177.9       3.01563e-06       8.18793e-05
             178.1       2.70619e-06       6.58018e-05
             178.3       3.05828e-06       8.05172e-05
             178.5       3.14046e-06       8.80041e-05
             178.7       2.37194e-06       6.79549e-05
             178.9       2.45441e-06       6.51129e-05
             179.1       2.44577e-06       7.50562e-05
             179.3       2.59396e-06       7.01132e-05
             179.5       2.20186e-06       5.84069e-05
             179.7       2.89642e-06       8.64981e-05
