               0.1          0.775705         0.0247588
               0.3          0.778467         0.0300638
               0.5          0.771054         0.0305098
               0.7          0.779301         0.0327969
               0.9          0.778037         0.0315679
               1.1          0.775327         0.0325892
               1.3          0.775522         0.0305526
               1.5          0.776347         0.0310914
               1.7          0.774875          0.032048
               1.9           0.77292         0.0303842
               2.1           0.77234         0.0293435
               2.3          0.772365         0.0312102
               2.5          0.768647         0.0311817
               2.7          0.767522          0.032375
               2.9          0.768209         0.0325249
               3.1          0.769267         0.0322328
               3.3          0.766126         0.0332857
               3.5          0.763792         0.0327993
               3.7          0.760765         0.0344687
               3.9          0.760087         0.0354178
               4.1          0.757067          0.033683
               4.3          0.756194         0.0341854
               4.5          0.751272         0.0379159
               4.7          0.750602         0.0356305
               4.9          0.749894         0.0359254
               5.1          0.745539         0.0401442
               5.3          0.742239         0.0370304
               5.5          0.740853         0.0378273
               5.7          0.735857         0.0396858
               5.9          0.733951         0.0396789
               6.1          0.729291         0.0406941
               6.3          0.725047         0.0433086
               6.5          0.722662         0.0436221
               6.7          0.717146         0.0432163
               6.9           0.71072         0.0452063
               7.1          0.707775         0.0484119
               7.3          0.701938         0.0487979
               7.5          0.695615         0.0501028
               7.7          0.688612         0.0509344
               7.9          0.681264         0.0553754
               8.1          0.676385         0.0550472
               8.3           0.66833         0.0561854
               8.5          0.658373         0.0598946
               8.7          0.647054         0.0626333
               8.9          0.642136          0.064432
               9.1          0.630574         0.0659667
               9.3          0.620896         0.0704979
               9.5          0.609855         0.0757555
               9.7          0.591929         0.0814142
               9.9          0.574165         0.0871105
              10.1          0.561391         0.0928889
              10.3           0.53726          0.103694
              10.5          0.512366          0.118068
              10.7          0.482418          0.129001
              10.9          0.457041          0.138541
              11.1          0.430303          0.141062
              11.3          0.401735          0.146168
              11.5          0.382933          0.147818
              11.7          0.363491          0.147611
              11.9          0.343381          0.147814
              12.1          0.319749           0.14451
              12.3          0.301935          0.142764
              12.5          0.284407          0.134793
              12.7          0.263163          0.131886
              12.9          0.242818          0.122309
              13.1          0.229581          0.117906
              13.3          0.216025          0.111247
              13.5           0.20222          0.103717
              13.7           0.19121         0.0973221
              13.9          0.174409         0.0884081
              14.1          0.161591         0.0833473
              14.3          0.150234         0.0741355
              14.5          0.138062         0.0657246
              14.7          0.128628         0.0601951
              14.9          0.120948         0.0554052
              15.1          0.114124         0.0520381
              15.3          0.106347         0.0489061
              15.5          0.100142         0.0449009
              15.7         0.0970032         0.0428837
              15.9         0.0912122         0.0414608
              16.1         0.0867641         0.0384584
              16.3         0.0809425         0.0364545
              16.5         0.0775183         0.0346407
              16.7         0.0724434         0.0326859
              16.9         0.0702604         0.0311469
              17.1         0.0661798           0.02914
              17.3         0.0638518         0.0291755
              17.5         0.0614855          0.028949
              17.7         0.0584819         0.0273704
              17.9         0.0554862         0.0260778
              18.1         0.0537324         0.0246929
              18.3         0.0523706         0.0242969
              18.5          0.049408         0.0228386
              18.7         0.0479441         0.0222159
              18.9         0.0460704         0.0220868
              19.1         0.0437628         0.0209657
              19.3         0.0423034         0.0197786
              19.5          0.040386         0.0194538
              19.7         0.0392422         0.0191229
              19.9          0.037939         0.0182998
              20.1          0.036208         0.0177462
              20.3         0.0358449          0.017517
              20.5         0.0344475         0.0170301
              20.7         0.0331755          0.016609
              20.9         0.0319412          0.015472
              21.1         0.0310686         0.0153361
              21.3         0.0299465         0.0152805
              21.5         0.0287554         0.0144279
              21.7         0.0284053         0.0145053
              21.9         0.0277255          0.014445
              22.1         0.0266717         0.0135607
              22.3          0.025877         0.0133296
              22.5         0.0250921         0.0128919
              22.7          0.024475         0.0131453
              22.9          0.023374         0.0123903
              23.1         0.0229481         0.0122422
              23.3         0.0222337         0.0118142
              23.5         0.0217089         0.0116314
              23.7         0.0211148         0.0115523
              23.9         0.0206519         0.0114929
              24.1         0.0199867          0.011187
              24.3         0.0195967         0.0105286
              24.5         0.0191163         0.0106311
              24.7         0.0185835         0.0106136
              24.9         0.0181261         0.0102935
              25.1         0.0176742         0.0099352
              25.3         0.0171798        0.00978527
              25.5         0.0170104         0.0100611
              25.7          0.016425        0.00940547
              25.9          0.015973        0.00916022
              26.1         0.0155469        0.00888814
              26.3         0.0150349        0.00857878
              26.5         0.0148379        0.00876327
              26.7         0.0144907        0.00846047
              26.9         0.0141081        0.00844651
              27.1         0.0138411        0.00830683
              27.3          0.013609        0.00819832
              27.5         0.0131675        0.00793171
              27.7         0.0129455         0.0082794
              27.9         0.0125723        0.00791234
              28.1         0.0122578        0.00744021
              28.3          0.011859         0.0074006
              28.5         0.0119059        0.00750251
              28.7         0.0115911        0.00729726
              28.9         0.0113504        0.00714786
              29.1          0.011181        0.00723983
              29.3         0.0106658        0.00677841
              29.5          0.010635        0.00678492
              29.7         0.0103617        0.00678641
              29.9         0.0102297        0.00686314
              30.1         0.0100413        0.00666555
              30.3        0.00968947        0.00668956
              30.5        0.00940217         0.0061835
              30.7        0.00934561         0.0063823
              30.9        0.00910245        0.00627659
              31.1        0.00908762        0.00617816
              31.3        0.00877855        0.00598195
              31.5        0.00848118        0.00587654
              31.7        0.00838921        0.00575998
              31.9        0.00837018        0.00581471
              32.1        0.00809412        0.00573735
              32.3         0.0080967         0.0056607
              32.5        0.00774036        0.00545431
              32.7        0.00780859        0.00544214
              32.9        0.00748504         0.0053213
              33.1        0.00730299        0.00534269
              33.3        0.00706156        0.00509536
              33.5        0.00707671        0.00520377
              33.7        0.00689455        0.00505559
              33.9        0.00677428        0.00495342
              34.1        0.00658053        0.00485791
              34.3        0.00660394        0.00492192
              34.5        0.00633287        0.00475341
              34.7        0.00614285        0.00461076
              34.9        0.00626598        0.00475752
              35.1        0.00612507        0.00461041
              35.3        0.00605043        0.00487629
              35.5        0.00577366        0.00441596
              35.7        0.00564829        0.00427464
              35.9        0.00564811        0.00441639
              36.1        0.00550173        0.00447363
              36.3        0.00538857        0.00434413
              36.5        0.00532644        0.00427596
              36.7        0.00521528          0.004187
              36.9        0.00516143        0.00415621
              37.1        0.00507625        0.00420367
              37.3          0.004951        0.00402718
              37.5        0.00487228        0.00405497
              37.7        0.00478973        0.00400331
              37.9        0.00473002        0.00390759
              38.1        0.00459258        0.00382678
              38.3         0.0045829        0.00397752
              38.5        0.00441157         0.0037094
              38.7        0.00439198        0.00381357
              38.9        0.00438713        0.00384953
              39.1        0.00424702        0.00371511
              39.3        0.00418972        0.00364347
              39.5        0.00412314        0.00364664
              39.7        0.00401673        0.00359774
              39.9        0.00392404        0.00352218
              40.1         0.0039167        0.00348233
              40.3        0.00384649        0.00346325
              40.5        0.00379673        0.00345472
              40.7        0.00372526        0.00343869
              40.9        0.00367349        0.00342219
              41.1        0.00358263        0.00325447
              41.3        0.00350125        0.00327059
              41.5        0.00348395        0.00330299
              41.7        0.00340616        0.00328238
              41.9        0.00339152        0.00336548
              42.1        0.00328596        0.00313198
              42.3        0.00326859        0.00315667
              42.5         0.0032148        0.00314316
              42.7        0.00319631        0.00318141
              42.9        0.00311778        0.00311379
              43.1        0.00305924        0.00309199
              43.3        0.00301043        0.00298673
              43.5        0.00295171        0.00288104
              43.7        0.00292072        0.00295284
              43.9        0.00287598        0.00292217
              44.1        0.00279846        0.00287713
              44.3        0.00283487        0.00295548
              44.5        0.00277157        0.00288984
              44.7        0.00267403        0.00277634
              44.9        0.00265162        0.00280175
              45.1        0.00261025        0.00285424
              45.3        0.00256789        0.00289065
              45.5        0.00251366        0.00270843
              45.7        0.00251911        0.00271737
              45.9        0.00247781        0.00267932
              46.1        0.00240043        0.00256037
              46.3         0.0024234        0.00269654
              46.5         0.0023374        0.00252246
              46.7        0.00229812        0.00255272
              46.9        0.00229324        0.00250945
              47.1        0.00224605        0.00254363
              47.3        0.00223124        0.00252379
              47.5        0.00216297        0.00248031
              47.7        0.00221381        0.00251777
              47.9        0.00212086        0.00241349
              48.1        0.00204251        0.00231098
              48.3        0.00205437        0.00238708
              48.5        0.00201204        0.00239949
              48.7        0.00196877        0.00265544
              48.9        0.00193184        0.00220512
              49.1        0.00196735        0.00229139
              49.3        0.00192364        0.00232111
              49.5        0.00190236        0.00228348
              49.7        0.00189062        0.00231609
              49.9        0.00182021        0.00215158
              50.1        0.00180081        0.00223362
              50.3        0.00176418        0.00215753
              50.5         0.0016972        0.00207003
              50.7        0.00169984        0.00211375
              50.9        0.00173373        0.00213276
              51.1        0.00165353        0.00205805
              51.3         0.0016655        0.00214026
              51.5        0.00162317        0.00204481
              51.7        0.00161049        0.00202563
              51.9        0.00156123        0.00201493
              52.1        0.00154781        0.00203765
              52.3         0.0015243        0.00193251
              52.5        0.00157466        0.00206982
              52.7        0.00149455        0.00196225
              52.9        0.00145743        0.00190123
              53.1        0.00145475        0.00192306
              53.3        0.00142034        0.00188174
              53.5        0.00142063        0.00193636
              53.7        0.00140699        0.00192008
              53.9        0.00135363        0.00184507
              54.1        0.00136499        0.00188626
              54.3        0.00135378        0.00182442
              54.5         0.0013341        0.00182077
              54.7        0.00129682        0.00179664
              54.9        0.00124987        0.00172898
              55.1        0.00125775        0.00177113
              55.3        0.00125809        0.00181233
              55.5        0.00124347        0.00181752
              55.7        0.00120866        0.00173502
              55.9        0.00121381        0.00175973
              56.1        0.00119007        0.00173859
              56.3         0.0011585        0.00167011
              56.5         0.0011468        0.00168798
              56.7        0.00114451        0.00174993
              56.9        0.00111936        0.00164446
              57.1        0.00110928        0.00165599
              57.3        0.00108258        0.00162489
              57.5        0.00107874        0.00165366
              57.7        0.00103526        0.00157955
              57.9         0.0010417         0.0015798
              58.1        0.00104806        0.00162769
              58.3        0.00101287        0.00155738
              58.5        0.00103626        0.00162215
              58.7        0.00101344        0.00154501
              58.9        0.00100182        0.00154998
              59.1       0.000983314        0.00154955
              59.3       0.000969785        0.00157198
              59.5       0.000952467        0.00152997
              59.7       0.000967496        0.00158183
              59.9       0.000926565        0.00149198
              60.1       0.000931564        0.00153313
              60.3       0.000907475        0.00150429
              60.5       0.000855491        0.00137492
              60.7        0.00088541        0.00152956
              60.9       0.000854962        0.00142072
              61.1       0.000844207        0.00138205
              61.3       0.000851998        0.00140927
              61.5       0.000828731        0.00146949
              61.7       0.000837569        0.00137944
              61.9       0.000805215        0.00136951
              62.1       0.000784537        0.00134055
              62.3       0.000793158        0.00137047
              62.5       0.000804246        0.00141586
              62.7       0.000748626         0.0012979
              62.9       0.000765259         0.0013101
              63.1       0.000748895        0.00133479
              63.3       0.000744201         0.0013132
              63.5       0.000730655        0.00129576
              63.7       0.000736629        0.00136272
              63.9       0.000722656        0.00129178
              64.1       0.000705346        0.00125163
              64.3       0.000685491        0.00125025
              64.5       0.000706562        0.00134107
              64.7       0.000682346        0.00125777
              64.9       0.000658545        0.00125141
              65.1       0.000664912        0.00121972
              65.3       0.000661963        0.00126445
              65.5       0.000650643        0.00120145
              65.7       0.000634456        0.00122129
              65.9       0.000640331        0.00121694
              66.1       0.000620238        0.00121076
              66.3       0.000626705        0.00121093
              66.5       0.000602145        0.00116059
              66.7       0.000588331        0.00114531
              66.9       0.000578364         0.0011493
              67.1       0.000592432         0.0011602
              67.3       0.000577571        0.00114733
              67.5       0.000575787        0.00114344
              67.7       0.000569664        0.00114092
              67.9       0.000557381        0.00110918
              68.1       0.000548769        0.00112646
              68.3       0.000551576        0.00126739
              68.5       0.000536748        0.00110549
              68.7       0.000542055        0.00113432
              68.9       0.000520267         0.0010664
              69.1        0.00050762        0.00108945
              69.3       0.000509284        0.00106021
              69.5       0.000513575        0.00110341
              69.7       0.000502318        0.00108888
              69.9        0.00049537        0.00106793
              70.1       0.000496703        0.00108072
              70.3       0.000483426        0.00105358
              70.5       0.000482197         0.0010043
              70.7       0.000475658        0.00102895
              70.9       0.000474234        0.00102232
              71.1       0.000461742       0.000988591
              71.3       0.000447847        0.00098796
              71.5       0.000459967        0.00102766
              71.7       0.000446749       0.000977214
              71.9       0.000440512       0.000982946
              72.1       0.000434697       0.000952636
              72.3       0.000429469       0.000983852
              72.5       0.000419829       0.000974739
              72.7         0.0004243       0.000956229
              72.9       0.000419951       0.000958987
              73.1       0.000411009       0.000951922
              73.3        0.00040313       0.000964402
              73.5       0.000422905       0.000989095
              73.7       0.000402839         0.0009447
              73.9       0.000398766        0.00095682
              74.1       0.000387052        0.00090981
              74.3       0.000376637       0.000883128
              74.5       0.000390706       0.000917846
              74.7       0.000369351       0.000869577
              74.9       0.000382965       0.000922991
              75.1       0.000373686         0.0009143
              75.3       0.000354451       0.000878106
              75.5       0.000364411        0.00092197
              75.7        0.00035486       0.000904126
              75.9       0.000353647       0.000893837
              76.1        0.00033719       0.000840653
              76.3       0.000353752       0.000867859
              76.5       0.000336881       0.000862261
              76.7       0.000348329       0.000869236
              76.9       0.000326312       0.000818869
              77.1       0.000325982       0.000812857
              77.3       0.000326316         0.0008224
              77.5       0.000325299       0.000834404
              77.7       0.000307333       0.000793234
              77.9       0.000314889       0.000803944
              78.1       0.000301757       0.000775616
              78.3       0.000298952       0.000787188
              78.5       0.000307593       0.000797748
              78.7       0.000302877       0.000793925
              78.9         0.0002942       0.000790331
              79.1       0.000284746       0.000762313
              79.3       0.000290501       0.000786308
              79.5        0.00028441       0.000769827
              79.7       0.000283014       0.000751167
              79.9       0.000276977       0.000760562
              80.1        0.00027381       0.000745366
              80.3        0.00028006       0.000778198
              80.5       0.000276599       0.000785275
              80.7        0.00026621       0.000725955
              80.9       0.000277196       0.000780588
              81.1       0.000258254        0.00075449
              81.3       0.000268408       0.000763859
              81.5       0.000262084       0.000739668
              81.7       0.000242581       0.000680037
              81.9       0.000249253       0.000725402
              82.1       0.000240829       0.000705412
              82.3       0.000239013       0.000688918
              82.5       0.000241755       0.000684744
              82.7       0.000241885        0.00067716
              82.9       0.000245113       0.000720017
              83.1       0.000229322        0.00066596
              83.3       0.000230158       0.000711333
              83.5       0.000227734       0.000672727
              83.7        0.00022925       0.000674735
              83.9       0.000221746       0.000672098
              84.1       0.000219634       0.000652179
              84.3       0.000211991       0.000661281
              84.5       0.000212972       0.000654673
              84.7       0.000209063       0.000644574
              84.9       0.000213079       0.000644774
              85.1        0.00021584        0.00067578
              85.3       0.000204529       0.000638793
              85.5       0.000204227       0.000633183
              85.7       0.000204271       0.000625076
              85.9       0.000203005       0.000643595
              86.1       0.000198717       0.000621787
              86.3       0.000196584       0.000621114
              86.5       0.000204009        0.00067348
              86.7       0.000193455       0.000635956
              86.9       0.000191692       0.000632107
              87.1       0.000182805       0.000632685
              87.3       0.000185368       0.000593139
              87.5       0.000177103       0.000572755
              87.7       0.000183848       0.000610556
              87.9       0.000186865       0.000618345
              88.1       0.000177292        0.00060394
              88.3       0.000174211       0.000603831
              88.5       0.000175317       0.000588216
              88.7        0.00017483       0.000601612
              88.9       0.000169552       0.000581648
              89.1       0.000171369       0.000588273
              89.3       0.000157491       0.000545861
              89.5       0.000167078       0.000595741
              89.7       0.000168612       0.000576212
              89.9       0.000160302       0.000554198
              90.1       0.000156545       0.000557866
              90.3       0.000160759        0.00056976
              90.5       0.000165796       0.000588457
              90.7        0.00015382       0.000532519
              90.9       0.000154732        0.00056251
              91.1       0.000151346       0.000543587
              91.3       0.000149671       0.000543967
              91.5       0.000148467       0.000541009
              91.7       0.000142524       0.000532984
              91.9       0.000146685       0.000543717
              92.1       0.000145938       0.000549342
              92.3       0.000145808       0.000543761
              92.5       0.000151941       0.000581058
              92.7       0.000141687       0.000536293
              92.9       0.000140967       0.000548561
              93.1       0.000141405       0.000528136
              93.3       0.000135452        0.00051458
              93.5       0.000137076       0.000514045
              93.7       0.000141515       0.000548861
              93.9       0.000129948       0.000499445
              94.1       0.000129159       0.000499534
              94.3        0.00013104        0.00055518
              94.5       0.000129095       0.000497034
              94.7       0.000127961       0.000522919
              94.9       0.000119702       0.000478241
              95.1       0.000124367       0.000499539
              95.3       0.000120862       0.000469013
              95.5        0.00011907        0.00048146
              95.7       0.000119801       0.000499936
              95.9       0.000118243       0.000479259
              96.1       0.000117497       0.000496016
              96.3       0.000112604       0.000453059
              96.5       0.000113846       0.000468603
              96.7       0.000115303       0.000493073
              96.9        0.00011566       0.000501349
              97.1       0.000111488       0.000464333
              97.3       0.000110576        0.00044983
              97.5       0.000107449       0.000450915
              97.7       0.000104952       0.000440477
              97.9       0.000108075       0.000445939
              98.1       0.000109006       0.000473934
              98.3       0.000108016       0.000511651
              98.5       0.000105515        0.00043868
              98.7       0.000109939        0.00048491
              98.9       0.000103648       0.000436136
              99.1       0.000101557       0.000445391
              99.3       0.000101787        0.00045165
              99.5        0.00010431       0.000472585
              99.7       9.66066e-05       0.000428459
              99.9       0.000101278        0.00043255
             100.1       0.000102454       0.000466559
             100.3       9.17793e-05       0.000409083
             100.5       9.34302e-05       0.000424392
             100.7       9.97478e-05       0.000448965
             100.9       9.39229e-05       0.000417338
             101.1       9.14798e-05       0.000417631
             101.3       9.54566e-05       0.000449687
             101.5       8.70869e-05       0.000415024
             101.7        9.0305e-05       0.000425628
             101.9       8.70534e-05       0.000393668
             102.1       9.43517e-05       0.000442985
             102.3       8.32234e-05        0.00040551
             102.5       8.54874e-05       0.000403754
             102.7       8.20855e-05       0.000397327
             102.9       9.01089e-05       0.000420813
             103.1       8.82161e-05       0.000445616
             103.3       7.70944e-05       0.000374769
             103.5       8.19696e-05       0.000400204
             103.7       7.92166e-05       0.000379028
             103.9       8.02296e-05       0.000376293
             104.1       7.96026e-05       0.000400813
             104.3       7.97642e-05        0.00039448
             104.5       7.70417e-05       0.000398923
             104.7       8.31575e-05       0.000411431
             104.9       8.35403e-05       0.000413449
             105.1       7.83832e-05       0.000387718
             105.3       7.38974e-05       0.000371207
             105.5        7.5455e-05       0.000381193
             105.7       7.07323e-05       0.000347104
             105.9       7.29058e-05       0.000391408
             106.1       7.08053e-05       0.000375691
             106.3       7.11374e-05       0.000370239
             106.5       7.16222e-05       0.000364661
             106.7       6.66961e-05       0.000365427
             106.9        7.3019e-05       0.000376699
             107.1       6.73788e-05       0.000351202
             107.3       6.58027e-05       0.000346142
             107.5       6.46976e-05       0.000337955
             107.7       7.05013e-05       0.000375389
             107.9       6.54129e-05       0.000348326
             108.1        6.2209e-05       0.000326779
             108.3       6.03599e-05       0.000336521
             108.5       6.37804e-05       0.000357971
             108.7       6.25408e-05       0.000333272
             108.9       6.36868e-05       0.000349671
             109.1       5.80599e-05       0.000321183
             109.3       6.25261e-05       0.000353731
             109.5       6.12104e-05       0.000322957
             109.7       5.86747e-05       0.000328779
             109.9       6.04356e-05       0.000336718
             110.1       6.18418e-05       0.000348911
             110.3       5.90687e-05       0.000321849
             110.5       5.66419e-05       0.000308953
             110.7       5.62676e-05       0.000321369
             110.9       5.79431e-05        0.00032451
             111.1       5.66834e-05       0.000343633
             111.3       4.98082e-05        0.00029276
             111.5       5.59662e-05       0.000320728
             111.7       5.43117e-05       0.000353238
             111.9       5.22651e-05       0.000300721
             112.1       5.42178e-05       0.000327146
             112.3       5.41436e-05       0.000320374
             112.5        5.3347e-05       0.000320581
             112.7        5.2982e-05       0.000308472
             112.9       5.32727e-05       0.000343649
             113.1       5.16961e-05       0.000298632
             113.3       5.16905e-05        0.00030774
             113.5       4.98225e-05       0.000301247
             113.7       5.20293e-05       0.000319926
             113.9       5.19169e-05       0.000323682
             114.1       4.91045e-05       0.000311554
             114.3       5.11614e-05        0.00031339
             114.5       4.86666e-05       0.000305885
             114.7       4.97604e-05         0.0003197
             114.9       4.63662e-05       0.000286478
             115.1       4.48718e-05       0.000273394
             115.3       4.60363e-05       0.000288221
             115.5       4.44616e-05       0.000279374
             115.7       4.57703e-05       0.000294839
             115.9        4.4309e-05       0.000285137
             116.1       4.45915e-05         0.0002816
             116.3       4.33801e-05        0.00028467
             116.5       4.50675e-05       0.000292531
             116.7       4.23804e-05        0.00027424
             116.9       4.32911e-05       0.000307532
             117.1       3.99256e-05       0.000263943
             117.3        4.2816e-05       0.000278965
             117.5        4.3017e-05       0.000279002
             117.7       3.85245e-05       0.000274368
             117.9       4.06405e-05       0.000271867
             118.1       3.96093e-05       0.000276917
             118.3       4.10943e-05       0.000276325
             118.5       4.01021e-05       0.000273292
             118.7       3.83509e-05       0.000249264
             118.9       3.93685e-05       0.000262689
             119.1       3.88286e-05       0.000265902
             119.3       3.91632e-05       0.000272793
             119.5       3.55927e-05       0.000243546
             119.7       3.81775e-05       0.000269135
             119.9       3.67854e-05       0.000250296
             120.1       3.45819e-05       0.000240172
             120.3       3.62057e-05       0.000257072
             120.5        3.7979e-05       0.000277469
             120.7       3.54755e-05       0.000263235
             120.9       3.52413e-05         0.0002621
             121.1       3.44233e-05       0.000238369
             121.3       3.48543e-05       0.000258382
             121.5       3.23281e-05       0.000224116
             121.7       3.35254e-05       0.000242124
             121.9       3.29356e-05       0.000241629
             122.1       3.39709e-05       0.000244912
             122.3        3.4724e-05       0.000248616
             122.5       3.29506e-05       0.000239882
             122.7       3.08461e-05       0.000224364
             122.9       3.18534e-05       0.000232756
             123.1       3.26468e-05       0.000238509
             123.3       3.00841e-05         0.0002204
             123.5       3.16158e-05       0.000261829
             123.7       2.91293e-05       0.000237397
             123.9       3.03201e-05       0.000223331
             124.1       2.85386e-05       0.000209782
             124.3       2.94158e-05       0.000221928
             124.5       3.08568e-05       0.000237556
             124.7       2.85953e-05       0.000211408
             124.9       2.78599e-05       0.000219457
             125.1       2.97834e-05       0.000228909
             125.3       2.84284e-05       0.000217442
             125.5       2.91655e-05       0.000221225
             125.7       2.90765e-05       0.000232453
             125.9       2.57163e-05        0.00020819
             126.1       2.51934e-05       0.000201445
             126.3       2.83185e-05       0.000218661
             126.5       2.76782e-05       0.000239512
             126.7       2.60316e-05       0.000208997
             126.9       2.46382e-05       0.000198846
             127.1       2.32314e-05       0.000191477
             127.3       2.79208e-05        0.00023626
             127.5       2.60823e-05        0.00021217
             127.7       2.58789e-05       0.000216314
             127.9        2.5023e-05       0.000217912
             128.1       2.45783e-05       0.000215711
             128.3        2.3283e-05       0.000197487
             128.5       2.61928e-05        0.00021801
             128.7        2.3315e-05       0.000191384
             128.9        2.3589e-05       0.000225004
             129.1       2.48436e-05       0.000207572
             129.3       2.55054e-05       0.000230207
             129.5       2.53602e-05       0.000222447
             129.7       2.36251e-05        0.00020452
             129.9       2.38616e-05       0.000205155
             130.1       2.32081e-05       0.000194362
             130.3       2.40778e-05       0.000210176
             130.5       2.36391e-05       0.000196463
             130.7       2.17511e-05       0.000200038
             130.9       2.10439e-05        0.00018747
             131.1       2.18804e-05        0.00019694
             131.3       2.25894e-05       0.000205569
             131.5       2.12991e-05       0.000186801
             131.7       1.99618e-05       0.000174259
             131.9       2.03196e-05       0.000193043
             132.1       2.10468e-05       0.000187258
             132.3       2.23303e-05       0.000210301
             132.5       2.02208e-05       0.000190439
             132.7       1.93532e-05       0.000213764
             132.9        1.9478e-05       0.000177846
             133.1       2.09122e-05       0.000193388
             133.3       1.99484e-05       0.000197947
             133.5       1.97789e-05        0.00018262
             133.7       1.89633e-05       0.000180249
             133.9         2.021e-05        0.00019436
             134.1       1.87703e-05       0.000172538
             134.3       1.92731e-05       0.000190777
             134.5       2.04129e-05       0.000212131
             134.7        1.8023e-05       0.000177512
             134.9       1.86082e-05       0.000181993
             135.1       1.94468e-05       0.000188459
             135.3       1.77333e-05       0.000178647
             135.5       1.94222e-05        0.00018209
             135.7       1.86188e-05       0.000192065
             135.9       1.71975e-05       0.000168344
             136.1       1.80682e-05       0.000179512
             136.3       1.63466e-05       0.000174565
             136.5       1.54444e-05       0.000157205
             136.7       1.66298e-05       0.000163667
             136.9       1.64261e-05       0.000164607
             137.1       1.78141e-05       0.000189158
             137.3       1.84504e-05       0.000204034
             137.5       1.75755e-05       0.000174494
             137.7       1.44296e-05       0.000150665
             137.9       1.48734e-05       0.000152545
             138.1       1.68707e-05       0.000174691
             138.3       1.44991e-05       0.000155337
             138.5       1.52583e-05       0.000152617
             138.7       1.48765e-05       0.000160651
             138.9       1.60038e-05       0.000175807
             139.1        1.5777e-05       0.000166986
             139.3       1.49299e-05       0.000152968
             139.5       1.45923e-05       0.000154554
             139.7        1.4316e-05       0.000150764
             139.9       1.43086e-05         0.0001598
             140.1       1.30673e-05       0.000143744
             140.3       1.56745e-05       0.000161873
             140.5       1.50868e-05       0.000161179
             140.7        1.4194e-05       0.000149291
             140.9       1.45889e-05        0.00015899
             141.1       1.50359e-05       0.000160588
             141.3       1.38071e-05       0.000147779
             141.5       1.43639e-05       0.000162367
             141.7       1.36125e-05       0.000153656
             141.9       1.35675e-05       0.000154012
             142.1       1.39533e-05       0.000148899
             142.3        1.4305e-05       0.000163344
             142.5       1.26571e-05       0.000145895
             142.7       1.12867e-05        0.00013412
             142.9       1.31339e-05       0.000155471
             143.1       1.36127e-05       0.000154055
             143.3       1.41009e-05       0.000149647
             143.5       1.24905e-05       0.000148094
             143.7       1.21006e-05       0.000154663
             143.9       1.23651e-05       0.000147389
             144.1        1.2154e-05       0.000140279
             144.3       1.20688e-05       0.000142496
             144.5       1.29901e-05       0.000162306
             144.7        1.2114e-05       0.000137918
             144.9       1.30563e-05       0.000151821
             145.1       1.12512e-05       0.000128919
             145.3       1.18398e-05       0.000143173
             145.5       1.04078e-05       0.000133031
             145.7       1.14343e-05       0.000139234
             145.9       1.04168e-05       0.000131115
             146.1       1.08407e-05       0.000122693
             146.3       1.17213e-05       0.000141197
             146.5       1.01072e-05       0.000124713
             146.7       1.16198e-05       0.000151386
             146.9       9.47598e-06       0.000128151
             147.1       1.08593e-05       0.000135795
             147.3       1.03055e-05       0.000131857
             147.5       9.06825e-06       0.000108685
             147.7        1.0809e-05       0.000132834
             147.9       1.09731e-05        0.00014246
             148.1       1.11889e-05       0.000137153
             148.3       9.72721e-06       0.000124747
             148.5       8.42236e-06       0.000108976
             148.7       9.82546e-06       0.000133789
             148.9       1.03099e-05       0.000125555
             149.1       1.05014e-05       0.000137764
             149.3       9.00498e-06       0.000135288
             149.5       8.65587e-06       0.000116327
             149.7       9.62794e-06       0.000130225
             149.9       1.04395e-05        0.00013485
             150.1       9.17909e-06       0.000117956
             150.3       9.50047e-06       0.000127316
             150.5       8.97277e-06       0.000118556
             150.7        1.1185e-05       0.000196609
             150.9       8.88577e-06        0.00011632
             151.1       9.03457e-06       0.000130692
             151.3       8.07343e-06       0.000116928
             151.5        9.3306e-06       0.000128156
             151.7       9.73118e-06       0.000129561
             151.9       8.61554e-06       0.000115543
             152.1       8.79375e-06       0.000128316
             152.3       8.77548e-06       0.000124268
             152.5       7.31697e-06       0.000106571
             152.7       8.60405e-06       0.000120473
             152.9       8.22993e-06       0.000111101
             153.1       7.49017e-06       9.89271e-05
             153.3       8.65697e-06       0.000125233
             153.5       8.46622e-06       0.000134387
             153.7       7.17411e-06       0.000103274
             153.9       8.04253e-06       0.000118481
             154.1       8.06894e-06       0.000117304
             154.3       7.78688e-06       0.000111979
             154.5       7.33187e-06       0.000102164
             154.7       7.79599e-06       0.000105122
             154.9       7.04932e-06       0.000105025
             155.1       7.96023e-06       0.000112851
             155.3        7.3174e-06       0.000106747
             155.5       7.06352e-06       0.000116399
             155.7       7.70984e-06       0.000122075
             155.9       5.79075e-06       9.73173e-05
             156.1       6.33007e-06       0.000102806
             156.3       6.91506e-06       0.000103607
             156.5       6.39446e-06       0.000100024
             156.7       6.74917e-06        0.00010146
             156.9       6.71615e-06       9.90121e-05
             157.1       6.51632e-06       0.000111661
             157.3       7.03219e-06       9.76555e-05
             157.5       6.70275e-06       0.000105324
             157.7       7.05115e-06       0.000108717
             157.9       6.98741e-06       0.000109848
             158.1       6.18571e-06       0.000104253
             158.3       6.99968e-06       0.000107037
             158.5       5.99665e-06       9.43509e-05
             158.7       7.03444e-06       0.000112989
             158.9       7.15238e-06       0.000113999
             159.1        6.2617e-06       0.000107501
             159.3       6.59818e-06       9.94334e-05
             159.5       6.59795e-06       0.000104246
             159.7       6.36379e-06       0.000108746
             159.9       5.79633e-06       9.74689e-05
             160.1       6.37162e-06       9.82728e-05
             160.3       7.54466e-06       0.000122214
             160.5       5.90221e-06       0.000105237
             160.7        5.0664e-06       8.61686e-05
             160.9       5.93728e-06       9.54907e-05
             161.1       5.95689e-06       0.000104763
             161.3       5.56051e-06       9.75501e-05
             161.5       5.99906e-06       0.000107675
             161.7       5.19038e-06       8.93395e-05
             161.9       5.78237e-06         9.279e-05
             162.1       5.24291e-06       8.88579e-05
             162.3        5.6759e-06       9.41003e-05
             162.5       5.15821e-06         8.838e-05
             162.7       4.79744e-06       8.81337e-05
             162.9       5.16556e-06       8.34719e-05
             163.1        5.2807e-06       9.41441e-05
             163.3       4.47123e-06       8.49522e-05
             163.5       5.17786e-06       8.42834e-05
             163.7        4.8836e-06       9.96415e-05
             163.9       5.69633e-06       0.000101518
             164.1       4.98197e-06       8.45037e-05
             164.3       5.26053e-06       8.78112e-05
             164.5       4.69369e-06       8.97133e-05
             164.7       4.16097e-06       7.67761e-05
             164.9       4.47714e-06       7.57416e-05
             165.1       5.77687e-06       9.32016e-05
             165.3       4.60523e-06       8.12621e-05
             165.5       4.69379e-06       8.95656e-05
             165.7       5.66884e-06       9.91224e-05
             165.9         4.621e-06       8.92126e-05
             166.1       4.45016e-06       8.49975e-05
             166.3       4.58673e-06        9.1953e-05
             166.5       4.41496e-06       8.52468e-05
             166.7       5.02897e-06       0.000101519
             166.9       4.67344e-06       8.46082e-05
             167.1       4.23494e-06       8.11376e-05
             167.3       4.56345e-06       8.46824e-05
             167.5       4.13356e-06        8.2715e-05
             167.7       4.18425e-06       8.04219e-05
             167.9       4.49557e-06       0.000103788
             168.1       4.55146e-06       0.000100731
             168.3       4.58857e-06       8.96115e-05
             168.5       3.85762e-06       7.60273e-05
             168.7       4.94112e-06       9.62069e-05
             168.9       4.24445e-06       8.32753e-05
             169.1       4.15264e-06       7.98237e-05
             169.3       4.30338e-06       9.95469e-05
             169.5       4.79433e-06       8.77597e-05
             169.7       3.70229e-06       7.19403e-05
             169.9       3.84897e-06       9.01771e-05
             170.1       4.85609e-06       8.70257e-05
             170.3       3.35128e-06       7.38197e-05
             170.5       3.44906e-06       6.57941e-05
             170.7       4.02108e-06       7.91185e-05
             170.9       3.13269e-06        6.4046e-05
             171.1       3.57614e-06       7.88825e-05
             171.3       3.36872e-06        7.0493e-05
             171.5        3.8551e-06        8.1816e-05
             171.7       3.65178e-06       7.37969e-05
             171.9       4.14965e-06       9.15275e-05
             172.1       3.35073e-06       7.05426e-05
             172.3        4.1579e-06       9.05692e-05
             172.5       3.14347e-06       6.42889e-05
             172.7       3.22445e-06       7.20998e-05
             172.9       4.29184e-06       8.92817e-05
             173.1       3.63767e-06       8.45601e-05
             173.3       3.60112e-06       7.41407e-05
             173.5       3.35025e-06       7.16177e-05
             173.7       3.46277e-06       6.81281e-05
             173.9       3.52068e-06       7.64216e-05
             174.1       3.43177e-06       8.36411e-05
             174.3       3.62481e-06       8.16048e-05
             174.5        3.8943e-06       9.16652e-05
             174.7       2.97716e-06       6.01094e-05
             174.9       3.31903e-06       6.84399e-05
             175.1       3.12879e-06       7.02004e-05
             175.3       3.15064e-06       6.95676e-05
             175.5       3.23968e-06       6.80817e-05
             175.7       3.21419e-06       6.81346e-05
             175.9       3.31627e-06       6.81063e-05
             176.1       3.46805e-06       9.11043e-05
             176.3       3.30959e-06       7.77066e-05
             176.5       3.43606e-06        7.3872e-05
             176.7       3.30192e-06       7.11865e-05
             176.9       3.21453e-06       6.61146e-05
             177.1       3.13144e-06       7.48945e-05
             177.3       3.04292e-06       7.21882e-05
             177.5       3.06506e-06       7.14311e-05
             177.7       3.22663e-06       7.20781e-05
             177.9       2.52557e-06       6.17255e-05
             178.1       3.03064e-06       6.62252e-05
             178.3       2.87755e-06       9.05808e-05
             178.5       2.52997e-06       6.63439e-05
             178.7       3.51641e-06       7.87202e-05
             178.9       3.23843e-06       8.03674e-05
             179.1       3.14693e-06       8.36601e-05
             179.3       2.93501e-06       6.48702e-05
             179.5       2.95754e-06        7.4036e-05
             179.7       2.49139e-06        5.5863e-05
