# The least run will be chosen as the default offset
# Lists the origin offsets of detectors to beam center and the tilting angles
# Units are in mm and mradian
#  run    detector    x_origin    y_origin    z_origin   x_tilt   y_tilt   z_tilt
  1123    PRadGEM1   -0.552455   -0.162949        5304        0        0        0
  1123    PRadGEM2   -0.894915   -0.358795        5264        0        0        0
  1123       HyCal     1.01244    0.652137        5817        0        0        0

  1125    PRadGEM1     0.51515    -6.76916        5304        0        0        0
  1125    PRadGEM2     0.17732    -6.95296        5264        0        0        0
  1125       HyCal     2.12307    -5.91165        5817        0        0        0

  1126    PRadGEM1   -0.529138  -0.0713081        5304        0        0        0
  1126    PRadGEM2   -0.868931   -0.263425        5264        0        0        0
  1126       HyCal     1.16641    0.730456        5817        0        0        0

  1127    PRadGEM1   -0.550107    -1.59799        5304        0        0        0
  1127    PRadGEM2   -0.892663    -1.79354        5264        0        0        0
  1127       HyCal      1.2307    -0.75634        5817        0        0        0

  1129    PRadGEM1   -0.649761    -1.58387        5304        0        0        0
  1129    PRadGEM2   -0.991753    -1.78169        5264        0        0        0
  1129       HyCal     1.15728   -0.747834        5817        0        0        0

  1130    PRadGEM1   -0.170668     -1.5306        5304        0        0        0
  1130    PRadGEM2   -0.513068    -1.73183        5264        0        0        0
  1130       HyCal     1.63891   -0.758948        5817        0        0        0

  1135    PRadGEM1   -0.597043    -1.31931        5304        0        0        0
  1135    PRadGEM2   -0.938401    -1.51588        5264        0        0        0
  1135       HyCal     1.15913   -0.471344        5817        0        0        0

  1136    PRadGEM1   -0.572527   -0.161239        5304        0        0        0
  1136    PRadGEM2   -0.909585   -0.352599        5264        0        0        0
  1136       HyCal     1.23374    0.656153        5817        0        0        0

  1137    PRadGEM1   -0.583176   -0.170659        5304        0        0        0
  1137    PRadGEM2   -0.920578   -0.361932        5264        0        0        0
  1137       HyCal     1.22237    0.652508        5817        0        0        0

  1147    PRadGEM1    -1.99916     5.99407        5304        0        0        0
  1147    PRadGEM2    -2.33852     5.82001        5264        0        0        0
  1147       HyCal   -0.457778     6.73963        5817        0        0        0

  1153    PRadGEM1    -1.98456    -1.40559        5304        0        0        0
  1153    PRadGEM2    -2.33447    -1.62901        5264        0        0        0
  1153       HyCal   -0.336491   -0.444332        5817        0        0        0

  1154    PRadGEM1   -0.947967    0.552377        5304        0        0        0
  1154    PRadGEM2    -1.29773    0.327257        5264        0        0        0
  1154       HyCal    0.640247     1.47777        5817        0        0        0

  1155    PRadGEM1   -0.899423    0.698627        5304        0        0        0
  1155    PRadGEM2    -1.23779    0.509187        5264        0        0        0
  1155       HyCal    0.887458     1.47246        5817        0        0        0

  1158    PRadGEM1   -0.895492     0.69774        5304        0        0        0
  1158    PRadGEM2    -1.23464    0.508752        5264        0        0        0
  1158       HyCal    0.892279     1.45239        5817        0        0        0

  1159    PRadGEM1   -0.904444    0.704543        5304        0        0        0
  1159    PRadGEM2     -1.2429    0.515509        5264        0        0        0
  1159       HyCal    0.869947     1.47209        5817        0        0        0

  1160    PRadGEM1   -0.905686    0.707744        5304        0        0        0
  1160    PRadGEM2     -1.2442    0.519055        5264        0        0        0
  1160       HyCal    0.904998     1.47336        5817        0        0        0

  1161    PRadGEM1    -1.03269    0.541707        5304        0        0        0
  1161    PRadGEM2    -1.38366    0.320186        5264        0        0        0
  1161       HyCal    0.560989     1.47845        5817        0        0        0

  1163    PRadGEM1     -1.8775    -1.74132        5304        0        0        0
  1163    PRadGEM2    -2.22797    -1.96668        5264        0        0        0
  1163       HyCal   -0.277098   -0.823363        5817        0        0        0

  1197    PRadGEM1    -10.2205    -1.07775        5304        0        0        0
  1197    PRadGEM2    -10.5714    -1.30166        5264        0        0        0
  1197       HyCal    -8.52077  -0.0771389        5817        0        0        0

  1198    PRadGEM1    -1.16796      0.4355        5304        0        0        0
  1198    PRadGEM2    -1.51778    0.215979        5264        0        0        0
  1198       HyCal    0.464227     1.38213        5817        0        0        0

  1201    PRadGEM1    -1.06275    0.699073        5304        0        0        0
  1201    PRadGEM2    -1.40015    0.508197        5264        0        0        0
  1201       HyCal    0.755721     1.48494        5817        0        0        0

  1202    PRadGEM1    -1.05866    0.709084        5304        0        0        0
  1202    PRadGEM2    -1.39622    0.518394        5264        0        0        0
  1202       HyCal    0.755711     1.49595        5817        0        0        0

  1203    PRadGEM1    -1.04883     0.70951        5304        0        0        0
  1203    PRadGEM2    -1.38557    0.518716        5264        0        0        0
  1203       HyCal    0.777557     1.48808        5817        0        0        0

  1205    PRadGEM1    -1.04873    0.699689        5304        0        0        0
  1205    PRadGEM2    -1.38623    0.508406        5264        0        0        0
  1205       HyCal    0.751334     1.48024        5817        0        0        0

  1206    PRadGEM1    -1.04555    0.711432        5304        0        0        0
  1206    PRadGEM2    -1.38323    0.520825        5264        0        0        0
  1206       HyCal    0.759263     1.48291        5817        0        0        0

  1207    PRadGEM1    -1.04281     0.70979        5304        0        0        0
  1207    PRadGEM2    -1.38149    0.520227        5264        0        0        0
  1207       HyCal    0.763599     1.48419        5817        0        0        0

  1237    PRadGEM1     -1.0934    0.751486        5304        0        0        0
  1237    PRadGEM2    -1.44114    0.538104        5264        0        0        0
  1237       HyCal    0.517488     1.61615        5817        0        0        0

  1238    PRadGEM1    -1.02675     0.70321        5304        0        0        0
  1238    PRadGEM2    -1.36307    0.513066        5264        0        0        0
  1238       HyCal    0.763377     1.46459        5817        0        0        0

  1240    PRadGEM1    -1.01483     0.71154        5304        0        0        0
  1240    PRadGEM2    -1.35212    0.521198        5264        0        0        0
  1240       HyCal    0.781489     1.45811        5817        0        0        0

  1241    PRadGEM1    -1.02065     0.71555        5304        0        0        0
  1241    PRadGEM2    -1.35822    0.525084        5264        0        0        0
  1241       HyCal    0.764806     1.46776        5817        0        0        0

  1242    PRadGEM1    -1.00911    0.712943        5304        0        0        0
  1242    PRadGEM2    -1.34662    0.522425        5264        0        0        0
  1242       HyCal    0.788299     1.45315        5817        0        0        0

  1243    PRadGEM1    -1.01652    0.720605        5304        0        0        0
  1243    PRadGEM2    -1.35411    0.529983        5264        0        0        0
  1243       HyCal    0.767639     1.46485        5817        0        0        0

  1287    PRadGEM1    -1.05132    0.669146        5304        0        0        0
  1287    PRadGEM2    -1.38714     0.47884        5264        0        0        0
  1287       HyCal    0.797494     1.43549        5817        0        0        0

  1288    PRadGEM1    -1.06619    0.675177        5304        0        0        0
  1288    PRadGEM2    -1.40267    0.485006        5264        0        0        0
  1288       HyCal    0.769279     1.41687        5817        0        0        0

  1289    PRadGEM1    -1.34732    0.408593        5304        0        0        0
  1289    PRadGEM2    -1.69287    0.196776        5264        0        0        0
  1289       HyCal    0.285379     1.28094        5817        0        0        0

  1290    PRadGEM1    -1.05986    0.670086        5304        0        0        0
  1290    PRadGEM2      -1.396    0.479726        5264        0        0        0
  1290       HyCal    0.755092      1.4131        5817        0        0        0

  1291    PRadGEM1    -1.05225    0.675821        5304        0        0        0
  1291    PRadGEM2    -1.38888    0.485118        5264        0        0        0
  1291       HyCal      0.7681     1.43179        5817        0        0        0

  1292    PRadGEM1     -1.0595    0.683735        5304        0        0        0
  1292    PRadGEM2     -1.3958    0.493421        5264        0        0        0
  1292       HyCal    0.747151     1.43494        5817        0        0        0

  1293    PRadGEM1     -1.0667    0.670104        5304        0        0        0
  1293    PRadGEM2     -1.4026     0.47977        5264        0        0        0
  1293       HyCal    0.737684     1.41521        5817        0        0        0

  1294    PRadGEM1    -1.44054    0.370765        5304        0        0        0
  1294    PRadGEM2    -1.78584      0.1611        5264        0        0        0
  1294       HyCal    0.196185     1.24978        5817        0        0        0

  1295    PRadGEM1    -1.06471    0.676543        5304        0        0        0
  1295    PRadGEM2    -1.40128    0.486545        5264        0        0        0
  1295       HyCal    0.733329      1.4193        5817        0        0        0

  1296    PRadGEM1    -1.05332    0.684067        5304        0        0        0
  1296    PRadGEM2    -1.38952    0.494179        5264        0        0        0
  1296       HyCal    0.780826     1.43716        5817        0        0        0

  1302    PRadGEM1    -1.05358    0.688554        5304        0        0        0
  1302    PRadGEM2    -1.39029    0.498327        5264        0        0        0
  1302       HyCal    0.769764     1.44798        5817        0        0        0

  1303    PRadGEM1    -1.04865     0.67296        5304        0        0        0
  1303    PRadGEM2    -1.38531    0.482386        5264        0        0        0
  1303       HyCal    0.762652     1.42294        5817        0        0        0

  1304    PRadGEM1    -1.04088    0.667209        5304        0        0        0
  1304    PRadGEM2    -1.37743    0.476745        5264        0        0        0
  1304       HyCal    0.764816     1.41365        5817        0        0        0

  1306    PRadGEM1    -1.36418    0.402403        5304        0        0        0
  1306    PRadGEM2    -1.71146    0.185807        5264        0        0        0
  1306       HyCal    0.247514     1.28474        5817        0        0        0

  1307    PRadGEM1    -1.04874      0.6602        5304        0        0        0
  1307    PRadGEM2    -1.38618    0.469342        5264        0        0        0
  1307       HyCal    0.735221     1.39941        5817        0        0        0

  1308    PRadGEM1    -1.04192    0.677261        5304        0        0        0
  1308    PRadGEM2    -1.37903    0.486419        5264        0        0        0
  1308       HyCal    0.751698     1.41335        5817        0        0        0

  1309    PRadGEM1    -1.05384    0.678417        5304        0        0        0
  1309    PRadGEM2    -1.39093    0.487708        5264        0        0        0
  1309       HyCal    0.738985     1.42323        5817        0        0        0

  1310    PRadGEM1    -1.04952    0.687264        5304        0        0        0
  1310    PRadGEM2    -1.38655    0.496715        5264        0        0        0
  1310       HyCal    0.743154     1.42632        5817        0        0        0

  1311    PRadGEM1    -1.05079    0.681255        5304        0        0        0
  1311    PRadGEM2    -1.38783    0.490829        5264        0        0        0
  1311       HyCal    0.772452      1.4369        5817        0        0        0

  1312    PRadGEM1    -1.33429    0.312043        5304        0        0        0
  1312    PRadGEM2    -1.68221   0.0964682        5264        0        0        0
  1312       HyCal    0.304743     1.23692        5817        0        0        0

  1313    PRadGEM1    -1.05054    0.678116        5304        0        0        0
  1313    PRadGEM2    -1.38825    0.487698        5264        0        0        0
  1313       HyCal    0.776021     1.43762        5817        0        0        0

  1314    PRadGEM1    -1.06629    0.667679        5304        0        0        0
  1314    PRadGEM2    -1.40447    0.477325        5264        0        0        0
  1314       HyCal    0.761721     1.42493        5817        0        0        0

  1315    PRadGEM1    -1.06254    0.676174        5304        0        0        0
  1315    PRadGEM2    -1.40013    0.485516        5264        0        0        0
  1315       HyCal    0.774487      1.4386        5817        0        0        0

  1316    PRadGEM1    -1.05958    0.675742        5304        0        0        0
  1316    PRadGEM2    -1.39754     0.48583        5264        0        0        0
  1316       HyCal    0.784313     1.43491        5817        0        0        0

  1317    PRadGEM1    -1.31644   -0.678333        5304        0        0        0
  1317    PRadGEM2    -1.66417   -0.890048        5264        0        0        0
  1317       HyCal    0.318053    0.209841        5817        0        0        0

  1318    PRadGEM1     -2.0059    -1.36714        5304        0        0        0
  1318    PRadGEM2    -2.35408    -1.57854        5264        0        0        0
  1318       HyCal   -0.350974   -0.491825        5817        0        0        0

  1319    PRadGEM1    -1.05366    0.679413        5304        0        0        0
  1319    PRadGEM2    -1.39177     0.48891        5264        0        0        0
  1319       HyCal    0.776512     1.43698        5817        0        0        0

  1322    PRadGEM1    -1.05733    0.665628        5304        0        0        0
  1322    PRadGEM2    -1.39558    0.474867        5264        0        0        0
  1322       HyCal     0.77717     1.42166        5817        0        0        0

  1323    PRadGEM1    -1.05142    0.682705        5304        0        0        0
  1323    PRadGEM2    -1.38992    0.491951        5264        0        0        0
  1323       HyCal    0.780742     1.44295        5817        0        0        0

  1324    PRadGEM1    -1.39171   -0.909212        5304        0        0        0
  1324    PRadGEM2    -1.74028    -1.11981        5264        0        0        0
  1324       HyCal     0.28966  -0.0197301        5817        0        0        0

  1325    PRadGEM1    -1.05948    0.675587        5304        0        0        0
  1325    PRadGEM2    -1.39825    0.485025        5264        0        0        0
  1325       HyCal    0.759068     1.43443        5817        0        0        0

  1326    PRadGEM1    -1.51632    0.307993        5304        0        0        0
  1326    PRadGEM2    -1.86438   0.0975948        5264        0        0        0
  1326       HyCal    0.129575     1.19062        5817        0        0        0

  1327    PRadGEM1    -1.29201    0.379952        5304        0        0        0
  1327    PRadGEM2     -1.6394     0.16794        5264        0        0        0
  1327       HyCal    0.339529     1.26547        5817        0        0        0

  1328    PRadGEM1    -1.05826    0.672972        5304        0        0        0
  1328    PRadGEM2    -1.39688    0.482261        5264        0        0        0
  1328       HyCal    0.767066     1.42668        5817        0        0        0

  1329    PRadGEM1    -1.24201    0.372139        5304        0        0        0
  1329    PRadGEM2    -1.59044    0.158794        5264        0        0        0
  1329       HyCal    0.375658     1.26837        5817        0        0        0

  1330    PRadGEM1    -1.48174   -0.578498        5304        0        0        0
  1330    PRadGEM2    -1.83033   -0.790902        5264        0        0        0
  1330       HyCal    0.167785    0.299635        5817        0        0        0

  1331    PRadGEM1    -1.06049    0.675916        5304        0        0        0
  1331    PRadGEM2    -1.39923    0.485483        5264        0        0        0
  1331       HyCal    0.749796     1.42897        5817        0        0        0

  1332    PRadGEM1    -1.05924    0.641467        5304        0        0        0
  1332    PRadGEM2    -1.39717    0.451089        5264        0        0        0
  1332       HyCal    0.745592     1.40396        5817        0        0        0

  1334    PRadGEM1    -1.06445     0.64539        5304        0        0        0
  1334    PRadGEM2    -1.40319    0.454699        5264        0        0        0
  1334       HyCal    0.750022     1.40733        5817        0        0        0

  1336    PRadGEM1    -1.05875    0.672463        5304        0        0        0
  1336    PRadGEM2    -1.39745    0.481953        5264        0        0        0
  1336       HyCal    0.758519     1.43556        5817        0        0        0

  1337    PRadGEM1     -1.0592    0.682084        5304        0        0        0
  1337    PRadGEM2    -1.39792    0.491904        5264        0        0        0
  1337       HyCal    0.762555     1.43901        5817        0        0        0

  1338    PRadGEM1    -1.05437    0.676318        5304        0        0        0
  1338    PRadGEM2     -1.3934    0.486368        5264        0        0        0
  1338       HyCal    0.764705     1.42546        5817        0        0        0

  1339    PRadGEM1    -1.49441      1.1751        5304        0        0        0
  1339    PRadGEM2    -1.84384    0.963013        5264        0        0        0
  1339       HyCal    0.159943     2.07248        5817        0        0        0

  1340    PRadGEM1    -1.05524    0.674441        5304        0        0        0
  1340    PRadGEM2     -1.3943     0.48383        5264        0        0        0
  1340       HyCal    0.766164     1.42855        5817        0        0        0

  1341    PRadGEM1    -1.06003    0.674195        5304        0        0        0
  1341    PRadGEM2    -1.39824    0.483997        5264        0        0        0
  1341       HyCal    0.760757     1.42643        5817        0        0        0

  1342    PRadGEM1     5.13916     6.32041        5304        0        0        0
  1342    PRadGEM2     4.78923     6.08077        5264        0        0        0
  1342       HyCal      6.5972     7.23691        5817        0        0        0

  1345    PRadGEM1   -0.593085    0.697801        5304        0        0        0
  1345    PRadGEM2    -0.92615    0.510511        5264        0        0        0
  1345       HyCal     1.27013     1.42994        5817        0        0        0

  1362    PRadGEM1    -1.15057    0.694001        5304        0        0        0
  1362    PRadGEM2    -1.48774     0.50779        5264        0        0        0
  1362       HyCal    0.899173     1.47237        5817        0        0        0

  1369    PRadGEM1    -1.12155    0.703502        5304        0        0        0
  1369    PRadGEM2    -1.46828     0.48903        5264        0        0        0
  1369       HyCal    0.805087     1.56687        5817        0        0        0

  1370    PRadGEM1    -1.15844    0.660198        5304        0        0        0
  1370    PRadGEM2    -1.49379       0.473        5264        0        0        0
  1370       HyCal    0.897866     1.44302        5817        0        0        0

  1371    PRadGEM1    -1.11824    0.686303        5304        0        0        0
  1371    PRadGEM2    -1.45424    0.497924        5264        0        0        0
  1371       HyCal    0.916012     1.46948        5817        0        0        0

  1372    PRadGEM1    -1.10775    0.681179        5304        0        0        0
  1372    PRadGEM2    -1.44301    0.493206        5264        0        0        0
  1372       HyCal    0.929148     1.45903        5817        0        0        0

  1373    PRadGEM1    -1.10918    0.689316        5304        0        0        0
  1373    PRadGEM2    -1.44583     0.50131        5264        0        0        0
  1373       HyCal    0.922501     1.46657        5817        0        0        0

  1374    PRadGEM1     -1.1161     0.69021        5304        0        0        0
  1374    PRadGEM2    -1.45277    0.501693        5264        0        0        0
  1374       HyCal    0.912725     1.47563        5817        0        0        0

  1381    PRadGEM1    -1.12554    0.725188        5304        0        0        0
  1381    PRadGEM2    -1.47311    0.503857        5264        0        0        0
  1381       HyCal    0.760163     1.52828        5817        0        0        0

  1382    PRadGEM1    -1.12709    0.693408        5304        0        0        0
  1382    PRadGEM2    -1.46359    0.505316        5264        0        0        0
  1382       HyCal    0.892853     1.46209        5817        0        0        0

  1383    PRadGEM1     -1.1239    0.692406        5304        0        0        0
  1383    PRadGEM2    -1.46016    0.504223        5264        0        0        0
  1383       HyCal    0.902536     1.45907        5817        0        0        0

  1384    PRadGEM1    -1.13299    0.687526        5304        0        0        0
  1384    PRadGEM2    -1.46931    0.499538        5264        0        0        0
  1384       HyCal    0.886675     1.45529        5817        0        0        0

  1385    PRadGEM1    -1.13113    0.686557        5304        0        0        0
  1385    PRadGEM2    -1.46781    0.497978        5264        0        0        0
  1385       HyCal    0.884832     1.45251        5817        0        0        0

  1387    PRadGEM1     -1.1461    0.672447        5304        0        0        0
  1387    PRadGEM2    -1.49636    0.456805        5264        0        0        0
  1387       HyCal    0.822085     1.53082        5817        0        0        0

  1394    PRadGEM1    -1.12146    0.694077        5304        0        0        0
  1394    PRadGEM2    -1.45754    0.506192        5264        0        0        0
  1394       HyCal    0.905976     1.46501        5817        0        0        0

  1395    PRadGEM1     -1.1227    0.690961        5304        0        0        0
  1395    PRadGEM2    -1.45871    0.502874        5264        0        0        0
  1395       HyCal    0.904877     1.46235        5817        0        0        0

  1396    PRadGEM1    -1.12163    0.698217        5304        0        0        0
  1396    PRadGEM2    -1.45791    0.510278        5264        0        0        0
  1396       HyCal    0.900481     1.46491        5817        0        0        0

  1397    PRadGEM1    -1.11747    0.687726        5304        0        0        0
  1397    PRadGEM2     -1.4535    0.499314        5264        0        0        0
  1397       HyCal    0.898502     1.45643        5817        0        0        0

  1399    PRadGEM1    -1.10269     0.70412        5304        0        0        0
  1399    PRadGEM2    -1.45082    0.486051        5264        0        0        0
  1399       HyCal    0.773784       1.496        5817        0        0        0

  1400    PRadGEM1    -1.10883    0.686978        5304        0        0        0
  1400    PRadGEM2    -1.44537    0.498791        5264        0        0        0
  1400       HyCal    0.908055     1.45769        5817        0        0        0

  1401    PRadGEM1    -1.10927    0.695299        5304        0        0        0
  1401    PRadGEM2    -1.44534    0.507174        5264        0        0        0
  1401       HyCal    0.911666     1.46373        5817        0        0        0

  1404    PRadGEM1    -1.11989    0.697023        5304        0        0        0
  1404    PRadGEM2    -1.45686    0.509584        5264        0        0        0
  1404       HyCal    0.919363     1.46161        5817        0        0        0

  1405    PRadGEM1    -1.02583    0.572472        5304        0        0        0
  1405    PRadGEM2    -1.36971    0.367661        5264        0        0        0
  1405       HyCal    0.426966     1.12309        5817        0        0        0

  1406    PRadGEM1     9.04233     8.06937        5304        0        0        0
  1406    PRadGEM2     8.69398      7.8348        5264        0        0        0
  1406       HyCal     10.2135     8.61604        5817        0        0        0

  1411    PRadGEM1    -1.11851    0.686615        5304        0        0        0
  1411    PRadGEM2    -1.46606    0.468138        5264        0        0        0
  1411       HyCal    0.722624     1.45685        5817        0        0        0

  1412    PRadGEM1     -1.1086     0.69219        5304        0        0        0
  1412    PRadGEM2    -1.44531    0.504568        5264        0        0        0
  1412       HyCal    0.899972     1.44977        5817        0        0        0

  1413    PRadGEM1    -1.10305     0.68896        5304        0        0        0
  1413    PRadGEM2    -1.43891    0.501384        5264        0        0        0
  1413       HyCal    0.901507     1.44966        5817        0        0        0

  1415    PRadGEM1    -1.10727    0.693307        5304        0        0        0
  1415    PRadGEM2    -1.44368    0.506135        5264        0        0        0
  1415       HyCal    0.899571      1.4561        5817        0        0        0

  1416    PRadGEM1    -1.11638    0.694348        5304        0        0        0
  1416    PRadGEM2    -1.45229    0.506641        5264        0        0        0
  1416       HyCal    0.892868     1.45728        5817        0        0        0

  1417    PRadGEM1    -1.89769     2.04941        5304        0        0        0
  1417    PRadGEM2    -2.24562     1.82969        5264        0        0        0
  1417       HyCal  -0.0624422     2.82829        5817        0        0        0

  1418    PRadGEM1    -1.07423    0.697082        5304        0        0        0
  1418    PRadGEM2     -1.4231    0.476834        5264        0        0        0
  1418       HyCal    0.799334     1.47099        5817        0        0        0

  1420    PRadGEM1    -1.10907    0.693011        5304        0        0        0
  1420    PRadGEM2    -1.44516     0.50571        5264        0        0        0
  1420       HyCal    0.890275     1.45097        5817        0        0        0

  1421    PRadGEM1    -1.10842    0.690803        5304        0        0        0
  1421    PRadGEM2    -1.44499    0.503104        5264        0        0        0
  1421       HyCal     0.89946     1.44745        5817        0        0        0

  1422    PRadGEM1    -1.10786    0.702007        5304        0        0        0
  1422    PRadGEM2    -1.44313    0.514578        5264        0        0        0
  1422       HyCal    0.904807     1.46336        5817        0        0        0

  1423    PRadGEM1    -1.11692    0.694638        5304        0        0        0
  1423    PRadGEM2    -1.45233    0.507438        5264        0        0        0
  1423       HyCal    0.893458     1.45733        5817        0        0        0

  1424    PRadGEM1    -1.11841     0.70184        5304        0        0        0
  1424    PRadGEM2    -1.45409    0.514645        5264        0        0        0
  1424       HyCal    0.892744     1.45781        5817        0        0        0

  1425    PRadGEM1    -1.10435    0.729391        5304        0        0        0
  1425    PRadGEM2    -1.45285     0.51319        5264        0        0        0
  1425       HyCal    0.773364     1.50771        5817        0        0        0

  1426    PRadGEM1    -1.09745    0.691788        5304        0        0        0
  1426    PRadGEM2    -1.43404    0.504863        5264        0        0        0
  1426       HyCal    0.908907     1.44952        5817        0        0        0

  1427    PRadGEM1    -1.09563    0.699298        5304        0        0        0
  1427    PRadGEM2    -1.43196    0.512121        5264        0        0        0
  1427       HyCal    0.909018     1.45725        5817        0        0        0

  1428    PRadGEM1    -1.10079    0.657605        5304        0        0        0
  1428    PRadGEM2    -1.43734      0.4691        5264        0        0        0
  1428       HyCal    0.907125     1.44198        5817        0        0        0

  1429    PRadGEM1    -1.10011    0.693287        5304        0        0        0
  1429    PRadGEM2    -1.43528    0.506161        5264        0        0        0
  1429       HyCal    0.901523     1.44828        5817        0        0        0

  1430    PRadGEM1    -1.10695    0.696387        5304        0        0        0
  1430    PRadGEM2    -1.44235    0.508843        5264        0        0        0
  1430       HyCal    0.903323     1.46018        5817        0        0        0

  1431    PRadGEM1    -1.11108    0.707321        5304        0        0        0
  1431    PRadGEM2    -1.46089    0.491384        5264        0        0        0
  1431       HyCal    0.743984     1.49178        5817        0        0        0

  1443    PRadGEM1     -1.1107    0.697918        5304        0        0        0
  1443    PRadGEM2    -1.44805    0.510457        5264        0        0        0
  1443       HyCal    0.893358     1.45588        5817        0        0        0

  1444    PRadGEM1    -1.10803    0.696379        5304        0        0        0
  1444    PRadGEM2    -1.44456    0.508957        5264        0        0        0
  1444       HyCal    0.897698     1.45694        5817        0        0        0

  1445    PRadGEM1    -1.10273    0.697684        5304        0        0        0
  1445    PRadGEM2    -1.43924     0.51057        5264        0        0        0
  1445       HyCal    0.904764     1.45383        5817        0        0        0

  1446    PRadGEM1    -1.09755    0.693665        5304        0        0        0
  1446    PRadGEM2    -1.43456    0.506896        5264        0        0        0
  1446       HyCal    0.909703     1.45087        5817        0        0        0

  1447    PRadGEM1     2.24437   -0.904252        5304        0        0        0
  1447    PRadGEM2     1.89671    -1.13473        5264        0        0        0
  1447       HyCal     4.16796   -0.217077        5817        0        0        0

  1448    PRadGEM1    -1.11074    0.724631        5304        0        0        0
  1448    PRadGEM2    -1.46103    0.505923        5264        0        0        0
  1448       HyCal    0.780495     1.49806        5817        0        0        0

  1449    PRadGEM1    -1.09146    0.689579        5304        0        0        0
  1449    PRadGEM2     -1.4288    0.502382        5264        0        0        0
  1449       HyCal    0.917338     1.45405        5817        0        0        0

  1451    PRadGEM1    -1.09254    0.684396        5304        0        0        0
  1451    PRadGEM2     -1.4287    0.497397        5264        0        0        0
  1451       HyCal    0.909434     1.44165        5817        0        0        0

  1452    PRadGEM1     -1.0992    0.687132        5304        0        0        0
  1452    PRadGEM2    -1.43451    0.499607        5264        0        0        0
  1452       HyCal    0.910002     1.44864        5817        0        0        0

  1453    PRadGEM1    -1.09972    0.695461        5304        0        0        0
  1453    PRadGEM2    -1.43543    0.507813        5264        0        0        0
  1453       HyCal    0.901911     1.45776        5817        0        0        0

  1454    PRadGEM1    -1.12234    0.696044        5304        0        0        0
  1454    PRadGEM2    -1.47111    0.479983        5264        0        0        0
  1454       HyCal    0.751125      1.4706        5817        0        0        0

  1455    PRadGEM1    -1.11042    0.691665        5304        0        0        0
  1455    PRadGEM2    -1.44583    0.504706        5264        0        0        0
  1455       HyCal    0.894266     1.44763        5817        0        0        0

  1456    PRadGEM1     -1.1087    0.695798        5304        0        0        0
  1456    PRadGEM2    -1.44403    0.507983        5264        0        0        0
  1456       HyCal    0.898655     1.45202        5817        0        0        0

  1457    PRadGEM1    -1.10573    0.695651        5304        0        0        0
  1457    PRadGEM2    -1.44195    0.508141        5264        0        0        0
  1457       HyCal    0.899584     1.45394        5817        0        0        0

  1458    PRadGEM1    -1.10575    0.692501        5304        0        0        0
  1458    PRadGEM2    -1.44175    0.505299        5264        0        0        0
  1458       HyCal    0.897952     1.44873        5817        0        0        0

  1459    PRadGEM1     -1.0832    0.701958        5304        0        0        0
  1459    PRadGEM2    -1.43258    0.482459        5264        0        0        0
  1459       HyCal    0.778384     1.47407        5817        0        0        0

  1460    PRadGEM1    -1.09689    0.684609        5304        0        0        0
  1460    PRadGEM2    -1.43365    0.497174        5264        0        0        0
  1460       HyCal    0.906283       1.439        5817        0        0        0

  1461    PRadGEM1    -1.09975    0.684098        5304        0        0        0
  1461    PRadGEM2    -1.43648      0.4969        5264        0        0        0
  1461       HyCal    0.904369     1.44369        5817        0        0        0

  1462    PRadGEM1    -1.09627    0.689933        5304        0        0        0
  1462    PRadGEM2    -1.43255    0.502644        5264        0        0        0
  1462       HyCal    0.914545     1.45142        5817        0        0        0

  1463    PRadGEM1    -1.09813    0.691663        5304        0        0        0
  1463    PRadGEM2     -1.4345    0.504417        5264        0        0        0
  1463       HyCal    0.909618     1.44411        5817        0        0        0

  1465    PRadGEM1    -1.07947    0.716711        5304        0        0        0
  1465    PRadGEM2    -1.42962    0.499353        5264        0        0        0
  1465       HyCal    0.787832     1.48051        5817        0        0        0

  1466    PRadGEM1    -1.09486    0.685566        5304        0        0        0
  1466    PRadGEM2    -1.43198    0.498262        5264        0        0        0
  1466       HyCal    0.906946      1.4354        5817        0        0        0

  1467    PRadGEM1    -1.10031     0.68241        5304        0        0        0
  1467    PRadGEM2    -1.43687     0.49543        5264        0        0        0
  1467       HyCal    0.899876     1.43453        5817        0        0        0

  1468    PRadGEM1    -1.10317     0.68122        5304        0        0        0
  1468    PRadGEM2    -1.43948    0.494304        5264        0        0        0
  1468       HyCal     0.90442     1.43309        5817        0        0        0

  1469    PRadGEM1    -1.09836    0.725901        5304        0        0        0
  1469    PRadGEM2    -1.44643    0.508978        5264        0        0        0
  1469       HyCal    0.757681     1.49703        5817        0        0        0

  1470    PRadGEM1    -1.09366    0.684373        5304        0        0        0
  1470    PRadGEM2     -1.4301    0.497762        5264        0        0        0
  1470       HyCal    0.904017     1.43826        5817        0        0        0

  1471    PRadGEM1    -1.09301    0.684129        5304        0        0        0
  1471    PRadGEM2    -1.42866    0.497078        5264        0        0        0
  1471       HyCal    0.909566     1.43947        5817        0        0        0

  1472    PRadGEM1     -1.1026    0.688385        5304        0        0        0
  1472    PRadGEM2    -1.43817    0.501833        5264        0        0        0
  1472       HyCal    0.903861     1.44013        5817        0        0        0

  1473    PRadGEM1    -1.07728    0.685037        5304        0        0        0
  1473    PRadGEM2    -1.42633    0.465609        5264        0        0        0
  1473       HyCal    0.783871     1.46913        5817        0        0        0

  1474    PRadGEM1    -1.09247    0.684107        5304        0        0        0
  1474    PRadGEM2    -1.42816    0.497197        5264        0        0        0
  1474       HyCal    0.909979     1.43693        5817        0        0        0

  1475    PRadGEM1    -1.09457    0.678034        5304        0        0        0
  1475    PRadGEM2     -1.4303    0.491279        5264        0        0        0
  1475       HyCal    0.910872     1.43305        5817        0        0        0

  1476    PRadGEM1    -1.09175    0.689112        5304        0        0        0
  1476    PRadGEM2    -1.42779    0.502416        5264        0        0        0
  1476       HyCal    0.906192     1.44635        5817        0        0        0

  1477    PRadGEM1    -1.09952    0.687072        5304        0        0        0
  1477    PRadGEM2    -1.44852    0.475408        5264        0        0        0
  1477       HyCal    0.792034     1.45842        5817        0        0        0

  1478    PRadGEM1    -1.09743    0.683411        5304        0        0        0
  1478    PRadGEM2      -1.433    0.496336        5264        0        0        0
  1478       HyCal    0.898301     1.44156        5817        0        0        0

  1479    PRadGEM1    -1.09005    0.683479        5304        0        0        0
  1479    PRadGEM2    -1.42522    0.496799        5264        0        0        0
  1479       HyCal    0.908912     1.44314        5817        0        0        0

  1480    PRadGEM1    -1.09865    0.684928        5304        0        0        0
  1480    PRadGEM2    -1.43422    0.498215        5264        0        0        0
  1480       HyCal     0.89512     1.44569        5817        0        0        0

  1481    PRadGEM1    -1.07619    0.666103        5304        0        0        0
  1481    PRadGEM2    -1.42319    0.453818        5264        0        0        0
  1481       HyCal    0.790619     1.40833        5817        0        0        0

  1482    PRadGEM1    -1.10502    0.685578        5304        0        0        0
  1482    PRadGEM2    -1.44006    0.498361        5264        0        0        0
  1482       HyCal    0.887124     1.43559        5817        0        0        0

  1483    PRadGEM1    -1.13588    0.540252        5304        0        0        0
  1483    PRadGEM2    -1.46817    0.355431        5264        0        0        0
  1483       HyCal    0.857915     1.23159        5817        0        0        0

  1484    PRadGEM1    -1.10895    0.678171        5304        0        0        0
  1484    PRadGEM2    -1.44323    0.491036        5264        0        0        0
  1484       HyCal    0.884243     1.43078        5817        0        0        0

  1485    PRadGEM1    -1.10311      0.6957        5304        0        0        0
  1485    PRadGEM2    -1.43745    0.508928        5264        0        0        0
  1485       HyCal    0.897703     1.44997        5817        0        0        0

  1486    PRadGEM1    -1.06624    0.715814        5304        0        0        0
  1486    PRadGEM2    -1.41455    0.502941        5264        0        0        0
  1486       HyCal    0.776982      1.4871        5817        0        0        0

  1487    PRadGEM1     -1.0945    0.680834        5304        0        0        0
  1487    PRadGEM2    -1.42945    0.493999        5264        0        0        0
  1487       HyCal    0.901044     1.43006        5817        0        0        0

  1488    PRadGEM1     -1.0907    0.682311        5304        0        0        0
  1488    PRadGEM2    -1.42613    0.495239        5264        0        0        0
  1488       HyCal    0.903906     1.43546        5817        0        0        0

  1489    PRadGEM1    -1.09472    0.678675        5304        0        0        0
  1489    PRadGEM2    -1.42996    0.491574        5264        0        0        0
  1489       HyCal    0.902207     1.42425        5817        0        0        0

  1490    PRadGEM1     -1.0733    0.684889        5304        0        0        0
  1490    PRadGEM2    -1.42183    0.469072        5264        0        0        0
  1490       HyCal    0.759192     1.43337        5817        0        0        0

  1491    PRadGEM1    -1.09828    0.680645        5304        0        0        0
  1491    PRadGEM2    -1.43322    0.493939        5264        0        0        0
  1491       HyCal    0.896149     1.42942        5817        0        0        0

  1492    PRadGEM1     -1.0973    0.689582        5304        0        0        0
  1492    PRadGEM2    -1.43223    0.502375        5264        0        0        0
  1492       HyCal    0.906639      1.4418        5817        0        0        0

  1495    PRadGEM1     -1.0972    0.677803        5304        0        0        0
  1495    PRadGEM2    -1.43187    0.490957        5264        0        0        0
  1495       HyCal    0.896246     1.42772        5817        0        0        0

  1496    PRadGEM1    -1.07387    0.702195        5304        0        0        0
  1496    PRadGEM2    -1.42046    0.490248        5264        0        0        0
  1496       HyCal     0.81068     1.48883        5817        0        0        0

  1498    PRadGEM1    -1.00314     1.36401        5304        0        0        0
  1498    PRadGEM2    -1.33262     1.18375        5264        0        0        0
  1498       HyCal    0.987151     2.07745        5817        0        0        0

  1501    PRadGEM1    -1.01861     1.37661        5304        0        0        0
  1501    PRadGEM2    -1.34964     1.19606        5264        0        0        0
  1501       HyCal    0.978076      2.0903        5817        0        0        0

  1502    PRadGEM1     5.64894     6.95561        5304        0        0        0
  1502    PRadGEM2     5.28724      6.7007        5264        0        0        0
  1502       HyCal      7.3484     7.93667        5817        0        0        0

  1503    PRadGEM1     3.49719     0.84957        5304        0        0        0
  1503    PRadGEM2     3.14854    0.629325        5264        0        0        0
  1503       HyCal      5.3171     1.60428        5817        0        0        0

  1506    PRadGEM1    -1.12418    0.677412        5304        0        0        0
  1506    PRadGEM2    -1.46011    0.490563        5264        0        0        0
  1506       HyCal    0.882074     1.43749        5817        0        0        0

  1507    PRadGEM1    -1.11397    0.675969        5304        0        0        0
  1507    PRadGEM2    -1.44755    0.489293        5264        0        0        0
  1507       HyCal    0.895533     1.42965        5817        0        0        0

  1508    PRadGEM1    -1.11524    0.666941        5304        0        0        0
  1508    PRadGEM2    -1.44774    0.480182        5264        0        0        0
  1508       HyCal    0.890742     1.41911        5817        0        0        0

  1509    PRadGEM1     -1.1071    0.675363        5304        0        0        0
  1509    PRadGEM2    -1.44888    0.465217        5264        0        0        0
  1509       HyCal     0.82475     1.45168        5817        0        0        0

  1510    PRadGEM1    -1.11546    0.681366        5304        0        0        0
  1510    PRadGEM2    -1.45011    0.494279        5264        0        0        0
  1510       HyCal    0.888495     1.43726        5817        0        0        0

  1511    PRadGEM1    -1.11466    0.697653        5304        0        0        0
  1511    PRadGEM2    -1.44945    0.510933        5264        0        0        0
  1511       HyCal    0.901606     1.43417        5817        0        0        0

  1512    PRadGEM1    -1.12527     0.68381        5304        0        0        0
  1512    PRadGEM2    -1.45962    0.496514        5264        0        0        0
  1512       HyCal    0.878629     1.44479        5817        0        0        0

  1513    PRadGEM1    -1.12743    0.681887        5304        0        0        0
  1513    PRadGEM2    -1.46126    0.494516        5264        0        0        0
  1513       HyCal    0.876657     1.43611        5817        0        0        0

  1514    PRadGEM1    -1.13111    0.691918        5304        0        0        0
  1514    PRadGEM2    -1.47406    0.479791        5264        0        0        0
  1514       HyCal    0.801443     1.44428        5817        0        0        0

  1515    PRadGEM1    -1.10001      0.7321        5304        0        0        0
  1515    PRadGEM2    -1.43988    0.518113        5264        0        0        0
  1515       HyCal    0.841047     1.50272        5817        0        0        0

  1516    PRadGEM1    -1.10219    0.677436        5304        0        0        0
  1516    PRadGEM2    -1.43425     0.49041        5264        0        0        0
  1516       HyCal    0.905171     1.43542        5817        0        0        0

