# trigger efficiency based on HyCal module
# it is calculated by C*(1 - e^(A*E - B), C is module dependent, A, B are type dependent
G63        0.9938     1.9242     6.6008
G64        0.9961     1.9242     6.6008
G65        0.9953     1.9242     6.6008
G66        0.9935     1.9242     6.6008
G67        0.9948     1.9242     6.6008
G68        0.9948     1.9242     6.6008
G69        0.9947     1.9242     6.6008
G70        0.9959     1.9242     6.6008
G71        0.9946     1.9242     6.6008
G72        0.9946     1.9242     6.6008
G73        0.9944     1.9242     6.6008
G74        0.8091     1.9242     6.6008
G75        0.9953     1.9242     6.6008
G76        0.9955     1.9242     6.6008
G77        0.9941     1.9242     6.6008
G78        0.9945     1.9242     6.6008
G79        0.994      1.9242     6.6008
G80        0.9935     1.9242     6.6008
G81        0.9941     1.9242     6.6008
G82        0.9948     1.9242     6.6008
G83        0.9957     1.9242     6.6008
G84        0.9961     1.9242     6.6008
G85        0.9949     1.9242     6.6008
G86        0.9964     1.9242     6.6008
G87        0.9951     1.9242     6.6008
G88        0.9958     1.9242     6.6008
G93        0.994      1.9242     6.6008
G94        0.9947     1.9242     6.6008
G95        0.9951     1.9242     6.6008
G96        0.9968     1.9242     6.6008
G97        0.993      1.9242     6.6008
G98        0.995      1.9242     6.6008
G99        0.996      1.9242     6.6008
G100       0.9935     1.9242     6.6008
G101       0.9947     1.9242     6.6008
G102       0.9948     1.9242     6.6008
G103       0.9954     1.9242     6.6008
G104       0.9939     1.9242     6.6008
G105       0.9964     1.9242     6.6008
G106       0.9944     1.9242     6.6008
G107       0.9935     1.9242     6.6008
G108       0.9951     1.9242     6.6008
G109       0.9945     1.9242     6.6008
G110       0.9943     1.9242     6.6008
G111       0.9949     1.9242     6.6008
G112       0.9955     1.9242     6.6008
G113       0.9953     1.9242     6.6008
G114       0.9957     1.9242     6.6008
G115       0.995      1.9242     6.6008
G116       0.9952     1.9242     6.6008
G117       0.995      1.9242     6.6008
G118       0.9948     1.9242     6.6008
G123       0.9951     1.9242     6.6008
G124       0.993      1.9242     6.6008
G125       0.9957     1.9242     6.6008
G126       0.9962     1.9242     6.6008
G127       0.994      1.9242     6.6008
G128       0.9948     1.9242     6.6008
G129       0.995      1.9242     6.6008
G130       0.9951     1.9242     6.6008
G131       0.9946     1.9242     6.6008
G132       0.9945     1.9242     6.6008
G133       0.9941     1.9242     6.6008
G134       0.9948     1.9242     6.6008
G135       0.9948     1.9242     6.6008
G136       0.9949     1.9242     6.6008
G137       0.9947     1.9242     6.6008
G138       0.9953     1.9242     6.6008
G139       0.9956     1.9242     6.6008
G140       0.9932     1.9242     6.6008
G141       0.9957     1.9242     6.6008
G142       0.9945     1.9242     6.6008
G143       0.9941     1.9242     6.6008
G144       0.9949     1.9242     6.6008
G145       0.9952     1.9242     6.6008
G146       0.9946     1.9242     6.6008
G147       0.993      1.9242     6.6008
G148       0.9951     1.9242     6.6008
G153       0.9953     1.9242     6.6008
G154       0.9959     1.9242     6.6008
G155       0.9945     1.9242     6.6008
G156       0.9954     2.4194     5.1652
G157       0.9954     2.4194     5.1652
G158       0.9948     2.4194     5.1652
G159       0.9952     2.4194     5.1652
G160       0.996      2.4194     5.1652
G161       0.995      2.4194     5.1652
G162       0.994      2.4194     5.1652
G163       0.9935     2.4194     5.1652
G164       0.9937     2.4194     5.1652
G165       0.996      2.4194     5.1652
G166       0.9942     2.4194     5.1652
G167       0.9952     2.4194     5.1652
G168       0.9954     2.4194     5.1652
G169       0.9925     2.4194     5.1652
G170       0.9949     2.4194     5.1652
G171       0.9932     2.4194     5.1652
G172       0.994      2.4194     5.1652
G173       0.9944     2.4194     5.1652
G174       0.9951     2.4194     5.1652
G175       0.9949     2.4194     5.1652
G176       0.9939     1.9242     6.6008
G177       0.9932     1.9242     6.6008
G178       0.9981     1.9242     6.6008
G183       0.9938     1.9242     6.6008
G184       0.9963     1.9242     6.6008
G185       0.9966     1.9242     6.6008
G186       0.9954     2.4194     5.1652
G205       0.9944     2.4194     5.1652
G206       0.9954     1.9242     6.6008
G207       0.9956     1.9242     6.6008
G208       0.9964     1.9242     6.6008
G213       0.9957     1.9242     6.6008
G214       0.9931     1.9242     6.6008
G215       0.9942     1.9242     6.6008
G216       0.9945     2.4194     5.1652
G235       0.9945     2.4194     5.1652
G236       0.9959     1.9242     6.6008
G237       0.996      1.9242     6.6008
G238       0.9942     1.9242     6.6008
G243       0.9955     1.9242     6.6008
G244       0.9946     1.9242     6.6008
G245       0.995      1.9242     6.6008
G246       0.9947     2.4194     5.1652
G265       0.9956     2.4194     5.1652
G266       0.9949     1.9242     6.6008
G267       0.9953     1.9242     6.6008
G268       0.9952     1.9242     6.6008
G273       0.9948     1.9242     6.6008
G274       0.9959     1.9242     6.6008
G275       0.9936     1.9242     6.6008
G276       0.9952     2.4194     5.1652
G295       0.9948     2.4194     5.1652
G296       0.994      1.9242     6.6008
G297       0.9952     1.9242     6.6008
G298       0.9944     1.9242     6.6008
G303       0.9956     1.9242     6.6008
G304       0.9943     1.9242     6.6008
G305       0.9943     1.9242     6.6008
G306       0.9952     2.4194     5.1652
G325       0.9958     2.4194     5.1652
G326       0.9934     1.9242     6.6008
G327       0.9958     1.9242     6.6008
G328       0.995      1.9242     6.6008
G333       0.996      1.9242     6.6008
G334       0.9957     1.9242     6.6008
G335       0.9941     1.9242     6.6008
G336       0.9951     2.4194     5.1652
G355       0.9951     2.4194     5.1652
G356       0.9945     1.9242     6.6008
G357       0.9926     1.9242     6.6008
G358       0.9971     1.9242     6.6008
G363       0.994      1.9242     6.6008
G364       0.9933     1.9242     6.6008
G365       0.995      1.9242     6.6008
G366       0.9948     2.4194     5.1652
G385       0.9944     2.4194     5.1652
G386       0.9959     1.9242     6.6008
G387       0.9945     1.9242     6.6008
G388       0.9944     1.9242     6.6008
G393       0.9947     1.9242     6.6008
G394       0.9946     1.9242     6.6008
G395       0.9959     1.9242     6.6008
G396       0.9961     2.4194     5.1652
G415       0.9944     2.4194     5.1652
G416       0.995      1.9242     6.6008
G417       0.9927     1.9242     6.6008
G418       0.9946     1.9242     6.6008
G423       0.9956     1.9242     6.6008
G424       0.9943     1.9242     6.6008
G425       0.9942     1.9242     6.6008
G426       0.9958     2.4194     5.1652
G445       0.9949     2.4194     5.1652
G446       0.9958     1.9242     6.6008
G447       0.996      1.9242     6.6008
G448       0.9934     1.9242     6.6008
G453       0.9971     1.9242     6.6008
G454       0.9979     1.9242     6.6008
G455       0.995      1.9242     6.6008
G456       0.9939     2.4194     5.1652
G475       0.9948     2.4194     5.1652
G476       0.9944     1.9242     6.6008
G477       0.9923     1.9242     6.6008
G478       0.9951     1.9242     6.6008
G483       0.994      1.9242     6.6008
G484       0.9946     1.9242     6.6008
G485       0.9943     1.9242     6.6008
G486       0.9423     2.4194     5.1652
G505       0.9932     2.4194     5.1652
G506       0.9951     1.9242     6.6008
G507       0.9941     1.9242     6.6008
G508       0.9949     1.9242     6.6008
G513       0.9956     1.9242     6.6008
G514       0.9957     1.9242     6.6008
G515       0.9959     1.9242     6.6008
G516       0.9908     2.4194     5.1652
G535       0.9952     2.4194     5.1652
G536       0.9957     1.9242     6.6008
G537       0.9936     1.9242     6.6008
G538       0.9949     1.9242     6.6008
G543       0.9958     1.9242     6.6008
G544       0.9961     1.9242     6.6008
G545       0.9957     1.9242     6.6008
G546       0.9957     2.4194     5.1652
G565       0.9932     2.4194     5.1652
G566       0.9938     1.9242     6.6008
G567       0.9945     1.9242     6.6008
G568       0.9965     1.9242     6.6008
G573       0.9964     1.9242     6.6008
G574       0.9969     1.9242     6.6008
G575       0.9944     1.9242     6.6008
G576       0.9951     2.4194     5.1652
G595       0.9941     2.4194     5.1652
G596       0.9941     1.9242     6.6008
G597       0.9945     1.9242     6.6008
G598       0.9936     1.9242     6.6008
G603       0.9966     1.9242     6.6008
G604       0.994      1.9242     6.6008
G605       0.9949     1.9242     6.6008
G606       0.9952     2.4194     5.1652
G625       0.9948     2.4194     5.1652
G626       0.9951     1.9242     6.6008
G627       0.9943     1.9242     6.6008
G628       0.9939     1.9242     6.6008
G633       0.995      1.9242     6.6008
G634       0.9971     1.9242     6.6008
G635       0.9944     1.9242     6.6008
G636       0.995      2.4194     5.1652
G655       0.9939     2.4194     5.1652
G656       0.9925     1.9242     6.6008
G657       0.9953     1.9242     6.6008
G658       0.9953     1.9242     6.6008
G663       0.9951     1.9242     6.6008
G664       0.9953     1.9242     6.6008
G665       0.9934     1.9242     6.6008
G666       0.9959     2.4194     5.1652
G685       0.9949     2.4194     5.1652
G686       0.9964     1.9242     6.6008
G687       0.9938     1.9242     6.6008
G688       0.9943     1.9242     6.6008
G693       0.9959     1.9242     6.6008
G694       0.996      1.9242     6.6008
G695       0.996      1.9242     6.6008
G696       0.9948     2.4194     5.1652
G715       0.9962     2.4194     5.1652
G716       0.9952     1.9242     6.6008
G717       0.9953     1.9242     6.6008
G718       0.9947     1.9242     6.6008
G723       0.9939     1.9242     6.6008
G724       0.9959     1.9242     6.6008
G725       0.9939     1.9242     6.6008
G726       0.9952     2.4194     5.1652
G727       0.9872     2.4194     5.1652
G728       0.9947     2.4194     5.1652
G729       0.9963     2.4194     5.1652
G730       0.9957     2.4194     5.1652
G731       0.9872     2.4194     5.1652
G732       0.9636     2.4194     5.1652
G733       0.9893     2.4194     5.1652
G734       0.9843     2.4194     5.1652
G735       0.9938     2.4194     5.1652
G736       0.9934     2.4194     5.1652
G737       0.9799     2.4194     5.1652
G738       0.9923     2.4194     5.1652
G739       0.9933     2.4194     5.1652
G740       0.9922     2.4194     5.1652
G741       0.9936     2.4194     5.1652
G742       0.9942     2.4194     5.1652
G743       0.9822     2.4194     5.1652
G744       0.9947     2.4194     5.1652
G745       0.9949     2.4194     5.1652
G746       0.9951     1.9242     6.6008
G747       0.996      1.9242     6.6008
G748       0.9941     1.9242     6.6008
G753       0.9957     1.9242     6.6008
G754       0.9946     1.9242     6.6008
G755       0.9942     1.9242     6.6008
G756       0.9948     1.9242     6.6008
G757       0.9938     1.9242     6.6008
G758       0.9959     1.9242     6.6008
G759       0.9946     1.9242     6.6008
G760       0.9959     1.9242     6.6008
G761       0.9934     1.9242     6.6008
G762       0.9939     1.9242     6.6008
G763       0.9936     1.9242     6.6008
G764       0.9912     1.9242     6.6008
G765       0.9941     1.9242     6.6008
G766       0.9944     1.9242     6.6008
G767       0.9954     1.9242     6.6008
G768       0.9962     1.9242     6.6008
G769       0.9951     1.9242     6.6008
G770       0.9951     1.9242     6.6008
G771       0.9942     1.9242     6.6008
G772       0.993      1.9242     6.6008
G773       0.9932     1.9242     6.6008
G774       0.9951     1.9242     6.6008
G775       0.9778     1.9242     6.6008
G776       0.9955     1.9242     6.6008
G777       0.9946     1.9242     6.6008
G778       0.9958     1.9242     6.6008
G783       0.9946     1.9242     6.6008
G784       0.9949     1.9242     6.6008
G785       0.9963     1.9242     6.6008
G786       0.9947     1.9242     6.6008
G787       0.9958     1.9242     6.6008
G788       0.9939     1.9242     6.6008
G789       0.9945     1.9242     6.6008
G790       0.9971     1.9242     6.6008
G791       0.9961     1.9242     6.6008
G792       0.993      1.9242     6.6008
G793       0.9933     1.9242     6.6008
G794       0.993      1.9242     6.6008
G795       0.9934     1.9242     6.6008
G796       0.9941     1.9242     6.6008
G797       0.9961     1.9242     6.6008
G798       0.9957     1.9242     6.6008
G799       0.9943     1.9242     6.6008
G800       0.9949     1.9242     6.6008
G801       0.9931     1.9242     6.6008
G802       0.9944     1.9242     6.6008
G803       0.9955     1.9242     6.6008
G804       0.9954     1.9242     6.6008
G805       0.9922     1.9242     6.6008
G806       0.9962     1.9242     6.6008
G807       0.9947     1.9242     6.6008
G808       0.9939     1.9242     6.6008
G813       0.9944     1.9242     6.6008
G814       0.9946     1.9242     6.6008
G815       0.9942     1.9242     6.6008
G816       0.9947     1.9242     6.6008
G817       0.9947     1.9242     6.6008
G818       0.9935     1.9242     6.6008
G819       0.9941     1.9242     6.6008
G820       0.9954     1.9242     6.6008
G821       0.9955     1.9242     6.6008
G822       0.9958     1.9242     6.6008
G823       0.9938     1.9242     6.6008
G824       0.9917     1.9242     6.6008
G825       0.9933     1.9242     6.6008
G826       0.9947     1.9242     6.6008
G827       0.9953     1.9242     6.6008
G828       0.9942     1.9242     6.6008
G829       0.9954     1.9242     6.6008
G830       0.9951     1.9242     6.6008
G831       0.9942     1.9242     6.6008
G832       0.9947     1.9242     6.6008
G833       0.9954     1.9242     6.6008
G834       0.9957     1.9242     6.6008
G835       0.9963     1.9242     6.6008
G836       0.9934     1.9242     6.6008
G837       0.9961     1.9242     6.6008
G838       0.9943     1.9242     6.6008
W1         0.9944     2.4194     5.1652
W2         0.9951     2.4194     5.1652
W3         0.9936     2.4194     5.1652
W4         0.9904     2.4194     5.1652
W5         0.9944     2.4194     5.1652
W6         0.993      2.4194     5.1652
W7         0.9934     2.4194     5.1652
W8         0.9948     2.4194     5.1652
W9         0.9943     2.4194     5.1652
W10        0.9935     2.4194     5.1652
W11        0.9923     2.4194     5.1652
W12        0.9917     2.4194     5.1652
W13        0.9931     2.4194     5.1652
W14        0.9928     2.4194     5.1652
W15        0.9925     2.4194     5.1652
W16        0.9937     2.4194     5.1652
W17        0.9945     2.4194     5.1652
W18        0.9936     2.4194     5.1652
W19        0.9935     2.4194     5.1652
W20        0.9932     2.4194     5.1652
W21        0.994      2.4194     5.1652
W22        0.9943     2.4194     5.1652
W23        0.9955     2.4194     5.1652
W24        0.9931     2.4194     5.1652
W25        0.994      2.4194     5.1652
W26        0.994      2.4194     5.1652
W27        0.9942     2.4194     5.1652
W28        0.9931     2.4194     5.1652
W29        0.9928     2.4194     5.1652
W30        0.9927     2.4194     5.1652
W31        0.9948     2.4194     5.1652
W32        0.9946     2.4194     5.1652
W33        0.9961     2.4194     5.1652
W34        0.994      2.4194     5.1652
W35        0.9938     2.4194     5.1652
W36        0.9932     2.4194     5.1652
W37        0.9937     2.4194     5.1652
W38        0.9954     2.4194     5.1652
W39        0.9943     2.4194     5.1652
W40        0.9933     2.4194     5.1652
W41        0.9942     2.4194     5.1652
W42        0.9945     2.4194     5.1652
W43        0.9955     2.4194     5.1652
W44        0.9929     2.4194     5.1652
W45        0.9925     2.4194     5.1652
W46        0.9939     2.4194     5.1652
W47        0.9946     2.4194     5.1652
W48        0.994      2.4194     5.1652
W49        0.9942     2.4194     5.1652
W50        0.9945     2.4194     5.1652
W51        0.9938     2.4194     5.1652
W52        0.994      2.4194     5.1652
W53        0.9944     2.4194     5.1652
W54        0.9933     2.4194     5.1652
W55        0.9933     2.4194     5.1652
W56        0.9948     2.4194     5.1652
W57        0.9942     2.4194     5.1652
W58        0.9944     2.4194     5.1652
W59        0.995      2.4194     5.1652
W60        0.9934     2.4194     5.1652
W61        0.9945     2.4194     5.1652
W62        0.9945     2.4194     5.1652
W63        0.9957     2.4194     5.1652
W64        0.995      2.4194     5.1652
W65        0.995      2.4194     5.1652
W66        0.9951     2.4194     5.1652
W67        0.9941     2.4194     5.1652
W68        0.9953     2.4194     5.1652
W69        -0.7572    2.4194     5.1652
W70        0.9949     2.4194     5.1652
W71        0.9928     9.3485     2.6513
W72        0.9934     9.3485     2.6513
W73        0.9958     9.3485     2.6513
W74        0.994      9.3485     2.6513
W75        0.9929     9.3485     2.6513
W76        0.9937     9.3485     2.6513
W77        0.9938     9.3485     2.6513
W78        0.9947     9.3485     2.6513
W79        0.9934     9.3485     2.6513
W80        0.9932     9.3485     2.6513
W81        0.9933     9.3485     2.6513
W82        0.9931     9.3485     2.6513
W83        0.9947     9.3485     2.6513
W84        0.9908     9.3485     2.6513
W85        0.9932     9.3485     2.6513
W86        0.9942     9.3485     2.6513
W87        0.9955     9.3485     2.6513
W88        0.9952     9.3485     2.6513
W89        0.9968     9.3485     2.6513
W90        0.9952     9.3485     2.6513
W91        0.9952     9.3485     2.6513
W92        0.9952     9.3485     2.6513
W93        0.9934     9.3485     2.6513
W94        0.9924     9.3485     2.6513
W95        0.9943     9.3485     2.6513
W96        0.9949     9.3485     2.6513
W97        0.9928     9.3485     2.6513
W98        0.9942     9.3485     2.6513
W99        0.993      9.3485     2.6513
W100       0.9931     9.3485     2.6513
W101       0.9931     2.4194     5.1652
W102       0.995      2.4194     5.1652
W103       0.9953     2.4194     5.1652
W104       0.9953     2.4194     5.1652
W105       0.9947     9.3485     2.6513
W106       0.9947     9.3485     2.6513
W107       0.9956     9.3485     2.6513
W108       0.9956     9.3485     2.6513
W109       0.9914     9.3485     2.6513
W110       0.995      9.3485     2.6513
W111       0.9952     9.3485     2.6513
W112       0.9955     9.3485     2.6513
W113       0.9948     9.3485     2.6513
W114       0.9917     9.3485     2.6513
W115       0.9933     9.3485     2.6513
W116       0.9953     9.3485     2.6513
W117       0.9944     9.3485     2.6513
W118       0.9941     9.3485     2.6513
W119       0.994      9.3485     2.6513
W120       0.9938     9.3485     2.6513
W121       0.9945     9.3485     2.6513
W122       0.9949     9.3485     2.6513
W123       0.9935     9.3485     2.6513
W124       0.9937     9.3485     2.6513
W125       0.9943     9.3485     2.6513
W126       0.9947     9.3485     2.6513
W127       0.9937     9.3485     2.6513
W128       0.9945     9.3485     2.6513
W129       0.9927     9.3485     2.6513
W130       0.9952     9.3485     2.6513
W131       0.9952     9.3485     2.6513
W132       0.9952     9.3485     2.6513
W133       0.9937     9.3485     2.6513
W134       0.9933     9.3485     2.6513
W135       0.9944     2.4194     5.1652
W136       0.9951     2.4194     5.1652
W137       0.9953     2.4194     5.1652
W138       0.9949     2.4194     5.1652
W139       0.994      9.3485     2.6513
W140       0.995      9.3485     2.6513
W141       0.9948     9.3485     2.6513
W142       0.9933     9.3485     2.6513
W143       0.9937     9.3485     2.6513
W144       0.9948     9.3485     2.6513
W145       0.9956     9.3485     2.6513
W146       0.9954     9.3485     2.6513
W147       0.9948     9.3485     2.6513
W148       0.9947     9.3485     2.6513
W149       0.9951     9.3485     2.6513
W150       0.9953     9.3485     2.6513
W151       0.9957     9.3485     2.6513
W152       0.9954     9.3485     2.6513
W153       0.9939     9.3485     2.6513
W154       0.9946     9.3485     2.6513
W155       0.9939     9.3485     2.6513
W156       0.994      9.3485     2.6513
W157       0.9936     9.3485     2.6513
W158       0.9946     9.3485     2.6513
W159       0.994      9.3485     2.6513
W160       0.9958     9.3485     2.6513
W161       0.9943     9.3485     2.6513
W162       0.993      9.3485     2.6513
W163       0.9937     9.3485     2.6513
W164       0.9931     9.3485     2.6513
W165       0.9934     9.3485     2.6513
W166       0.9937     9.3485     2.6513
W167       0.9946     9.3485     2.6513
W168       0.995      9.3485     2.6513
W169       0.995      2.4194     5.1652
W170       0.995      2.4194     5.1652
W171       0.9944     2.4194     5.1652
W172       0.9935     2.4194     5.1652
W173       0.9941     9.3485     2.6513
W174       0.9941     9.3485     2.6513
W175       0.9955     9.3485     2.6513
W176       0.9953     9.3485     2.6513
W177       0.9949     9.3485     2.6513
W178       0.9946     9.3485     2.6513
W179       0.9956     9.3485     2.6513
W180       0.9948     9.3485     2.6513
W181       0.9935     9.3485     2.6513
W182       0.9947     9.3485     2.6513
W183       0.9935     9.3485     2.6513
W184       0.9963     9.3485     2.6513
W185       0.9941     9.3485     2.6513
W186       0.995      9.3485     2.6513
W187       0.9941     9.3485     2.6513
W188       0.9947     9.3485     2.6513
W189       0.996      9.3485     2.6513
W190       0.9944     9.3485     2.6513
W191       0.9939     9.3485     2.6513
W192       0.9955     9.3485     2.6513
W193       0.9939     9.3485     2.6513
W194       0.9946     9.3485     2.6513
W195       0.9942     9.3485     2.6513
W196       0.9954     9.3485     2.6513
W197       0.9949     9.3485     2.6513
W198       0.9935     9.3485     2.6513
W199       0.9951     9.3485     2.6513
W200       0.9934     9.3485     2.6513
W201       0.9952     9.3485     2.6513
W202       0.993      9.3485     2.6513
W203       0.994      2.4194     5.1652
W204       0.9939     2.4194     5.1652
W205       0.9955     2.4194     5.1652
W206       0.9945     2.4194     5.1652
W207       0.9939     9.3485     2.6513
W208       0.9956     9.3485     2.6513
W209       0.9947     9.3485     2.6513
W210       0.9941     9.3485     2.6513
W211       0.9942     9.3485     2.6513
W212       0.9946     9.3485     2.6513
W213       0.9944     9.3485     2.6513
W214       0.9951     9.3485     2.6513
W215       0.9949     9.3485     2.6513
W216       0.9945     9.3485     2.6513
W217       0.9948     9.3485     2.6513
W218       0.9942     9.3485     2.6513
W219       0.9951     9.3485     2.6513
W220       0.9943     9.3485     2.6513
W221       0.9947     9.3485     2.6513
W222       0.9933     9.3485     2.6513
W223       0.993      9.3485     2.6513
W224       0.9951     9.3485     2.6513
W225       0.9951     9.3485     2.6513
W226       0.9946     9.3485     2.6513
W227       0.9915     9.3485     2.6513
W228       0.9934     9.3485     2.6513
W229       0.9959     9.3485     2.6513
W230       0.993      9.3485     2.6513
W231       0.9961     9.3485     2.6513
W232       0.9943     9.3485     2.6513
W233       0.994      9.3485     2.6513
W234       0.9956     9.3485     2.6513
W235       0.9952     9.3485     2.6513
W236       0.9956     9.3485     2.6513
W237       0.9947     2.4194     5.1652
W238       0.994      2.4194     5.1652
W239       0.9944     2.4194     5.1652
W240       0.9951     2.4194     5.1652
W241       0.9949     9.3485     2.6513
W242       0.9955     9.3485     2.6513
W243       0.9957     9.3485     2.6513
W244       0.9948     9.3485     2.6513
W245       0.9936     9.3485     2.6513
W246       0.9953     9.3485     2.6513
W247       0.9952     9.3485     2.6513
W248       0.9943     9.3485     2.6513
W249       0.9924     9.3485     2.6513
W250       0.9935     9.3485     2.6513
W251       0.9934     9.3485     2.6513
W252       0.9946     9.3485     2.6513
W253       0.9947     9.3485     2.6513
W254       0.9937     9.3485     2.6513
W255       0.9943     9.3485     2.6513
W256       0.996      9.3485     2.6513
W257       0.9951     9.3485     2.6513
W258       0.9952     9.3485     2.6513
W259       0.9951     9.3485     2.6513
W260       0.9937     9.3485     2.6513
W261       0.9941     9.3485     2.6513
W262       0.9943     9.3485     2.6513
W263       0.9949     9.3485     2.6513
W264       0.9942     9.3485     2.6513
W265       0.9954     9.3485     2.6513
W266       0.9949     9.3485     2.6513
W267       0.9947     9.3485     2.6513
W268       0.9948     9.3485     2.6513
W269       0.9956     9.3485     2.6513
W270       0.9946     9.3485     2.6513
W271       0.9949     2.4194     5.1652
W272       0.9939     2.4194     5.1652
W273       0.9939     2.4194     5.1652
W274       0.9954     2.4194     5.1652
W275       0.995      9.3485     2.6513
W276       0.9934     9.3485     2.6513
W277       0.9957     9.3485     2.6513
W278       0.995      9.3485     2.6513
W279       0.9946     9.3485     2.6513
W280       0.9959     9.3485     2.6513
W281       0.9957     9.3485     2.6513
W282       0.9956     9.3485     2.6513
W283       0.997      9.3485     2.6513
W284       0.995      9.3485     2.6513
W285       0.9913     9.3485     2.6513
W286       0.9949     9.3485     2.6513
W287       0.9935     9.3485     2.6513
W288       0.9953     9.3485     2.6513
W289       0.9946     9.3485     2.6513
W290       0.9948     9.3485     2.6513
W291       0.994      9.3485     2.6513
W292       0.9943     9.3485     2.6513
W293       0.9949     9.3485     2.6513
W294       0.9939     9.3485     2.6513
W295       0.9942     9.3485     2.6513
W296       0.9952     9.3485     2.6513
W297       0.9948     9.3485     2.6513
W298       0.995      9.3485     2.6513
W299       0.9946     9.3485     2.6513
W300       0.9927     9.3485     2.6513
W301       0.9943     9.3485     2.6513
W302       0.9941     9.3485     2.6513
W303       0.9942     9.3485     2.6513
W304       0.9941     9.3485     2.6513
W305       0.9948     2.4194     5.1652
W306       0.995      2.4194     5.1652
W307       0.9954     2.4194     5.1652
W308       0.9955     2.4194     5.1652
W309       0.9931     9.3485     2.6513
W310       0.994      9.3485     2.6513
W311       0.9957     9.3485     2.6513
W312       0.9939     9.3485     2.6513
W313       0.9951     9.3485     2.6513
W314       0.9935     9.3485     2.6513
W315       0.9962     9.3485     2.6513
W316       0.9951     9.3485     2.6513
W317       0.9947     9.3485     2.6513
W318       0.9945     9.3485     2.6513
W319       0.9926     9.3485     2.6513
W320       0.9953     9.3485     2.6513
W321       0.9961     9.3485     2.6513
W322       0.9961     9.3485     2.6513
W323       0.9947     9.3485     2.6513
W324       0.9946     9.3485     2.6513
W325       0.9945     9.3485     2.6513
W326       0.9964     9.3485     2.6513
W327       0.9943     9.3485     2.6513
W328       0.9941     9.3485     2.6513
W329       0.994      9.3485     2.6513
W330       0.9942     9.3485     2.6513
W331       0.9957     9.3485     2.6513
W332       0.9955     9.3485     2.6513
W333       0.9954     9.3485     2.6513
W334       0.9953     9.3485     2.6513
W335       0.9933     9.3485     2.6513
W336       0.9957     9.3485     2.6513
W337       0.9961     9.3485     2.6513
W338       0.9952     9.3485     2.6513
W339       0.9935     2.4194     5.1652
W340       0.9943     2.4194     5.1652
W341       0.9933     2.4194     5.1652
W342       0.9869     2.4194     5.1652
W343       0.9935     9.3485     2.6513
W344       0.9953     9.3485     2.6513
W345       0.9956     9.3485     2.6513
W346       0.995      9.3485     2.6513
W347       0.9946     9.3485     2.6513
W348       0.9932     9.3485     2.6513
W349       0.9952     9.3485     2.6513
W350       0.9951     9.3485     2.6513
W351       0.9959     9.3485     2.6513
W352       0.9946     9.3485     2.6513
W353       0.9927     9.3485     2.6513
W354       0.9938     9.3485     2.6513
W355       0.9947     9.3485     2.6513
W356       0.9957     9.3485     2.6513
W357       0.9933     9.3485     2.6513
W358       0.9942     9.3485     2.6513
W359       0.9953     9.3485     2.6513
W360       0.9931     9.3485     2.6513
W361       0.9958     9.3485     2.6513
W362       0.995      9.3485     2.6513
W363       0.9933     9.3485     2.6513
W364       0.9944     9.3485     2.6513
W365       0.9952     9.3485     2.6513
W366       0.995      9.3485     2.6513
W367       0.9942     9.3485     2.6513
W368       0.9949     9.3485     2.6513
W369       0.9958     9.3485     2.6513
W370       0.9951     9.3485     2.6513
W371       0.9961     9.3485     2.6513
W372       0.9954     9.3485     2.6513
W373       0.9952     2.4194     5.1652
W374       0.9945     2.4194     5.1652
W375       0.9941     2.4194     5.1652
W376       0.9953     2.4194     5.1652
W377       0.9945     9.3485     2.6513
W378       0.9955     9.3485     2.6513
W379       0.996      9.3485     2.6513
W380       0.9953     9.3485     2.6513
W381       0.9954     9.3485     2.6513
W382       0.9946     9.3485     2.6513
W383       0.9936     9.3485     2.6513
W384       0.9959     9.3485     2.6513
W385       0.9957     9.3485     2.6513
W386       0.9947     9.3485     2.6513
W387       0.994      9.3485     2.6513
W388       0.995      9.3485     2.6513
W389       0.9965     9.3485     2.6513
W390       0.9945     9.3485     2.6513
W391       0.9949     9.3485     2.6513
W392       0.994      9.3485     2.6513
W393       0.9946     9.3485     2.6513
W394       0.9964     9.3485     2.6513
W395       0.9958     9.3485     2.6513
W396       0.9959     9.3485     2.6513
W397       0.9951     9.3485     2.6513
W398       0.9933     9.3485     2.6513
W399       0.9955     9.3485     2.6513
W400       0.9939     9.3485     2.6513
W401       0.9963     9.3485     2.6513
W402       0.9933     9.3485     2.6513
W403       0.9926     9.3485     2.6513
W404       0.9948     9.3485     2.6513
W405       0.995      9.3485     2.6513
W406       0.9957     9.3485     2.6513
W407       0.9934     2.4194     5.1652
W408       0.9951     2.4194     5.1652
W409       0.9947     2.4194     5.1652
W410       0.9942     2.4194     5.1652
W411       0.9937     9.3485     2.6513
W412       0.9945     9.3485     2.6513
W413       0.9955     9.3485     2.6513
W414       0.9942     9.3485     2.6513
W415       0.9949     9.3485     2.6513
W416       0.9941     9.3485     2.6513
W417       0.9948     9.3485     2.6513
W418       0.9951     9.3485     2.6513
W419       0.9951     9.3485     2.6513
W420       0.995      9.3485     2.6513
W421       0.9962     9.3485     2.6513
W422       0.9951     9.3485     2.6513
W423       0.9943     9.3485     2.6513
W424       0.9943     9.3485     2.6513
W425       0.9927     9.3485     2.6513
W426       0.9938     9.3485     2.6513
W427       0.9941     9.3485     2.6513
W428       0.9955     9.3485     2.6513
W429       0.9953     9.3485     2.6513
W430       0.994      9.3485     2.6513
W431       0.9946     9.3485     2.6513
W432       0.9937     9.3485     2.6513
W433       0.9943     9.3485     2.6513
W434       0.9937     9.3485     2.6513
W435       0.9947     9.3485     2.6513
W436       0.9932     9.3485     2.6513
W437       0.995      9.3485     2.6513
W438       0.9953     9.3485     2.6513
W439       0.9957     9.3485     2.6513
W440       0.9953     9.3485     2.6513
W441       0.9946     2.4194     5.1652
W442       0.9951     2.4194     5.1652
W443       0.9955     2.4194     5.1652
W444       0.9923     2.4194     5.1652
W445       0.9953     9.3485     2.6513
W446       0.9955     9.3485     2.6513
W447       0.9945     9.3485     2.6513
W448       0.9961     9.3485     2.6513
W449       0.9946     9.3485     2.6513
W450       0.9945     9.3485     2.6513
W451       0.9944     9.3485     2.6513
W452       0.995      9.3485     2.6513
W453       0.995      9.3485     2.6513
W454       0.9942     9.3485     2.6513
W455       0.995      9.3485     2.6513
W456       0.9939     9.3485     2.6513
W457       0.9965     9.3485     2.6513
W458       0.9949     9.3485     2.6513
W459       0.9936     9.3485     2.6513
W460       0.9927     9.3485     2.6513
W461       0.9937     9.3485     2.6513
W462       0.9948     9.3485     2.6513
W463       0.9955     9.3485     2.6513
W464       0.995      9.3485     2.6513
W465       0.9935     9.3485     2.6513
W466       0.9936     9.3485     2.6513
W467       0.9944     9.3485     2.6513
W468       0.9948     9.3485     2.6513
W469       0.9941     9.3485     2.6513
W470       0.9942     9.3485     2.6513
W471       0.9948     9.3485     2.6513
W472       0.995      9.3485     2.6513
W473       0.9941     9.3485     2.6513
W474       0.9942     9.3485     2.6513
W475       0.9942     2.4194     5.1652
W476       0.995      2.4194     5.1652
W477       0.9918     2.4194     5.1652
W478       0.9945     2.4194     5.1652
W479       0.9938     9.3485     2.6513
W480       0.9934     9.3485     2.6513
W481       0.9951     9.3485     2.6513
W482       0.9938     9.3485     2.6513
W483       0.9936     9.3485     2.6513
W484       0.9947     9.3485     2.6513
W485       0.9939     9.3485     2.6513
W486       0.9944     9.3485     2.6513
W487       0.9945     9.3485     2.6513
W488       0.9922     9.3485     2.6513
W489       0.9944     9.3485     2.6513
W490       0.9935     9.3485     2.6513
W497       0.9958     9.3485     2.6513
W498       0.9956     9.3485     2.6513
W499       0.9946     9.3485     2.6513
W500       0.9941     9.3485     2.6513
W501       0.9944     9.3485     2.6513
W502       0.9941     9.3485     2.6513
W503       0.9927     9.3485     2.6513
W504       0.9936     9.3485     2.6513
W505       0.9959     9.3485     2.6513
W506       0.9957     9.3485     2.6513
W507       0.9936     9.3485     2.6513
W508       0.9943     9.3485     2.6513
W509       0.9942     2.4194     5.1652
W510       0.9932     2.4194     5.1652
W511       0.9952     2.4194     5.1652
W512       0.9947     2.4194     5.1652
W513       0.9932     9.3485     2.6513
W514       0.9962     9.3485     2.6513
W515       0.9942     9.3485     2.6513
W516       0.9963     9.3485     2.6513
W517       0.9937     9.3485     2.6513
W518       0.9941     9.3485     2.6513
W519       0.9942     9.3485     2.6513
W520       0.9955     9.3485     2.6513
W521       0.9952     9.3485     2.6513
W522       0.9941     9.3485     2.6513
W523       0.9953     9.3485     2.6513
W524       0.995      9.3485     2.6513
W531       0.995      9.3485     2.6513
W532       0.9958     9.3485     2.6513
W533       0.9953     9.3485     2.6513
W534       0.9945     9.3485     2.6513
W535       0.993      9.3485     2.6513
W536       0.9954     9.3485     2.6513
W537       0.9943     9.3485     2.6513
W538       0.9946     9.3485     2.6513
W539       0.9969     9.3485     2.6513
W540       0.9955     9.3485     2.6513
W541       0.9941     9.3485     2.6513
W542       0.9942     9.3485     2.6513
W543       0.9944     2.4194     5.1652
W544       0.9958     2.4194     5.1652
W545       0.9949     2.4194     5.1652
W546       0.9946     2.4194     5.1652
W547       0.9927     9.3485     2.6513
W548       0.995      9.3485     2.6513
W549       0.9941     9.3485     2.6513
W550       0.9943     9.3485     2.6513
W551       0.9946     9.3485     2.6513
W552       0.9934     9.3485     2.6513
W553       0.9939     9.3485     2.6513
W554       0.9939     9.3485     2.6513
W555       0.9933     9.3485     2.6513
W556       0.9933     9.3485     2.6513
W557       0.9942     9.3485     2.6513
W558       0.9954     9.3485     2.6513
W565       0.9968     9.3485     2.6513
W566       0.9939     9.3485     2.6513
W567       0.9948     9.3485     2.6513
W568       0.9939     9.3485     2.6513
W569       0.9953     9.3485     2.6513
W570       0.995      9.3485     2.6513
W571       0.9926     9.3485     2.6513
W572       0.9935     9.3485     2.6513
W573       0.9924     9.3485     2.6513
W574       0.9937     9.3485     2.6513
W575       0.9953     9.3485     2.6513
W576       0.9921     9.3485     2.6513
W577       0.9954     2.4194     5.1652
W578       0.9949     2.4194     5.1652
W579       0.9938     2.4194     5.1652
W580       0.994      2.4194     5.1652
W581       0.994      9.3485     2.6513
W582       0.9948     9.3485     2.6513
W583       0.9953     9.3485     2.6513
W584       0.9958     9.3485     2.6513
W585       0.9945     9.3485     2.6513
W586       0.9935     9.3485     2.6513
W587       0.994      9.3485     2.6513
W588       0.9942     9.3485     2.6513
W589       0.9943     9.3485     2.6513
W590       0.9945     9.3485     2.6513
W591       0.9946     9.3485     2.6513
W592       0.9948     9.3485     2.6513
W599       0.9959     9.3485     2.6513
W600       0.9952     9.3485     2.6513
W601       0.9937     9.3485     2.6513
W602       0.9947     9.3485     2.6513
W603       0.9958     9.3485     2.6513
W604       0.9951     9.3485     2.6513
W605       0.995      9.3485     2.6513
W606       0.9941     9.3485     2.6513
W607       0.9948     9.3485     2.6513
W608       0.9952     9.3485     2.6513
W609       0.9938     9.3485     2.6513
W610       0.9934     9.3485     2.6513
W611       0.9948     2.4194     5.1652
W612       0.995      2.4194     5.1652
W613       0.9936     2.4194     5.1652
W614       0.9942     2.4194     5.1652
W615       0.9947     9.3485     2.6513
W616       0.9959     9.3485     2.6513
W617       0.9951     9.3485     2.6513
W618       0.9948     9.3485     2.6513
W619       0.9945     9.3485     2.6513
W620       0.9956     9.3485     2.6513
W621       0.996      9.3485     2.6513
W622       0.9946     9.3485     2.6513
W623       0.9952     9.3485     2.6513
W624       0.9957     9.3485     2.6513
W625       0.9945     9.3485     2.6513
W626       0.9952     9.3485     2.6513
W633       0.9957     9.3485     2.6513
W634       0.995      9.3485     2.6513
W635       0.9951     9.3485     2.6513
W636       0.9951     9.3485     2.6513
W637       0.9949     9.3485     2.6513
W638       0.9942     9.3485     2.6513
W639       0.9948     9.3485     2.6513
W640       0.9946     9.3485     2.6513
W641       0.9953     9.3485     2.6513
W642       0.9953     9.3485     2.6513
W643       0.9937     9.3485     2.6513
W644       0.9951     9.3485     2.6513
W645       0.9946     2.4194     5.1652
W646       0.9951     2.4194     5.1652
W647       0.9954     2.4194     5.1652
W648       0.9949     2.4194     5.1652
W649       0.9939     9.3485     2.6513
W650       0.995      9.3485     2.6513
W651       0.9964     9.3485     2.6513
W652       0.9958     9.3485     2.6513
W653       0.9941     9.3485     2.6513
W654       0.994      9.3485     2.6513
W655       0.9939     9.3485     2.6513
W656       0.9951     9.3485     2.6513
W657       0.9939     9.3485     2.6513
W658       0.9932     9.3485     2.6513
W659       0.9935     9.3485     2.6513
W660       0.9958     9.3485     2.6513
W667       0.9945     9.3485     2.6513
W668       0.9947     9.3485     2.6513
W669       0.9943     9.3485     2.6513
W670       0.9947     9.3485     2.6513
W671       0.9955     9.3485     2.6513
W672       0.9941     9.3485     2.6513
W673       0.9936     9.3485     2.6513
W674       0.994      9.3485     2.6513
W675       0.9951     9.3485     2.6513
W676       0.9953     9.3485     2.6513
W677       0.9944     9.3485     2.6513
W678       0.9942     9.3485     2.6513
W679       0.994      2.4194     5.1652
W680       0.9949     2.4194     5.1652
W681       0.9953     2.4194     5.1652
W682       0.9944     2.4194     5.1652
W683       0.9945     9.3485     2.6513
W684       0.9939     9.3485     2.6513
W685       0.9953     9.3485     2.6513
W686       0.9953     9.3485     2.6513
W687       0.9947     9.3485     2.6513
W688       0.9945     9.3485     2.6513
W689       0.9923     9.3485     2.6513
W690       0.9949     9.3485     2.6513
W691       0.9967     9.3485     2.6513
W692       0.9951     9.3485     2.6513
W693       0.9952     9.3485     2.6513
W694       0.9955     9.3485     2.6513
W695       0.9947     9.3485     2.6513
W696       0.996      9.3485     2.6513
W697       0.9936     9.3485     2.6513
W698       0.9945     9.3485     2.6513
W699       0.9945     9.3485     2.6513
W700       0.9966     9.3485     2.6513
W701       0.9957     9.3485     2.6513
W702       0.9922     9.3485     2.6513
W703       0.9918     9.3485     2.6513
W704       0.9935     9.3485     2.6513
W705       0.9959     9.3485     2.6513
W706       0.9951     9.3485     2.6513
W707       0.996      9.3485     2.6513
W708       0.9933     9.3485     2.6513
W709       0.9952     9.3485     2.6513
W710       0.9933     9.3485     2.6513
W711       0.9949     9.3485     2.6513
W712       0.9944     9.3485     2.6513
W713       0.9935     2.4194     5.1652
W714       0.995      2.4194     5.1652
W715       0.9958     2.4194     5.1652
W716       0.9929     2.4194     5.1652
W717       0.9948     9.3485     2.6513
W718       0.9962     9.3485     2.6513
W719       0.9948     9.3485     2.6513
W720       0.9931     9.3485     2.6513
W721       0.9949     9.3485     2.6513
W722       0.9962     9.3485     2.6513
W723       0.9961     9.3485     2.6513
W724       0.9945     9.3485     2.6513
W725       0.9956     9.3485     2.6513
W726       0.9952     9.3485     2.6513
W727       0.9946     9.3485     2.6513
W728       0.9947     9.3485     2.6513
W729       0.9956     9.3485     2.6513
W730       0.9943     9.3485     2.6513
W731       0.9943     9.3485     2.6513
W732       0.9945     9.3485     2.6513
W733       0.9951     9.3485     2.6513
W734       0.9949     9.3485     2.6513
W735       0.9944     9.3485     2.6513
W736       0.9946     9.3485     2.6513
W737       0.9953     9.3485     2.6513
W738       0.9933     9.3485     2.6513
W739       0.9945     9.3485     2.6513
W740       0.9944     9.3485     2.6513
W741       0.9943     9.3485     2.6513
W742       0.9943     9.3485     2.6513
W743       0.9939     9.3485     2.6513
W744       0.9927     9.3485     2.6513
W745       0.9942     9.3485     2.6513
W746       0.9946     9.3485     2.6513
W747       0.9958     2.4194     5.1652
W748       0.9951     2.4194     5.1652
W749       0.9915     2.4194     5.1652
W750       0.9904     2.4194     5.1652
W751       0.9928     9.3485     2.6513
W752       0.9946     9.3485     2.6513
W753       0.9935     9.3485     2.6513
W754       0.9904     9.3485     2.6513
W755       0.9936     9.3485     2.6513
W756       0.9937     9.3485     2.6513
W757       0.9934     9.3485     2.6513
W758       0.9937     9.3485     2.6513
W759       0.9893     9.3485     2.6513
W760       0.9927     9.3485     2.6513
W761       0.9933     9.3485     2.6513
W762       0.9912     9.3485     2.6513
W763       0.9927     9.3485     2.6513
W764       0.9922     9.3485     2.6513
W765       0.9936     9.3485     2.6513
W766       0.9951     9.3485     2.6513
W767       0.9919     9.3485     2.6513
W768       0.9943     9.3485     2.6513
W769       0.9932     9.3485     2.6513
W770       0.9929     9.3485     2.6513
W771       0.9935     9.3485     2.6513
W772       0.9932     9.3485     2.6513
W773       0.9949     9.3485     2.6513
W774       0.995      9.3485     2.6513
W775       0.9918     9.3485     2.6513
W776       0.995      9.3485     2.6513
W777       0.9934     9.3485     2.6513
W778       0.9935     9.3485     2.6513
W779       0.9959     9.3485     2.6513
W780       0.9949     9.3485     2.6513
W781       0.9952     2.4194     5.1652
W782       0.9943     2.4194     5.1652
W783       0.9944     2.4194     5.1652
W784       0.9953     2.4194     5.1652
W785       0.9941     9.3485     2.6513
W786       0.9951     9.3485     2.6513
W787       0.9953     9.3485     2.6513
W788       0.9949     9.3485     2.6513
W789       0.9947     9.3485     2.6513
W790       0.994      9.3485     2.6513
W791       0.9942     9.3485     2.6513
W792       0.9955     9.3485     2.6513
W793       0.9943     9.3485     2.6513
W794       0.9946     9.3485     2.6513
W795       0.9951     9.3485     2.6513
W796       0.9928     9.3485     2.6513
W797       0.9944     9.3485     2.6513
W798       0.9961     9.3485     2.6513
W799       0.9944     9.3485     2.6513
W800       0.9948     9.3485     2.6513
W801       0.9933     9.3485     2.6513
W802       0.994      9.3485     2.6513
W803       0.9945     9.3485     2.6513
W804       0.9954     9.3485     2.6513
W805       0.9938     9.3485     2.6513
W806       0.994      9.3485     2.6513
W807       0.9951     9.3485     2.6513
W808       0.995      9.3485     2.6513
W809       0.9952     9.3485     2.6513
W810       0.9949     9.3485     2.6513
W811       0.9942     9.3485     2.6513
W812       0.9935     9.3485     2.6513
W813       0.9952     9.3485     2.6513
W814       0.9955     9.3485     2.6513
W815       0.9945     2.4194     5.1652
W816       0.9935     2.4194     5.1652
W817       0.9946     2.4194     5.1652
W818       0.9944     2.4194     5.1652
W819       0.9956     9.3485     2.6513
W820       0.9938     9.3485     2.6513
W821       0.9955     9.3485     2.6513
W822       0.9944     9.3485     2.6513
W823       0.9945     9.3485     2.6513
W824       0.0        9.3485     2.6513
W825       0.9945     9.3485     2.6513
W826       0.9947     9.3485     2.6513
W827       0.9954     9.3485     2.6513
W828       0.9945     9.3485     2.6513
W829       0.9958     9.3485     2.6513
W830       0.9953     9.3485     2.6513
W831       0.994      9.3485     2.6513
W832       0.9938     9.3485     2.6513
W833       0.9949     9.3485     2.6513
W834       0.9942     9.3485     2.6513
W835       0.0        9.3485     2.6513
W836       0.9948     9.3485     2.6513
W837       0.9957     9.3485     2.6513
W838       0.9947     9.3485     2.6513
W839       0.9964     9.3485     2.6513
W840       0.9956     9.3485     2.6513
W841       0.994      9.3485     2.6513
W842       0.9943     9.3485     2.6513
W843       0.9944     9.3485     2.6513
W844       0.9957     9.3485     2.6513
W845       0.9956     9.3485     2.6513
W846       0.9956     9.3485     2.6513
W847       0.9948     9.3485     2.6513
W848       0.9945     9.3485     2.6513
W849       0.9944     2.4194     5.1652
W850       0.9945     2.4194     5.1652
W851       0.9957     2.4194     5.1652
W852       0.9949     2.4194     5.1652
W853       0.9945     9.3485     2.6513
W854       0.9934     9.3485     2.6513
W855       0.9959     9.3485     2.6513
W856       0.9954     9.3485     2.6513
W857       0.9942     9.3485     2.6513
W858       0.9918     9.3485     2.6513
W859       0.9935     9.3485     2.6513
W860       0.995      9.3485     2.6513
W861       0.9953     9.3485     2.6513
W862       0.9954     9.3485     2.6513
W863       0.9949     9.3485     2.6513
W864       0.9941     9.3485     2.6513
W865       0.9951     9.3485     2.6513
W866       0.9955     9.3485     2.6513
W867       0.9941     9.3485     2.6513
W868       0.9945     9.3485     2.6513
W869       0.993      9.3485     2.6513
W870       0.9947     9.3485     2.6513
W871       0.9947     9.3485     2.6513
W872       0.9947     9.3485     2.6513
W873       0.9946     9.3485     2.6513
W874       0.9945     9.3485     2.6513
W875       0.996      9.3485     2.6513
W876       0.9952     9.3485     2.6513
W877       0.9955     9.3485     2.6513
W878       0.9948     9.3485     2.6513
W879       0.9953     9.3485     2.6513
W880       0.9961     9.3485     2.6513
W881       0.9952     9.3485     2.6513
W882       0.9943     9.3485     2.6513
W883       0.9925     2.4194     5.1652
W884       0.9944     2.4194     5.1652
W885       0.9934     2.4194     5.1652
W886       0.9952     2.4194     5.1652
W887       0.9955     9.3485     2.6513
W888       0.9946     9.3485     2.6513
W889       0.9937     9.3485     2.6513
W890       0.9937     9.3485     2.6513
W891       0.0        9.3485     2.6513
W892       0.9944     9.3485     2.6513
W893       0.9948     9.3485     2.6513
W894       0.9945     9.3485     2.6513
W895       0.9941     9.3485     2.6513
W896       0.9938     9.3485     2.6513
W897       0.9949     9.3485     2.6513
W898       0.9949     9.3485     2.6513
W899       0.9944     9.3485     2.6513
W900       0.993      9.3485     2.6513
W901       0.9937     9.3485     2.6513
W902       0.9952     9.3485     2.6513
W903       0.9949     9.3485     2.6513
W904       0.995      9.3485     2.6513
W905       0.9936     9.3485     2.6513
W906       0.9949     9.3485     2.6513
W907       0.9948     9.3485     2.6513
W908       0.9941     9.3485     2.6513
W909       0.994      9.3485     2.6513
W910       0.9932     9.3485     2.6513
W911       0.9943     9.3485     2.6513
W912       0.9941     9.3485     2.6513
W913       0.9948     9.3485     2.6513
W914       0.9938     9.3485     2.6513
W915       0.9949     9.3485     2.6513
W916       0.9969     9.3485     2.6513
W917       0.9965     2.4194     5.1652
W918       0.997      2.4194     5.1652
W919       0.9955     2.4194     5.1652
W920       0.995      2.4194     5.1652
W921       0.9961     9.3485     2.6513
W922       0.9941     9.3485     2.6513
W923       0.9943     9.3485     2.6513
W924       0.9937     9.3485     2.6513
W925       0.9938     9.3485     2.6513
W926       0.9936     9.3485     2.6513
W927       0.9947     9.3485     2.6513
W928       0.9961     9.3485     2.6513
W929       0.9937     9.3485     2.6513
W930       0.9939     9.3485     2.6513
W931       0.9945     9.3485     2.6513
W932       0.9941     9.3485     2.6513
W933       0.9946     9.3485     2.6513
W934       0.995      9.3485     2.6513
W935       0.9933     9.3485     2.6513
W936       0.9915     9.3485     2.6513
W937       0.9919     9.3485     2.6513
W938       0.9939     9.3485     2.6513
W939       0.9925     9.3485     2.6513
W940       0.9927     9.3485     2.6513
W941       0.9925     9.3485     2.6513
W942       0.9937     9.3485     2.6513
W943       0.9951     9.3485     2.6513
W944       0.994      9.3485     2.6513
W945       0.9929     9.3485     2.6513
W946       0.9942     9.3485     2.6513
W947       0.9954     9.3485     2.6513
W948       0.9931     9.3485     2.6513
W949       0.9934     9.3485     2.6513
W950       0.9939     9.3485     2.6513
W951       0.9943     2.4194     5.1652
W952       0.993      2.4194     5.1652
W953       0.9944     2.4194     5.1652
W954       0.9936     2.4194     5.1652
W955       0.9934     9.3485     2.6513
W956       0.9948     9.3485     2.6513
W957       0.9956     9.3485     2.6513
W958       0.9931     9.3485     2.6513
W959       0.9938     9.3485     2.6513
W960       0.9941     9.3485     2.6513
W961       0.9954     9.3485     2.6513
W962       0.9941     9.3485     2.6513
W963       0.9947     9.3485     2.6513
W964       0.9943     9.3485     2.6513
W965       0.9941     9.3485     2.6513
W966       0.9955     9.3485     2.6513
W967       0.995      9.3485     2.6513
W968       0.9937     9.3485     2.6513
W969       0.9931     9.3485     2.6513
W970       0.9943     9.3485     2.6513
W971       0.9945     9.3485     2.6513
W972       0.9938     9.3485     2.6513
W973       0.9938     9.3485     2.6513
W974       0.9948     9.3485     2.6513
W975       0.9946     9.3485     2.6513
W976       0.994      9.3485     2.6513
W977       0.994      9.3485     2.6513
W978       0.9951     9.3485     2.6513
W979       0.9953     9.3485     2.6513
W980       0.9951     9.3485     2.6513
W981       0.9944     9.3485     2.6513
W982       0.9941     9.3485     2.6513
W983       0.9939     9.3485     2.6513
W984       0.9953     9.3485     2.6513
W985       0.9938     2.4194     5.1652
W986       0.9941     2.4194     5.1652
W987       0.9951     2.4194     5.1652
W988       0.9945     2.4194     5.1652
W989       0.9955     9.3485     2.6513
W990       0.9934     9.3485     2.6513
W991       0.9931     9.3485     2.6513
W992       0.9944     9.3485     2.6513
W993       0.9955     9.3485     2.6513
W994       0.9954     9.3485     2.6513
W995       0.9951     9.3485     2.6513
W996       0.9939     9.3485     2.6513
W997       0.9941     9.3485     2.6513
W998       0.9963     9.3485     2.6513
W999       0.9962     9.3485     2.6513
W1000      0.9946     9.3485     2.6513
W1001      0.9944     9.3485     2.6513
W1002      0.9943     9.3485     2.6513
W1003      0.9944     9.3485     2.6513
W1004      0.9953     9.3485     2.6513
W1005      0.9943     9.3485     2.6513
W1006      0.9943     9.3485     2.6513
W1007      0.9951     9.3485     2.6513
W1008      0.9949     9.3485     2.6513
W1009      0.9942     9.3485     2.6513
W1010      0.9963     9.3485     2.6513
W1011      0.9942     9.3485     2.6513
W1012      0.9933     9.3485     2.6513
W1013      0.9948     9.3485     2.6513
W1014      0.9947     9.3485     2.6513
W1015      0.9935     9.3485     2.6513
W1016      0.9939     9.3485     2.6513
W1017      0.9949     9.3485     2.6513
W1018      0.9953     9.3485     2.6513
W1019      0.9944     2.4194     5.1652
W1020      -0.055     2.4194     5.1652
W1021      0.9958     2.4194     5.1652
W1022      0.9928     2.4194     5.1652
W1023      0.9954     9.3485     2.6513
W1024      0.9948     9.3485     2.6513
W1025      0.995      9.3485     2.6513
W1026      0.9956     9.3485     2.6513
W1027      0.9945     9.3485     2.6513
W1028      0.9947     9.3485     2.6513
W1029      0.9949     9.3485     2.6513
W1030      0.9953     9.3485     2.6513
W1031      0.9955     9.3485     2.6513
W1032      0.9956     9.3485     2.6513
W1033      0.9953     9.3485     2.6513
W1034      0.9945     9.3485     2.6513
W1035      0.9954     9.3485     2.6513
W1036      0.9951     9.3485     2.6513
W1037      0.9947     9.3485     2.6513
W1038      0.9936     9.3485     2.6513
W1039      0.9946     9.3485     2.6513
W1040      0.995      9.3485     2.6513
W1041      0.9951     9.3485     2.6513
W1042      0.9955     9.3485     2.6513
W1043      0.9928     9.3485     2.6513
W1044      0.9944     9.3485     2.6513
W1045      0.9941     9.3485     2.6513
W1046      0.9961     9.3485     2.6513
W1047      0.9946     9.3485     2.6513
W1048      0.9955     9.3485     2.6513
W1049      0.9946     9.3485     2.6513
W1050      0.9947     9.3485     2.6513
W1051      0.9956     9.3485     2.6513
W1052      0.9958     9.3485     2.6513
W1053      0.9944     2.4194     5.1652
W1054      0.9945     2.4194     5.1652
W1055      0.9954     2.4194     5.1652
W1056      0.994      2.4194     5.1652
W1057      0.9936     9.3485     2.6513
W1058      0.9941     9.3485     2.6513
W1059      0.9949     9.3485     2.6513
W1060      0.995      9.3485     2.6513
W1061      0.995      9.3485     2.6513
W1062      0.9948     9.3485     2.6513
W1063      0.9955     9.3485     2.6513
W1064      0.9962     9.3485     2.6513
W1065      0.9935     9.3485     2.6513
W1066      0.9947     9.3485     2.6513
W1067      0.9943     9.3485     2.6513
W1068      0.9965     9.3485     2.6513
W1069      0.9954     9.3485     2.6513
W1070      0.9952     9.3485     2.6513
W1071      0.9953     9.3485     2.6513
W1072      0.9942     9.3485     2.6513
W1073      0.995      9.3485     2.6513
W1074      0.9961     9.3485     2.6513
W1075      0.9956     9.3485     2.6513
W1076      0.9951     9.3485     2.6513
W1077      0.9945     9.3485     2.6513
W1078      0.9955     9.3485     2.6513
W1079      0.9934     9.3485     2.6513
W1080      0.9951     9.3485     2.6513
W1081      0.9943     9.3485     2.6513
W1082      0.9942     9.3485     2.6513
W1083      0.995      9.3485     2.6513
W1084      0.9963     9.3485     2.6513
W1085      0.9947     9.3485     2.6513
W1086      0.994      9.3485     2.6513
W1087      0.9939     2.4194     5.1652
W1088      0.9943     2.4194     5.1652
W1089      0.9952     2.4194     5.1652
W1090      0.9944     2.4194     5.1652
W1091      0.994      2.4194     5.1652
W1092      0.9943     2.4194     5.1652
W1093      0.9948     2.4194     5.1652
W1094      0.9938     2.4194     5.1652
W1095      0.9946     2.4194     5.1652
W1096      0.9946     2.4194     5.1652
W1097      0.9941     2.4194     5.1652
W1098      0.9953     2.4194     5.1652
W1099      0.9955     2.4194     5.1652
W1100      0.9946     2.4194     5.1652
W1101      0.9945     2.4194     5.1652
W1102      0.9955     2.4194     5.1652
W1103      0.9935     2.4194     5.1652
W1104      0.9951     2.4194     5.1652
W1105      0.9926     2.4194     5.1652
W1106      0.9936     2.4194     5.1652
W1107      0.9944     2.4194     5.1652
W1108      0.9952     2.4194     5.1652
W1109      0.9946     2.4194     5.1652
W1110      0.9948     2.4194     5.1652
W1111      0.9949     2.4194     5.1652
W1112      0.9952     2.4194     5.1652
W1113      0.9943     2.4194     5.1652
W1114      0.9949     2.4194     5.1652
W1115      0.9927     2.4194     5.1652
W1116      0.9945     2.4194     5.1652
W1117      0.996      2.4194     5.1652
W1118      0.9954     2.4194     5.1652
W1119      0.9947     2.4194     5.1652
W1120      0.9947     2.4194     5.1652
W1121      0.9956     2.4194     5.1652
W1122      0.9959     2.4194     5.1652
W1123      0.9952     2.4194     5.1652
W1124      0.9957     2.4194     5.1652
W1125      0.9952     2.4194     5.1652
W1126      0.9929     2.4194     5.1652
W1127      0.9926     2.4194     5.1652
W1128      0.9955     2.4194     5.1652
W1129      0.995      2.4194     5.1652
W1130      0.9957     2.4194     5.1652
W1131      0.9945     2.4194     5.1652
W1132      0.9938     2.4194     5.1652
W1133      0.9946     2.4194     5.1652
W1134      0.9958     2.4194     5.1652
W1135      0.9925     2.4194     5.1652
W1136      0.9933     2.4194     5.1652
W1137      0.994      2.4194     5.1652
W1138      0.9947     2.4194     5.1652
W1139      0.9958     2.4194     5.1652
W1140      0.996      2.4194     5.1652
W1141      0.9933     2.4194     5.1652
W1142      0.9935     2.4194     5.1652
W1143      0.9944     2.4194     5.1652
W1144      0.9963     2.4194     5.1652
W1145      0.9945     2.4194     5.1652
W1146      0.9927     2.4194     5.1652
W1147      0.9924     2.4194     5.1652
W1148      0.9938     2.4194     5.1652
W1149      0.9954     2.4194     5.1652
W1150      0.9956     2.4194     5.1652
W1151      0.9946     2.4194     5.1652
W1152      0.9959     2.4194     5.1652
W1153      0.9948     2.4194     5.1652
W1154      0.9949     2.4194     5.1652
W1155      0.9945     2.4194     5.1652
W1156      0.9952     2.4194     5.1652
