6  23  0  297.878  2.6972
6  23  1  352.17  3.502
6  23  2  323.568  2.44672
6  23  3  439.149  3.0766
6  23  4  365.857  3.07292
6  23  5  591.081  3.52795
6  23  6  619.391  3.02671
6  23  7  459.481  3.40949
6  23  8  368.365  2.3413
6  23  9  512.741  2.84358
6  23  10  450.374  2.85299
6  23  11  367.796  3.48366
6  23  12  518.952  3.03437
6  23  13  530.436  2.49813
6  23  14  544.326  2.51724
6  23  15  626.13  2.74638
6  23  16  476.088  2.34881
6  23  17  499.201  3.12979
6  23  18  360.667  3.45901
6  23  19  370.816  2.87281
6  23  20  507.335  2.73667
6  23  21  600.778  3.27612
6  23  22  580.007  3.38515
6  23  23  601.766  2.84752
6  23  24  391.482  3.13831
6  23  25  231.658  3.16686
6  23  26  431.047  2.97091
6  23  27  329.999  2.46066
6  23  28  517.592  3.04049
6  23  29  413.665  3.81887
6  23  30  390.412  3.27913
6  23  31  371.24  3.09518
6  23  32  311.296  1.40892
6  23  33  477.454  1.4922
6  23  34  418.601  1.57062
6  23  35  299.815  1.47773
6  23  36  569.699  1.57201
6  23  37  523.189  1.63535
6  23  38  494.305  1.81394
6  23  39  408.685  1.72453
6  23  40  514.207  1.66845
6  23  41  362.367  1.55633
6  23  42  475.545  1.3696
6  23  43  386.057  1.62808
6  23  44  542.537  1.67058
6  23  45  435.212  1.52931
6  23  46  564.967  1.52361
6  23  47  474.818  1.66078
6  23  48  337.935  1.50043
6  23  49  434.392  3.43975
6  23  50  437.861  1.56311
6  23  51  345.51  1.43772
6  23  52  535.643  1.51773
6  23  53  421.552  1.53997
6  23  54  386.799  1.83029
6  23  55  602.985  2.11693
6  23  56  315.114  1.65476
6  23  57  380.061  1.12796
6  23  58  437.989  2.94118
6  23  59  290.753  2.7341
6  23  60  484.171  3.19355
6  23  61  500.554  2.66918
6  23  62  479.462  3.15361
6  23  63  513.416  3.14943
6  21  0  478.1  3.07075
6  21  1  462.02  2.52679
6  21  2  442.65  3.4179
6  21  3  442.282  3.07154
6  21  4  558.111  3.24843
6  21  6  632.616  3.08266
6  21  7  586.774  2.41335
6  21  8  472.158  3.16858
6  21  9  470.259  2.74636
6  21  10  451.387  2.60457
6  21  11  437.907  1.87953
6  21  12  563.602  2.33443
6  21  13  522.749  3.18322
6  21  14  515.484  2.49311
6  21  15  558.387  2.09968
6  21  16  460.193  2.29704
6  21  17  451.689  2.73792
6  21  18  392.98  3.63023
6  21  19  411.855  3.25279
6  21  20  544.764  2.73189
6  21  21  600.136  3.41425
6  21  22  622.215  2.49703
6  21  23  660.436  2.58218
6  21  24  480.205  2.83932
6  21  25  426.411  2.70085
6  21  26  428.711  3.42701
6  21  32  496.202  1.56753
6  21  33  487.903  1.40176
6  21  34  452.398  1.34409
6  21  35  416.083  1.41168
6  21  36  505.584  1.60837
6  21  38  521.92  1.475
6  21  39  555.682  1.37463
6  21  40  481.656  1.49276
6  21  41  441.15  1.17049
6  21  42  451.802  1.57118
6  21  43  418.384  1.4119
6  21  44  573.069  1.7769
6  21  45  515.779  1.48511
6  21  46  475.909  1.58657
6  21  47  509.231  1.63552
6  21  48  417.811  1.63915
6  21  49  420.143  1.6008
6  21  50  370.653  1.76602
6  21  51  387.137  1.68983
6  21  52  520.835  1.58872
6  21  53  558.079  1.64545
6  21  54  563.574  1.87999
6  21  55  588.304  1.73279
6  21  56  458.237  1.7212
6  21  57  444.006  1.50342
6  21  58  448.157  1.71953
6  19  0  447.19  2.93227
6  19  1  453.426  2.79728
6  19  2  426.251  3.30198
6  19  3  387.378  3.0506
6  19  4  493.013  3.68639
6  19  5  502.944  3.02197
6  19  6  515.841  2.81845
6  19  7  519.635  2.97999
6  19  8  505.771  3.39822
6  19  9  482.938  3.01745
6  19  10  487.325  3.49348
6  19  11  491.427  3.58256
6  19  12  599.974  2.89375
6  19  13  585.227  2.58383
6  19  14  549.652  3.84298
6  19  15  549.112  3.50671
6  19  16  432.65  3.08389
6  19  17  412.161  2.78468
6  19  18  352.117  2.52264
6  19  19  392.71  2.19435
6  19  20  529.507  2.78043
6  19  21  621.872  2.49465
6  19  22  524.251  3.03734
6  19  23  597.127  2.9434
6  19  24  427.793  2.41955
6  19  25  395.827  2.90364
6  19  26  366.98  2.47149
6  19  27  424.013  2.41724
6  19  28  557.707  3.20295
6  19  29  521.27  2.06041
6  19  30  546.653  2.56658
6  19  31  463.541  2.58091
6  19  32  482.011  1.07338
6  19  33  459.033  1.23537
6  19  34  384.399  1.47672
6  19  35  442.101  1.11069
6  19  36  544.972  1.61618
6  19  37  503.212  1.43592
6  19  38  575.277  1.49339
6  19  39  523.416  1.46809
6  19  40  481.312  1.47031
6  19  41  447.331  1.56489
6  19  42  434.291  1.4534
6  19  43  403.059  1.50908
6  19  44  493.524  1.28543
6  19  45  556.901  1.33715
6  19  46  506.167  1.41321
6  19  47  556.146  1.35875
6  19  48  484.748  1.20968
6  19  49  459.68  1.3774
6  19  50  419.441  1.4272
6  19  51  452.174  1.64449
6  19  52  558.728  1.34023
6  19  53  544.016  1.70269
6  19  54  540.402  1.51254
6  19  55  577.948  1.4752
6  19  56  416.511  1.10761
6  19  57  449.47  1.30702
6  19  58  430.919  1.4747
6  19  59  402.841  1.58598
6  19  60  599.946  2.20423
6  19  61  576.713  1.22502
6  19  62  567.584  1.42141
6  19  63  564.244  1.65226
6  17  0  345.875  1.20485
6  17  1  480.506  1.10048
6  17  2  323.37  1.16377
6  17  3  259.072  1.23811
6  17  4  511.249  1.1617
6  17  5  491.645  1.5514
6  17  6  460.58  1.74634
6  17  7  488.768  1.59683
6  17  8  414.222  1.13975
6  17  9  512.601  1.16189
6  17  10  397.958  1.38341
6  17  11  449.798  1.35138
6  17  12  577.433  1.56508
6  17  13  466.683  1.5743
6  17  14  477.434  1.58319
6  17  15  604.367  1.64294
6  17  16  473.124  1.1651
6  17  17  342.126  1.32327
6  17  18  291.22  1.17363
6  17  19  271.634  1.55585
6  17  20  523.94  1.20892
6  17  21  511.152  1.38587
6  17  22  560.571  1.29224
6  17  23  582.249  1.58123
6  17  24  500.303  1.29648
6  17  25  335.454  1.40875
6  17  26  325.876  1.33631
6  17  27  376.921  1.36336
6  17  28  522.786  1.5134
6  17  29  538.614  1.66948
6  17  30  531.324  1.80224
6  17  31  391.853  1.70949
6  17  32  396.731  0.841511
6  17  33  435.64  0.865495
6  17  34  525.041  0.912495
6  17  35  387.584  0.887239
6  17  36  590.159  0.911191
6  17  37  407.721  0.896069
6  17  38  423.437  1.00901
6  17  39  581.118  1.15252
6  17  40  404.1  0.838722
6  17  41  393.7  0.816405
6  17  42  439.252  0.87624
6  17  43  272.648  0.914344
6  17  44  455.865  1.0557
6  17  45  487.887  0.975513
6  17  46  458.341  1.05185
6  17  47  572.875  1.04836
6  17  48  466.012  0.878304
6  17  49  284.004  0.886137
6  17  50  407.253  0.870441
6  17  51  291.232  0.913549
6  17  52  500.56  0.94649
6  17  53  435.571  1.19155
6  17  54  459.951  1.26832
6  17  55  434.326  1.25807
6  17  56  360.492  0.831008
6  17  57  349.565  0.923622
6  17  58  325.572  1.00064
6  17  59  297.649  1.0174
6  17  60  601.753  1.22098
6  17  61  621.68  1.29956
6  17  62  554.78  1.35932
6  17  63  429.933  1.37314
6  15  0  523.543  1.14735
6  15  1  373.973  1.17969
6  15  2  469.655  1.33067
6  15  3  324.333  1.25121
6  15  4  453.48  1.28003
6  15  5  488.088  1.46438
6  15  6  534.822  1.668
6  15  10  386.38  1.23143
6  15  11  266.704  1.23909
6  15  12  399.071  1.2832
6  15  13  477.993  1.37904
6  15  14  355.053  1.37066
6  15  15  588.157  1.4811
6  15  16  382.149  0.885503
6  15  17  491.358  1.46961
6  15  18  316.964  14.898
6  15  19  368.083  0.9279
6  15  20  355.794  0.987634
6  15  21  507.366  1.24523
6  15  22  475.626  1.21425
6  15  23  608.625  1.15056
6  15  24  447.92  0.831756
6  15  32  544.356  0.906023
6  15  33  451.465  0.869639
6  15  34  415.18  0.994448
6  15  35  478.213  0.817902
6  15  36  422.677  0.846505
6  15  40  510.006  0.902564
6  15  41  452.032  0.996888
6  15  42  480.64  0.991575
6  15  43  343.42  1.07335
6  15  44  515.405  1.03324
6  15  45  581.674  1.00108
6  15  46  421.808  0.989553
6  15  47  370.158  1.03207
6  15  48  548.151  0.857841
6  15  49  445.793  0.925504
6  15  50  424.001  0.884216
6  15  51  303.038  0.976823
6  15  52  451.947  0.889393
6  15  53  638.041  1.10031
6  15  54  646.222  1.18101
6  15  55  604.291  1.13502
6  15  56  464.916  0.870612
6  15  57  441.812  0.929896
6  15  58  358.68  0.887141
6  13  0  307.049  0.991669
6  13  1  249.281  1.11846
6  13  2  332.774  1.19907
6  13  3  275.808  1.13629
6  13  4  395.085  1.143
6  13  5  312.795  1.24161
6  13  6  373.104  1.52152
6  13  7  353.167  1.45945
6  13  8  351.128  1.08943
6  13  9  353.098  1.16197
6  13  10  380.093  1.24605
6  13  11  347.045  1.15797
6  13  12  395.073  1.34601
6  13  13  424.744  1.24004
6  13  14  337.288  1.28775
6  13  15  443.542  1.4112
6  13  16  329.549  0.907965
6  13  17  296.02  0.924139
6  13  18  209.255  1.01027
6  13  19  227.612  1.04594
6  13  20  416.878  0.949021
6  13  21  488.258  1.12335
6  13  22  397.708  1.24513
6  13  23  393.145  1.22661
6  13  24  272.008  0.917156
6  13  25  274.106  1.0212
6  13  26  221.518  1.07983
6  13  27  277.757  1.12139
6  13  28  299.08  1.26834
6  13  29  371.905  1.32415
6  13  30  452.861  1.38564
6  13  31  300.848  1.46811
6  13  32  344.084  1.09071
6  13  33  397.485  1.01798
6  13  34  345.036  1.25763
6  13  35  274.261  1.12316
6  13  36  406.909  1.35059
6  13  37  372.335  1.2548
6  13  38  435.297  1.34495
6  13  39  424.728  1.25315
6  13  40  380.955  1.23944
6  13  41  363.388  1.19159
6  13  42  301.508  1.28118
6  13  43  303.109  1.22502
6  13  44  441.884  1.47666
6  13  45  435.495  1.42398
6  13  46  359.934  1.25947
6  13  47  453.453  1.26471
6  13  48  353.356  1.16512
6  13  49  292.993  1.26353
6  13  50  275.642  0.925215
6  13  51  274.786  1.02256
6  13  52  380.953  0.964602
6  13  53  447.931  1.17841
6  13  54  378.861  1.3492
6  13  55  383.906  1.271
6  13  56  302.193  0.914852
6  13  57  330.907  1.01105
6  13  58  281.008  1.03487
6  13  59  363.589  1.14504
6  13  60  430.788  1.19466
6  13  61  409.22  1.278
6  13  62  414.496  1.31731
6  13  63  345.527  1.37772
6  11  0  526.381  1.10344
6  11  1  547.232  1.16058
6  11  2  506.728  1.31662
6  11  3  484.973  1.2604
6  11  4  665.671  1.38224
6  11  5  601.056  1.53857
6  11  6  672.805  1.82276
6  11  7  620.772  1.76013
6  11  8  584.292  1.09919
6  11  9  585.887  1.15639
6  11  10  558.745  1.26341
6  11  11  549.174  1.21378
6  11  12  624.745  1.40572
6  11  13  627.157  1.40025
6  11  14  576.078  1.33962
6  11  15  636.79  1.54021
6  11  16  596.836  0.857431
6  11  17  545.468  0.948098
6  11  18  438.534  0.900308
6  11  19  476.64  0.913647
6  11  20  624.99  0.895937
6  11  21  611.391  1.22769
6  11  22  656.851  1.19521
6  11  23  720.749  1.19238
6  11  24  523.331  0.861604
6  11  25  527.972  0.872357
6  11  26  485.394  1.01747
6  11  27  511.04  1.06208
6  11  28  669.408  1.18956
6  11  29  556.678  1.6599
6  11  30  637.563  1.31665
6  11  31  618.101  1.30301
6  11  32  569.61  0.761554
6  11  33  562.625  0.771833
6  11  34  569.826  0.747133
6  11  35  558.387  0.845376
6  11  36  613.627  0.764557
6  11  37  614.442  0.822057
6  11  38  677.499  0.96635
6  11  41  544.932  0.871231
6  11  42  534.46  0.856539
6  11  43  512.297  0.839537
6  11  44  635.268  1.10335
6  11  45  614.352  0.885701
6  11  46  560.919  1.11356
6  11  47  626.864  0.987767
6  11  48  514.044  0.906832
6  11  49  452.205  0.956274
6  11  50  440.971  1.02612
6  11  51  458.168  1.02205
6  11  52  584.8  0.969246
6  11  53  620.394  1.20708
6  11  54  615.929  1.28133
6  11  55  638.096  1.30793
6  11  56  527.034  0.88701
6  9  0  465.7  1.13845
6  9  1  394.079  1.1513
6  9  2  413.837  1.24117
6  9  3  419.948  1.33341
6  9  4  494.86  1.20641
6  9  5  521.977  1.44553
6  9  6  591.725  1.44582
6  9  9  477.186  1.16608
6  9  10  483.766  1.30455
6  9  11  457.008  1.31868
6  9  12  526.494  1.33929
6  9  13  533.038  1.37053
6  9  14  471.984  1.24895
6  9  15  503.026  1.39722
6  9  16  399.727  0.820026
6  9  17  379.945  0.894388
6  9  18  372.094  0.847766
6  9  19  351.819  0.848205
6  9  20  467.079  0.903563
6  9  21  547.717  0.954555
6  9  22  550.75  0.989804
6  9  23  511.65  0.970452
6  9  24  411.898  0.870301
6  9  32  448.919  0.852282
6  9  33  462.394  0.839584
6  9  34  473.127  0.846738
6  9  35  440.44  0.786952
6  9  36  486.57  0.823158
6  9  37  473.325  0.833158
6  9  38  560.569  0.92257
6  9  39  499.988  0.950665
6  9  40  482.417  0.813922
6  9  41  475.8  0.843032
6  9  42  438.389  0.826052
6  9  43  398.216  0.829452
6  9  44  503.012  0.976848
6  9  45  534.577  0.932224
6  9  46  482.744  0.909726
6  9  47  495.692  0.842751
6  9  48  432.792  0.828911
6  9  49  411.216  0.843458
6  9  50  384.642  0.901512
6  9  51  394.744  0.93029
6  9  52  510.622  0.843428
6  9  53  565.027  1.00485
6  9  54  557.082  1.12522
6  9  55  608.017  1.12006
6  9  56  449.498  0.883673
6  9  57  421.428  0.920076
6  9  58  398.668  0.979601
6  9  59  420.325  0.965359
6  9  60  564.165  1.04253
6  9  61  567.527  1.0756
6  9  62  546.618  1.15081
6  9  63  503.095  1.2456
6  7  0  430.152  16.3806
6  7  1  264.512  1.06431
6  7  2  455.264  15.1559
6  7  3  504.243  15.4698
6  7  4  463.577  1.12277
6  7  5  581  1.4249
6  7  6  447.581  1.4813
6  7  7  519.637  1.54713
6  7  8  511.072  1.18479
6  7  9  333.029  1.27815
6  7  10  421.012  1.2943
6  7  11  369.001  1.24987
6  7  12  498.656  1.4968
6  7  13  432.403  1.34516
6  7  14  538.011  1.36097
6  7  15  607.011  1.43424
6  7  16  509.942  1.02602
6  7  17  265.536  0.870914
6  7  18  391.07  1.08457
6  7  19  326.139  0.995866
6  7  20  344.989  0.895134
6  7  21  505.453  1.07395
6  7  22  584.821  1.173
6  7  23  662.049  1.2406
6  7  24  260.548  0.98525
6  7  25  299.2  1.12271
6  7  26  249.008  1.12204
6  7  27  288.77  1.16709
6  7  28  653.375  1.21059
6  7  29  561.215  1.30048
6  7  30  392.522  1.38879
6  7  31  448.334  1.38243
6  7  32  294.547  0.82452
6  7  33  431.326  0.912859
6  7  34  454.372  0.906101
6  7  35  309.353  0.851223
6  7  36  448.19  0.831738
6  7  38  419.156  1.08309
6  7  39  450.521  1.13446
6  7  40  405.115  0.904303
6  7  41  302.983  0.894647
6  7  42  482.195  0.957094
6  7  43  514.561  1.05091
6  7  44  427.466  1.21427
6  7  45  419.187  1.1463
6  7  46  514.192  1.1133
6  7  47  573.093  1.07049
6  7  48  300.842  0.874386
6  7  49  462.07  0.960927
6  7  50  240.053  0.891869
6  7  51  339.439  0.979895
6  7  52  705.244  1.04114
6  7  53  463.173  1.14078
6  7  54  446.778  1.22929
6  7  55  543.536  1.22338
6  7  56  356.087  0.948714
6  7  57  524.108  0.987486
6  7  58  473.504  1.07817
6  5  0  451.916  1.09959
6  5  1  471.195  1.20693
6  5  2  256.908  1.23996
6  5  3  340.352  1.34703
6  5  4  436.763  1.17592
6  5  5  471.537  1.32382
6  5  6  510.16  1.54517
6  5  7  511.082  1.45364
6  5  8  427.384  1.27701
6  5  9  312.249  1.20566
6  5  10  361.392  1.33012
6  5  11  465.583  1.27776
6  5  12  508.001  1.52728
6  5  13  501.844  1.47279
6  5  14  525.363  1.71677
6  5  15  514.68  1.8257
6  5  16  336.696  1.17136
6  5  17  371.448  1.14631
6  5  18  363.529  1.44536
6  5  19  318.669  1.29356
6  5  20  390.837  1.21357
6  5  21  599.731  1.42021
6  5  22  517.914  1.60281
6  5  23  611.206  1.46723
6  5  24  524.426  1.17322
6  5  25  372.209  1.40974
6  5  26  379.842  1.49381
6  5  27  343.731  1.45392
6  5  28  430.207  1.53584
6  5  29  471.146  1.6005
6  5  30  443.512  1.68503
6  5  31  561.808  1.75778
6  5  32  504.473  0.799233
6  5  33  447.282  0.920889
6  5  34  377.588  0.910734
6  5  35  452.218  0.981887
6  5  36  563.074  0.981691
6  5  37  495.368  0.928819
6  5  38  523.54  1.05539
6  5  41  566.192  1.02673
6  5  42  469.605  0.983409
6  5  43  411.421  0.993715
6  5  44  425.266  1.19703
6  5  45  417.256  1.1176
6  5  46  445.951  1.0902
6  5  47  579.26  1.08513
6  5  48  570.341  1.00193
6  5  49  489.892  0.958808
6  5  50  496.617  1.01776
6  5  51  285.636  1.02637
6  5  52  377.393  1.02209
6  5  53  446.213  1.06619
6  5  54  693.534  1.18693
6  5  55  464.034  1.19892
6  5  56  481.732  0.932764
5  23  0  370.22  1.10927
5  23  1  308.04  1.08522
5  23  2  287.287  1.13773
5  23  3  298.594  1.1991
5  23  4  401.598  1.02518
5  23  5  377.372  1.22014
5  23  6  375.102  1.25874
5  23  9  312.721  1.05501
5  23  10  302.974  1.11503
5  23  11  313.399  1.17851
5  23  12  401.547  1.15857
5  23  13  441.899  1.26724
5  23  14  397.905  1.31856
5  23  15  395.319  1.31857
5  23  16  338.545  0.8008
5  23  17  289.094  0.852525
5  23  18  227.076  0.905651
5  23  19  207.831  0.817109
5  23  20  410.723  0.832078
5  23  21  423.98  0.952294
5  23  22  390.132  0.989235
5  23  23  480.679  0.963934
5  23  24  283.504  0.80162
5  23  32  356.474  0.783667
5  23  33  330.625  0.799191
5  23  34  360.845  0.842237
5  23  35  335.14  0.861795
5  23  36  337.959  0.874426
5  23  37  395.767  0.874201
5  23  38  403.569  0.969959
5  23  39  429.503  1.0021
5  23  40  337.316  0.833438
5  23  41  304.502  0.795625
5  23  42  292.726  0.86761
5  23  43  281.664  0.882444
5  23  44  364.656  0.99614
5  23  45  314.822  0.949908
5  23  46  351.318  1.14028
5  23  47  379.465  0.978169
5  23  48  324.015  0.776526
5  23  49  257.798  0.814701
5  23  50  264.778  0.805988
5  23  51  290.995  0.859355
5  23  52  378.048  0.799243
5  23  53  423.052  0.890407
5  23  54  373.491  0.969812
5  23  55  489.397  0.989207
5  23  56  290.617  0.84285
5  23  57  306.662  0.851421
5  23  58  258.234  0.882319
5  23  59  302.575  0.922854
5  23  60  429.016  0.966121
5  23  61  407.918  0.950914
5  23  62  449.669  0.981622
5  23  63  312.045  0.954635
5  21  0  488.052  1.1516
5  21  1  351.321  1.20149
5  21  2  427.735  1.22581
5  21  3  426.203  1.26946
5  21  4  369.797  1.17073
5  21  5  550.087  1.19652
5  21  6  554.611  1.24869
5  21  7  566.251  1.1301
5  21  8  537.391  1.04187
5  21  9  430.61  1.15658
5  21  10  366.452  1.17472
5  21  11  420.803  1.25023
5  21  12  483.378  1.19145
5  21  13  410.798  1.13399
5  21  14  428.383  1.3217
5  21  15  434.59  1.43974
5  21  16  308.16  0.839869
5  21  17  335.681  0.87309
5  21  18  339.594  0.951697
5  21  19  298.38  0.996537
5  21  20  549.232  0.962055
5  21  21  470.695  1.07875
5  21  22  513.979  1.20755
5  21  23  600.682  1.20349
5  21  24  447.998  0.816345
5  21  25  471.51  0.939968
5  21  26  325.856  1.14004
5  21  27  324.108  0.987291
5  21  28  598.328  1.3382
5  21  29  513.903  1.32156
5  21  30  569.775  1.44214
5  21  31  479.351  1.44395
5  21  32  336.012  0.77495
5  21  33  503.782  0.91106
5  21  34  490.565  0.907933
5  21  35  467.61  0.920233
5  21  36  615.364  0.91566
5  21  38  460.083  1.41109
5  21  39  273.784  1.43792
5  21  40  478.907  1.28994
5  21  41  586.321  1.40285
5  21  42  520.396  1.30434
5  21  43  539.799  1.1276
5  21  44  566.37  1.50133
5  21  45  425.247  1.38858
5  21  46  570.653  1.3516
5  21  47  507.557  1.27822
5  21  48  452.619  1.21847
5  21  49  504.83  1.10677
5  21  50  483.145  1.3739
5  21  51  224.603  1.33127
5  21  52  574.007  1.45115
5  21  53  572.681  1.29082
5  21  54  680.187  1.06433
5  21  55  487.496  1.37508
5  21  56  338.699  0.904351
5  21  57  405.32  1.37757
5  21  58  331.069  0.926502
5  19  0  272.353  1.00014
5  19  1  274.951  1.25123
5  19  2  274.885  1.46191
5  19  3  254.046  1.34772
5  19  4  344.235  1.0699
5  19  5  315.23  1.28515
5  19  6  369.156  1.28672
5  19  7  354.812  1.42549
5  19  8  303.233  1.15486
5  19  9  270.061  1.11929
5  19  10  258.129  1.29139
5  19  11  229.145  1.45748
5  19  12  379.48  1.20731
5  19  13  348.036  1.22228
5  19  14  337.203  1.49371
5  19  15  361.492  1.51805
5  19  16  314.36  1.10282
5  19  17  266.952  1.20301
5  19  18  257.02  1.17237
5  19  19  246.933  1.33711
5  19  20  365.229  1.09894
5  19  21  393.301  1.29558
5  19  22  368.853  1.44027
5  19  23  445.55  1.53727
5  19  24  263.996  2.07668
5  19  25  253.637  1.23884
5  19  26  236.035  1.10927
5  19  27  208.105  1.21885
5  19  28  381.051  1.45756
5  19  29  320.32  1.56368
5  19  30  378.397  1.52171
5  19  31  310.591  1.82857
5  19  32  452.929  0.91441
5  19  33  257.425  0.886237
5  19  34  235.736  0.769122
5  19  35  232.272  0.821292
5  19  36  364.782  0.832762
5  19  37  350.379  0.939531
5  19  38  393.553  0.943886
5  19  39  374.213  1.04116
5  19  40  495.124  0.828545
5  19  41  311.233  0.872249
5  19  42  352.875  0.885781
5  19  43  259.544  0.889651
5  19  44  416.58  1.02138
5  19  45  388.012  1.0355
5  19  46  304.861  1.08355
5  19  47  375.786  1.05261
5  19  48  287.544  0.809545
5  19  49  293.742  0.843847
5  19  50  247.756  0.862476
5  19  51  264.005  0.882213
5  19  52  435.21  0.887655
5  19  53  445.266  1.08737
5  19  54  407.208  1.21161
5  19  55  432.899  1.16645
5  19  56  299.252  0.830004
5  19  57  313.159  0.818072
5  19  58  262.277  0.914183
5  19  59  290.338  0.934187
5  19  60  491.312  1.11541
5  19  61  406.198  1.20144
5  19  62  430.406  1.18798
5  19  63  423.828  1.21594
5  17  0  267.056  1.13472
5  17  1  432.263  1.10113
5  17  2  300.634  1.24439
5  17  3  408.711  1.20777
5  17  4  372.333  1.04619
5  17  5  418.572  1.30185
5  17  6  528.044  1.23155
5  17  10  484.756  1.35069
5  17  11  301.739  1.24967
5  17  12  543.462  1.2341
5  17  13  599.63  1.14341
5  17  14  424.763  1.25269
5  17  15  498.207  1.18578
5  17  16  394.384  0.791887
5  17  17  505.978  0.915166
5  17  18  469.647  0.934336
5  17  19  358.329  0.904656
5  17  20  408.839  0.883242
5  17  21  640.271  1.13228
5  17  22  462.542  1.25317
5  17  23  476.538  1.17795
5  17  24  311.618  0.971949
5  17  32  322.29  0.888799
5  17  33  469.671  0.799378
5  17  34  518.509  0.860872
5  17  35  341.975  0.835378
5  17  36  484.201  0.87791
5  17  40  513.141  0.833498
5  17  41  345.214  0.883564
5  17  42  482.719  0.903393
5  17  43  362.444  0.899089
5  17  44  471.627  0.975414
5  17  45  470.728  1.00465
5  17  46  409.371  1.21189
5  17  47  430.791  1.01622
5  17  48  509.712  0.830835
5  17  49  474.843  0.835249
5  17  50  353.567  0.843659
5  17  51  416.843  0.882433
5  17  52  468.13  0.910475
5  17  53  554.131  1.01564
5  17  54  660.26  1.23109
5  17  55  572.94  1.14221
5  17  56  395.895  0.817034
5  17  57  424.152  0.855485
5  17  58  238.157  0.90324
5  15  0  551.984  1.01723
5  15  1  387.935  1.12532
5  15  2  451.668  1.44022
5  15  3  434.384  1.28526
5  15  4  530.969  1.1019
5  15  5  451.803  1.17216
5  15  6  390.143  1.33746
5  15  7  499.63  1.22852
5  15  8  359.034  0.977742
5  15  9  349.132  1.06499
5  15  10  398.85  1.08071
5  15  11  288.012  1.03192
5  15  12  522.415  1.20263
5  15  13  419.828  1.16341
5  15  14  468.147  1.32035
5  15  15  570.737  1.23621
5  15  16  529.51  0.797759
5  15  17  334.784  0.859247
5  15  18  260.604  0.905781
5  15  19  441.628  0.936166
5  15  20  454.47  0.886538
5  15  21  484.063  0.898924
5  15  22  657.728  1.04018
5  15  23  616.069  1.00407
5  15  24  544.257  0.811838
5  15  25  362.419  0.97691
5  15  26  330.764  0.988128
5  15  27  319.812  0.976103
5  15  28  599.333  1.10921
5  15  29  515.692  1.21397
5  15  30  613.085  1.46865
5  15  31  518.183  1.45368
5  15  32  420.919  1.39101
5  15  33  359.577  1.21359
5  15  34  476.319  1.3495
5  15  35  453.955  1.43783
5  15  36  301.336  1.50108
5  15  37  462.734  1.54778
5  15  38  391.196  1.63892
5  15  39  436.448  1.17031
5  15  40  404.624  1.40504
5  15  41  562.173  1.46975
5  15  42  375.697  1.72764
5  15  43  529.653  1.72226
5  15  44  632.041  1.738
5  15  45  424.157  1.46557
5  15  46  565.452  1.48142
5  15  47  647.259  1.56349
5  15  48  528.14  1.15344
5  15  49  447.01  1.39241
5  15  50  470.907  0.916592
5  15  51  277.366  1.02204
5  15  52  557.541  0.986004
5  15  53  433.036  0.997493
5  15  54  522.229  1.12126
5  15  55  584.525  1.15668
5  15  56  498.303  0.895197
5  15  57  395.119  1.01762
5  15  58  404.913  1.08446
5  15  59  368.404  1.08674
5  15  60  598.001  1.07508
5  15  61  569.522  1.16081
5  15  62  431.16  1.12221
5  15  63  424.989  1.25536
5  13  0  443.887  1.16953
5  13  1  550.069  1.1863
5  13  2  418.368  1.23689
5  13  3  357.018  1.33574
5  13  4  485.209  1.27131
5  13  5  315.816  1.34056
5  13  6  540.671  1.30529
5  13  7  351.943  1.17823
5  13  8  458.524  1.14932
5  13  9  513.841  1.12841
5  13  10  293.778  1.30642
5  13  11  313.838  1.37611
5  13  12  524.207  1.3051
5  13  13  549.64  1.19918
5  13  14  408.316  1.82079
5  13  15  449.82  1.69858
5  13  16  495.246  1.08502
5  13  17  382.952  1.19466
5  13  18  469.141  1.25956
5  13  19  267.03  1.44639
5  13  20  377.004  1.30167
5  13  21  533.931  1.49097
5  13  22  388.495  1.29986
5  13  23  498.749  1.63184
5  13  24  310.613  1.24241
5  13  25  295.362  1.37469
5  13  26  256.163  1.21075
5  13  27  324.172  1.4856
5  13  28  528.677  1.60534
5  13  29  382.135  1.74446
5  13  30  607.555  1.74977
5  13  31  435.129  1.68653
5  13  32  342.872  0.808147
5  13  33  377.058  0.982951
5  13  34  318.93  0.924306
5  13  35  364.576  0.957773
5  13  36  496.778  0.902662
5  13  37  444.663  0.958347
5  13  38  445.764  0.987538
5  13  39  344.163  1.08028
5  13  40  386.27  0.87251
5  13  41  477.881  0.950322
5  13  42  428.227  0.950143
5  13  43  455.673  0.962997
5  13  44  534.418  1.08045
5  13  45  579.913  1.00447
5  13  46  555.999  0.974624
5  13  47  573.507  1.09411
5  13  48  406.722  0.803283
5  13  49  340.247  0.897729
5  13  50  465.224  0.888273
5  13  51  363.255  0.949981
5  13  52  560.539  0.837884
5  13  53  552.791  1.09331
5  13  54  548.522  1.23609
5  13  55  399.792  1.1422
5  13  56  468.016  0.932067
5  13  57  385.444  0.951205
5  13  58  319.455  0.976675
5  13  59  225.908  1.01463
5  13  60  472.971  1.07739
5  13  61  579.567  1.33016
5  13  62  621.036  1.32218
5  13  63  568.904  1.33302
5  11  0  498.58  1.21965
5  11  1  515.867  1.33232
5  11  2  425.737  1.28671
5  11  3  262.678  1.22834
5  11  4  512.018  1.08395
5  11  5  579.582  1.2744
5  11  6  449.726  1.29437
5  11  10  482.903  1.25936
5  11  11  289.213  1.2679
5  11  12  420.803  1.21193
5  11  13  533.265  1.17232
5  11  14  488.237  1.48951
5  11  15  629.552  1.34308
5  11  16  544.791  0.923411
5  11  17  457.602  0.946163
5  11  18  454.758  0.856019
5  11  19  342.998  0.978235
5  11  20  505.353  0.900326
5  11  21  690.006  1.02794
5  11  22  454.062  1.17056
5  11  23  462.129  1.18815
5  11  24  528.152  0.786996
5  11  32  408.622  0.832349
5  11  33  311.186  0.845898
5  11  34  461.927  0.936799
5  11  35  401.306  0.888867
5  11  36  423.616  0.898378
5  11  40  461.614  0.80599
5  11  41  481.289  0.936189
5  11  42  426.175  0.930031
5  11  43  308.113  0.90208
5  11  44  398.606  0.991446
5  11  45  489.055  0.959122
5  11  46  530.404  0.934851
5  11  47  456.264  1.02056
5  11  48  518.985  0.813184
5  11  49  469.668  0.8124
5  11  50  392.055  0.810283
5  11  51  496.38  0.77582
5  11  52  445.775  0.836144
5  11  53  499.15  0.992123
5  11  54  591.377  1.00283
5  11  55  483.946  1.05405
5  11  56  375.473  0.812071
5  11  57  612.435  0.909904
5  11  58  338.267  0.854447
5  9  0  346.957  1.09601
5  9  1  265.875  1.21394
5  9  2  278.315  1.32085
5  9  3  331.906  1.21315
5  9  4  314.097  1.09557
5  9  5  427.109  1.18662
5  9  6  456.887  1.28039
5  9  7  442.965  1.20138
5  9  8  370.794  1.11956
5  9  9  285.856  1.25109
5  9  10  317.131  1.31613
5  9  11  239.103  1.21963
5  9  12  393.592  1.11596
5  9  13  424.81  1.17252
5  9  14  342.727  1.27296
5  9  15  338.766  1.32605
5  9  16  332.721  0.84622
5  9  17  297.028  0.857377
5  9  18  239.492  0.81727
5  9  19  232.506  0.87363
5  9  20  425.548  0.891068
5  9  21  470.501  1.1695
5  9  22  389.644  1.21106
5  9  23  482.745  1.21976
5  9  24  263.375  0.864611
5  9  25  245.954  0.962044
5  9  26  269.783  0.959438
5  9  27  219.573  0.999895
5  9  28  405.606  1.24078
5  9  29  416.19  1.2105
5  9  30  345.403  1.33657
5  9  31  411.245  1.35475
5  9  32  350.869  1.27143
5  9  33  295.35  1.16852
5  9  34  372.871  1.40015
5  9  35  280.293  1.46049
5  9  36  335.03  1.56698
5  9  37  359.78  1.51717
5  9  38  408.442  1.49673
5  9  39  357.278  1.6194
5  9  40  364.304  1.3349
5  9  41  310.032  1.57879
5  9  42  312.626  1.58723
5  9  43  279.616  1.61253
5  9  44  431.566  1.69422
5  9  45  392.959  1.35043
5  9  46  347.365  1.45301
5  9  47  385.943  1.77357
5  9  48  350.747  1.32813
5  9  49  308.582  1.51515
5  9  50  292.161  1.04479
5  9  51  319.618  1.09247
5  9  52  375.775  0.996277
5  9  53  414.665  1.22802
5  9  54  422.675  1.22793
5  9  55  466.494  1.35025
5  9  56  359.432  0.954953
5  9  57  292.529  1.10704
5  9  58  327.699  1.01983
5  9  59  268.324  1.18335
5  9  60  460.352  1.18679
5  9  61  413.18  1.35808
5  9  62  448.882  1.24245
5  9  63  394.615  1.3557
5  7  0  542.433  1.30373
5  7  1  433.096  1.30256
5  7  2  514.479  1.47116
5  7  3  300.109  1.39773
5  7  4  520.036  1.35573
5  7  5  512.864  1.33054
5  7  6  577.639  1.52705
5  7  7  513.272  1.46779
5  7  8  281.777  1.24784
5  7  9  519.031  1.38901
5  7  10  580.401  1.54077
5  7  11  379.994  1.57983
5  7  12  553.722  1.31451
5  7  13  439.887  1.51536
5  7  14  433.664  2.02233
5  7  15  459.005  2.31887
5  7  16  697.241  1.38699
5  7  17  444.106  1.26048
5  7  18  396.599  1.65623
5  7  19  245.078  1.34248
5  7  20  441.107  1.25232
5  7  21  649.033  1.84006
5  7  22  495.084  1.63934
5  7  23  455.066  1.28204
5  7  24  363.826  1.47422
5  7  25  458.816  1.36402
5  7  26  377.973  1.57967
5  7  27  291.596  1.41578
5  7  28  461.866  1.52701
5  7  29  511.493  1.75586
5  7  30  451.986  1.66966
5  7  31  598.705  1.59545
5  7  32  327.107  0.812737
5  7  33  458.983  0.974466
5  7  34  359.913  0.790976
5  7  35  421.495  1.00106
5  7  36  427.608  0.867112
5  7  37  495.926  1.0909
5  7  38  444.243  0.952495
5  7  41  477.423  0.947623
5  7  42  492.097  0.885843
5  7  43  475.532  0.951044
5  7  44  626.02  1.03423
5  7  45  430.44  1.11221
5  7  46  416.681  1.03877
5  7  47  502.915  1.00621
5  7  48  515.926  0.953433
5  7  49  488.156  1.79438
5  7  50  374.026  0.947078
5  7  51  361.848  1.03194
5  7  52  528.97  0.913346
5  7  53  471.177  0.896126
5  7  54  518.927  1.1059
5  7  55  573.542  1.0413
5  7  56  464.429  0.848463
5  5  0  433.377  1.1453
5  5  1  433.447  1.22912
5  5  2  353.596  1.3113
5  5  3  403.339  1.35112
5  5  4  343.678  1.15325
5  5  5  332.856  1.32568
5  5  6  360.748  1.36928
5  5  9  430.893  1.15146
5  5  10  368.451  1.32104
5  5  11  401.112  1.19635
5  5  12  567.994  1.09247
5  5  13  460.323  1.24172
5  5  14  445.077  1.26716
5  5  15  356.587  1.34477
5  5  16  387.391  0.927636
5  5  17  434.219  1.02719
5  5  18  453.507  0.999593
5  5  19  303.576  0.955321
5  5  20  575.108  1.00302
5  5  21  523.431  1.13132
5  5  22  612.1  1.22624
5  5  23  562.361  1.0644
5  5  24  371.85  0.895339
5  5  32  312.352  0.85787
5  5  33  383.933  0.879479
5  5  34  452.634  0.929094
5  5  35  303.166  0.933272
5  5  36  376.882  0.866428
5  5  37  329.283  0.907451
5  5  38  598.225  1.07739
5  5  39  473.439  0.990212
5  5  40  377.336  0.889082
5  5  41  485.627  0.944611
5  5  42  284.142  0.93431
5  5  43  272.876  0.946737
5  5  44  437.538  1.28552
5  5  45  410.701  1.00895
5  5  46  362.439  1.19705
5  5  47  428.52  1.00623
5  5  48  396.583  0.947333
5  5  49  359.885  0.901634
5  5  50  435.804  1.00667
5  5  51  395.496  1.08788
5  5  52  431.607  0.981289
5  5  53  588.322  1.0383
5  5  54  462.167  1.19141
5  5  55  372.696  1.23477
5  5  56  431.872  0.880857
5  5  57  342.109  1.00152
5  5  58  342.638  0.962646
5  5  59  419.202  1.04019
5  5  60  547.938  1.00771
5  5  61  480.695  1.12255
5  5  62  642.092  1.17678
5  5  63  453.74  1.38016
4  22  0  355.191  1.13177
4  22  1  364.914  1.1325
4  22  2  538.263  1.17995
4  22  3  319.219  1.16657
4  22  4  515.347  1.09583
4  22  5  637.356  1.45234
4  22  6  483.439  1.41261
4  22  7  586.612  1.41074
4  22  8  537.743  1.11289
4  22  9  356.767  1.18089
4  22  10  564.519  1.24062
4  22  11  403.377  1.26321
4  22  12  531.349  1.25549
4  22  13  454.325  1.31902
4  22  14  605.65  1.23809
4  22  15  525.133  1.41142
4  22  16  530.243  0.863682
4  22  17  351.695  0.941665
4  22  18  385.877  1.04299
4  22  19  421.549  1.05556
4  22  20  521.238  0.907016
4  22  21  591.684  1.09271
4  22  22  537.873  1.1629
4  22  23  553.21  1.119
4  22  24  540.025  0.947155
4  22  25  333.507  1.104
4  22  26  307.606  1.13907
4  22  27  418.328  1.11492
4  22  28  452.201  1.23487
4  22  29  545.645  1.27918
4  22  30  510.462  1.46269
4  22  31  430.2  1.43763
4  22  32  340.035  0.943409
4  22  33  361.716  0.97947
4  22  34  384.01  0.925293
4  22  35  417.739  1.03961
4  22  36  551.502  0.95035
4  22  38  528.816  1.34747
4  22  39  455.807  1.34525
4  22  40  523.968  1.06429
4  22  41  484.055  1.26743
4  22  42  418.175  1.31594
4  22  43  530.214  1.21328
4  22  44  530.62  1.38817
4  22  45  402.124  1.31109
4  22  46  399.628  1.3008
4  22  47  589.597  1.29489
4  22  48  245.406  1.19377
4  22  49  499.912  1.11602
4  22  50  551.775  1.31792
4  22  51  328.241  1.23647
4  22  52  544.964  1.32403
4  22  53  499.547  1.40346
4  22  54  453.059  1.19342
4  22  55  451.1  1.33119
4  22  56  520.487  0.881797
4  22  57  503.839  1.27097
4  22  58  369.994  1.06708
4  20  0  440.879  1.0312
4  20  1  505.353  1.05648
4  20  2  411.314  1.18495
4  20  3  525.445  1.41355
4  20  4  539.367  1.40668
4  20  5  468.358  1.49412
4  20  6  646.028  1.50748
4  20  7  574.885  1.37337
4  20  8  366.275  1.0697
4  20  9  416.682  1.08269
4  20  10  592.53  1.20993
4  20  11  548.245  1.21421
4  20  12  558.134  1.18072
4  20  13  601.099  1.37461
4  20  14  636.28  1.35984
4  20  15  556.981  1.45696
4  20  16  450.055  0.904463
4  20  17  346.524  0.943261
4  20  18  326.682  1.01636
4  20  19  336.178  0.915289
4  20  20  553.381  0.846814
4  20  21  536.663  1.08417
4  20  22  456.716  1.04128
4  20  23  628.768  1.17654
4  20  24  437.285  0.906907
4  20  25  455.759  1.05689
4  20  26  435.597  1.14964
4  20  27  377.213  1.09701
4  20  28  592.847  1.13852
4  20  29  522.131  25.6679
4  20  30  561.975  1.36133
4  20  31  560.25  1.41088
4  20  32  406.553  0.849216
4  20  33  402.948  0.80892
4  20  34  460.181  0.877952
4  20  35  431.318  0.912609
4  20  36  443.305  0.913489
4  20  37  431.031  0.909396
4  20  38  529.981  0.989001
4  20  41  543.948  0.826014
4  20  42  352.147  0.833057
4  20  43  438.648  0.879105
4  20  44  565.85  1.20538
4  20  45  609.286  1.10356
4  20  46  581.532  1.06609
4  20  47  476.854  1.02427
4  20  48  501.474  0.861028
4  20  49  439.158  0.844722
4  20  50  541.424  0.868245
4  20  51  427.17  0.977069
4  20  52  507.364  0.963587
4  20  53  549.682  1.00961
4  20  54  513.531  1.11517
4  20  55  606.046  1.05511
4  20  56  366.781  0.868849
4  18  0  368.974  1.11948
4  18  1  253.587  1.21959
4  18  2  300.453  1.23957
4  18  3  382.611  1.31057
4  18  4  419.564  1.34267
4  18  5  403.712  1.56306
4  18  6  608.87  1.52402
4  18  9  431.381  1.19534
4  18  10  379.012  1.32025
4  18  11  440.598  1.27995
4  18  12  625.34  1.38299
4  18  13  380.211  1.39451
4  18  14  478.233  1.39922
4  18  15  575.847  1.54542
4  18  16  508.727  0.848594
4  18  17  212.113  0.855395
4  18  18  358.864  0.889244
4  18  19  274.138  0.935689
4  18  20  410.974  0.841381
4  18  21  575.133  1.06978
4  18  22  476.877  0.977708
4  18  23  490.751  1.10691
4  18  24  356.463  0.933887
4  18  32  581.89  0.851034
4  18  33  488.196  0.859526
4  18  34  497.997  0.846376
4  18  35  432.324  0.83839
4  18  36  594.403  0.880559
4  18  37  539.553  0.922669
4  18  38  444.467  0.919846
4  18  39  458.234  1.00425
4  18  40  434.754  0.82781
4  18  41  535.489  0.827658
4  18  42  358.045  0.880985
4  18  43  407.319  0.910072
4  18  44  568.086  1.05061
4  18  45  460.189  0.927911
4  18  46  434.114  0.975988
4  18  47  587.938  0.927482
4  18  48  458.489  0.868192
4  18  49  572.233  0.953636
4  18  50  262.737  0.972494
4  18  51  304.714  1.02121
4  18  52  551.68  0.890497
4  18  53  471.873  1.12195
4  18  54  535.504  1.12872
4  18  55  542.483  1.18996
4  18  56  456.943  0.923777
4  18  57  546.467  1.01282
4  18  58  438.875  1.00065
4  18  59  347.227  1.10761
4  18  60  535.749  1.16864
4  18  61  552.588  1.26919
4  18  62  609.623  1.14359
4  18  63  596.763  1.32676
4  16  0  341.632  1.15996
4  16  1  430.86  1.22431
4  16  2  344.08  1.20498
4  16  3  358.611  1.32241
4  16  4  478.795  1.20293
4  16  5  473.175  1.35715
4  16  6  409.565  1.55907
4  16  7  440.355  1.35374
4  16  8  357.73  1.10529
4  16  9  434.667  1.23648
4  16  10  385.403  1.14649
4  16  11  376.562  1.08422
4  16  12  479.764  1.16182
4  16  13  523.954  1.32115
4  16  14  478.163  1.4527
4  16  15  393.52  1.35269
4  16  16  489.425  0.842359
4  16  17  515.673  0.99275
4  16  18  271.575  0.97334
4  16  19  264.708  0.972805
4  16  20  433.918  1.02795
4  16  21  566.035  1.12421
4  16  22  667.423  1.16696
4  16  23  684.239  1.06736
4  16  24  341.546  0.913104
4  16  25  389.271  0.996173
4  16  26  482.697  1.02956
4  16  27  276.504  1.02242
4  16  28  668.283  1.12673
4  16  29  446.652  1.20218
4  16  30  609.109  1.25702
4  16  31  602.084  1.30324
4  16  32  348.406  0.921124
4  16  33  520.011  0.883946
4  16  34  499.397  0.924711
4  16  35  371.585  0.931652
4  16  36  493.936  0.707465
4  16  38  608.903  1.05294
4  16  39  626.035  1.10176
4  16  40  491.013  0.950088
4  16  41  475.264  0.928571
4  16  42  415.82  0.931062
4  16  43  329.421  0.975006
4  16  44  624.752  1.33271
4  16  45  478.263  1.28473
4  16  46  404.4  1.23949
4  16  47  580.506  1.17157
4  16  48  543.381  0.840942
4  16  49  401.062  1.01635
4  16  50  312.43  0.999309
4  16  51  303.422  1.04537
4  16  52  476.445  1.00563
4  16  53  566.025  1.11308
4  16  54  490.822  1.22965
4  16  55  415.728  1.18231
4  16  56  375.474  0.856862
4  16  57  377.773  0.945376
4  16  58  377.265  1.06315
4  14  0  416.995  1.03437
4  14  1  375.438  1.16902
4  14  2  539.751  1.27597
4  14  3  483.7  1.24507
4  14  4  630.278  1.23958
4  14  5  344.234  1.3485
4  14  6  524.76  1.5106
4  14  7  575.098  1.38828
4  14  8  535.22  1.16581
4  14  9  535.78  1.11267
4  14  10  589.293  1.41654
4  14  11  456.633  1.24838
4  14  12  396.926  1.42341
4  14  13  478.379  1.40089
4  14  14  507.176  1.34004
4  14  15  448.281  1.48671
4  14  16  462.875  1.12153
4  14  17  408.469  1.13265
4  14  18  413.039  1.29876
4  14  19  309.069  1.27353
4  14  20  431.844  1.16492
4  14  21  646.313  1.28911
4  14  22  525.218  1.30479
4  14  23  544.295  1.24557
4  14  24  394.564  1.21081
4  14  25  369.721  1.26151
4  14  26  347.352  1.37474
4  14  27  468.975  1.375
4  14  28  643.703  1.50072
4  14  29  490.591  1.51857
4  14  30  536.532  1.5918
4  14  31  543.371  1.54855
4  14  32  462.057  0.894449
4  14  33  338.374  0.911094
4  14  34  450.707  0.832188
4  14  35  382.643  0.787263
4  14  36  465.182  0.840812
4  14  37  466.507  0.895621
4  14  38  697.377  0.92463
4  14  39  550.602  0.87755
4  14  40  530.399  0.826125
4  14  41  525.589  0.886182
4  14  42  479.574  0.840637
4  14  43  397.796  0.902483
4  14  44  517.25  1.63266
4  14  45  610.56  1.31729
4  14  46  343.281  1.06293
4  14  47  590.167  1.04534
4  14  48  573.742  0.811963
4  14  49  401.09  0.901803
4  14  50  389.238  0.901783
4  14  51  346.199  0.885825
4  14  52  488.355  0.850239
4  14  53  536.578  1.03364
4  14  54  621.018  1.10689
4  14  55  696.055  1.14187
4  14  56  395.627  0.919021
4  14  57  498.326  0.903629
4  14  58  506.437  1.01722
4  14  59  467.351  0.969498
4  14  60  705.161  1.19
4  14  61  501.351  1.25205
4  14  62  609.122  1.22459
4  14  63  510.546  1.20864
4  12  0  523.88  1.14923
4  12  1  422.089  1.14636
4  12  2  377.186  1.14151
4  12  3  370.42  1.13662
4  12  4  378.612  1.12546
4  12  5  551.97  1.52593
4  12  6  595.882  1.77045
4  12  10  441.844  1.38149
4  12  11  313.82  1.34236
4  12  12  574.405  1.51488
4  12  13  488.222  1.57402
4  12  14  395.081  1.49318
4  12  15  452.96  1.47822
4  12  16  514.987  0.942131
4  12  17  383.336  0.928285
4  12  18  256.531  0.8607
4  12  19  329.95  0.996574
4  12  20  384.116  0.994601
4  12  21  471.157  1.24871
4  12  22  440.449  1.1096
4  12  23  556.579  1.14134
4  12  24  303.287  0.97408
4  12  32  525.114  0.877659
4  12  33  314.59  0.860203
4  12  34  364.196  0.895586
4  12  35  494.98  0.975448
4  12  36  603.435  0.943146
4  12  40  306.746  1.04554
4  12  41  470.376  1.06615
4  12  42  503.268  1.08843
4  12  43  392.493  1.0225
4  12  44  483.043  1.53646
4  12  45  417.13  1.36201
4  12  46  461.328  1.22312
4  12  47  439.479  1.14841
4  12  48  351.025  0.916689
4  12  49  458.368  0.97502
4  12  50  321.307  0.994713
4  12  51  241.252  1.03069
4  12  52  440.387  0.948827
4  12  53  458.035  1.22163
4  12  54  489.824  1.21895
4  12  55  590.128  1.32383
4  12  56  288.403  0.924268
4  12  57  380.399  1.07606
4  12  58  296.87  1.12603
4  10  0  331.526  1.04503
4  10  1  329.722  1.04632
4  10  2  347.102  1.24173
4  10  3  363.873  1.11381
4  10  4  410.88  1.13264
4  10  5  441.086  1.28337
4  10  6  482.559  1.40689
4  10  7  399.686  1.4733
4  10  8  413.321  1.00428
4  10  9  393.243  1.14345
4  10  10  379.92  1.18017
4  10  11  350.627  1.15003
4  10  12  441.056  1.3953
4  10  13  402.235  1.41426
4  10  14  385.657  1.39334
4  10  15  455.428  1.58303
4  10  16  373.517  0.954131
4  10  17  335.278  0.999823
4  10  18  361.395  0.948334
4  10  19  328.25  0.964378
4  10  20  406.056  0.945904
4  10  21  480.412  1.07809
4  10  22  492.686  1.20163
4  10  23  484.285  1.24937
4  10  24  289.638  0.97907
4  10  25  269.188  1.02848
4  10  26  225.502  1.00577
4  10  27  303.219  1.04776
4  10  28  466.165  1.27493
4  10  29  424.995  1.31059
4  10  30  447.401  1.31132
4  10  31  411.991  1.37953
4  10  32  396.106  1.3061
4  10  33  320.814  1.10807
4  10  34  357.542  1.18418
4  10  35  291.231  1.26467
4  10  36  487.724  1.3967
4  10  37  447.229  1.29397
4  10  38  446.714  1.30057
4  10  39  389.243  2.5284
4  10  40  441.748  1.18746
4  10  41  408.675  1.24831
4  10  42  384.565  1.37412
4  10  43  361.125  1.35815
4  10  44  462.45  1.72965
4  10  45  457.073  1.41605
4  10  46  414.704  1.3696
4  10  47  491.615  1.48971
4  10  48  361.243  1.06649
4  10  49  378.192  1.35657
4  10  50  321.835  1.06809
4  10  51  313.387  1.01832
4  10  52  470.733  0.982782
4  10  53  498.802  1.19861
4  10  54  534.098  1.34949
4  10  55  492.343  1.32457
4  10  56  380.644  0.900104
4  10  57  364.636  0.977673
4  10  58  331.963  0.969941
4  10  59  309.41  1.05304
4  10  60  531.222  1.21725
4  10  61  442.282  1.26121
4  10  62  438.086  1.30582
4  10  63  371.601  1.37647
4  8  0  609.449  1.54319
4  8  1  616.631  1.67083
4  8  2  583.522  1.41946
4  8  3  538.9  1.73766
4  8  4  663.394  1.72125
4  8  5  639.225  1.85399
4  8  6  671.715  1.84681
4  8  7  626.633  2.00541
4  8  8  644.28  1.51668
4  8  9  602.124  1.5696
4  8  10  602.591  1.51634
4  8  11  566.28  1.78907
4  8  12  640.71  1.54045
4  8  13  644.24  1.72785
4  8  14  589.986  1.61578
4  8  15  680.393  1.76977
4  8  16  575.91  1.10535
4  8  17  527.002  1.48402
4  8  18  481.24  1.33166
4  8  19  490.752  1.32837
4  8  20  624.263  1.32642
4  8  21  705.61  1.76401
4  8  22  644.918  1.57467
4  8  23  729.617  1.4905
4  8  24  557.208  1.51436
4  8  25  539.643  1.44825
4  8  26  508.443  1.52309
4  8  27  537.803  1.3214
4  8  28  590.584  1.54817
4  8  29  678.762  1.79902
4  8  30  663.634  1.63391
4  8  31  623.077  1.77614
4  8  32  630.638  1.48666
4  8  33  576.389  1.20474
4  8  34  562.632  1.30469
4  8  35  535.153  1.37288
4  8  36  626.09  1.33225
4  8  37  627.892  1.48108
4  8  38  646.692  1.50254
4  8  39  605.358  1.70782
4  8  40  582.739  1.20927
4  8  41  630.005  1.33532
4  8  42  571.848  1.57198
4  8  43  519.285  1.50389
4  8  44  637.095  1.40957
4  8  45  654.756  1.63101
4  8  46  615.459  1.49803
4  8  47  656.013  1.53744
4  8  48  561.42  1.11322
4  8  49  565.014  1.34838
4  8  50  530.204  1.30053
4  8  51  527.619  1.41053
4  8  52  641.852  1.35786
4  8  53  632.474  1.31539
4  8  54  661.948  1.47626
4  8  55  655.949  1.69097
4  8  56  579.164  1.32765
4  8  57  362.296  1.56795
4  8  58  576.422  1.44565
4  8  59  581.898  1.37239
4  8  60  688.574  1.55991
4  8  61  685.001  1.53551
4  8  62  673.952  1.54042
4  8  63  697.013  1.78211
4  6  0  565.477  1.78071
4  6  1  544.439  1.689
4  6  2  271.192  1.79249
4  6  3  322.573  1.81297
4  6  4  442.395  1.9368
4  6  6  507.896  2.25845
4  6  7  448.08  2.15748
4  6  8  421.604  1.84643
4  6  9  404.558  1.91442
4  6  10  516.219  2.29852
4  6  11  389.364  2.03429
4  6  12  569.226  2.00641
4  6  13  448.152  2.11756
4  6  14  472.26  2.12155
4  6  15  530.272  2.26544
4  6  16  452.743  1.63298
4  6  17  340.985  1.61336
4  6  18  324.259  1.67679
4  6  19  368.977  1.8474
4  6  20  462.14  1.62798
4  6  21  658.694  2.12547
4  6  22  597.164  1.75196
4  6  23  633.704  1.77396
4  6  24  404.139  1.6826
4  6  25  466.215  1.78764
4  6  26  259.203  1.77474
4  6  32  343.157  1.30108
4  6  33  397.386  1.2921
4  6  34  457.419  1.32635
4  6  35  478.423  1.44342
4  6  36  649.408  1.31746
4  6  38  480.038  1.36798
4  6  39  558.317  1.4174
4  6  40  443.016  1.3439
4  6  41  472.994  1.47138
4  6  42  350.634  1.26157
4  6  43  325.043  1.41425
4  6  44  443.821  1.47771
4  6  45  607.416  1.45028
4  6  46  577.921  1.47235
4  6  47  539.75  1.51858
4  6  48  511.863  0.939696
4  6  49  474.077  1.50447
4  6  50  336.842  1.33873
4  6  51  379.797  1.29255
4  6  52  471.51  1.39098
4  6  53  631.295  1.55816
4  6  54  407.104  1.43358
4  6  55  587.028  1.54052
4  6  56  529.372  1.23632
4  6  57  497.851  1.32574
4  6  58  456.626  5.92433
4  4  0  473.936  2.46119
4  4  1  449.962  2.46596
4  4  2  427.553  2.63619
4  4  3  353.783  2.90181
4  4  4  617.928  2.40148
4  4  5  507.704  2.94087
4  4  6  497.661  2.87601
4  4  7  515.003  3.17002
4  4  8  404.988  2.52971
4  4  9  488.295  2.69304
4  4  10  327.917  2.9638
4  4  11  490.163  3.04647
4  4  12  391.756  2.98423
4  4  13  462.609  3.38279
4  4  14  572.419  2.96525
4  4  15  598.928  3.52227
4  4  16  499.593  2.68323
4  4  17  427.272  2.59825
4  4  18  320.232  2.5217
4  4  19  382.505  2.66408
4  4  20  525.874  2.51899
4  4  21  642.384  3.00215
4  4  22  480.589  2.72372
4  4  23  462.229  2.86986
4  4  24  432.699  2.46357
4  4  25  389.477  2.73688
4  4  26  432.09  2.77719
4  4  27  304.513  2.85993
4  4  28  480.656  2.75131
4  4  29  614.381  3.20655
4  4  30  403.63  3.20244
4  4  31  567.709  3.26852
4  4  32  536.017  1.31275
4  4  33  340.652  1.13172
4  4  34  370.001  1.27521
4  4  35  438.566  1.3016
4  4  36  426.215  1.32403
4  4  37  517.719  1.14802
4  4  38  605.232  1.48197
4  4  39  479.466  1.47754
4  4  40  559.127  1.33846
4  4  41  386.472  1.32045
4  4  42  475.09  1.40818
4  4  43  299.767  1.32518
4  4  44  540.653  1.52187
4  4  45  455.824  1.33969
4  4  46  412.992  1.49681
4  4  47  466.706  1.43354
4  4  48  528.503  1.28599
4  4  49  409.842  1.46
4  4  50  423.86  1.41326
4  4  51  258.112  1.61209
4  4  52  463.787  1.38521
4  4  53  404.202  1.64342
4  4  54  509.98  1.38578
4  4  55  577.211  1.5424
4  4  56  393.962  1.20222
4  4  57  428.239  1.27773
4  4  58  326.14  1.29022
4  4  59  402.287  1.49216
4  4  60  686.948  1.71416
4  4  61  534.179  1.63059
4  4  62  636.634  1.52222
4  4  63  514.046  1.67579
6  4  1  340.675  2.65326
6  4  2  270.356  2.88701
6  4  3  249.728  3.10316
6  4  4  0.674787  0.246009
6  4  8  69.1785  53.7968
