# trigger efficiency based on HyCal module
# it is calculated by C*(1 - e^(A*E - B), C is module dependent, A, B are tdc group dependent
G1         0.9947     5.5629     8.1262
G2         0.9944     5.5629     8.1262
G3         0.9953     5.5629     8.1262
G4         0.9951     5.5629     8.1262
G5         0.9954     5.5629     8.1262
G6         0.9937     5.5629     8.1262
G7         0.9934     25.9089    17.1071
G8         0.9954     25.9089    17.1071
G9         0.9944     25.9089    17.1071
G10        0.9949     25.9089    17.1071
G11        0.9957     25.9089    17.1071
G12        0.9957     25.9089    17.1071
G13        0.9941     0.1221     5.6196
G14        0.9963     0.1221     5.6196
G15        0.9943     0.1221     5.6196
G16        0.9941     0.1221     5.6196
G17        0.994      0.1221     5.6196
G18        0.9945     0.1221     5.6196
G19        0.9952     0.0408     5.3207
G20        0.9958     0.0408     5.3207
G21        0.9929     0.0408     5.3207
G22        0.9947     0.0408     5.3207
G23        0.9954     0.0408     5.3207
G24        0.9936     0.0408     5.3207
G25        0.9943     2.1678     5.7763
G26        0.9945     2.1678     5.7763
G27        0.994      2.1678     5.7763
G28        0.9952     2.1678     5.7763
G29        0.9949     2.1678     5.7763
G30        0.995      2.1678     5.7763
G31        0.9943     5.5629     8.1262
G32        0.9959     5.5629     8.1262
G33        0.9959     5.5629     8.1262
G34        0.995      5.5629     8.1262
G35        0.9953     5.5629     8.1262
G36        0.9945     5.5629     8.1262
G37        0.9944     25.9089    17.1071
G38        0.9949     25.9089    17.1071
G39        0.9936     25.9089    17.1071
G40        0.9954     25.9089    17.1071
G41        0.9956     25.9089    17.1071
G42        0.9955     25.9089    17.1071
G43        0.9941     0.1221     5.6196
G44        0.994      0.1221     5.6196
G45        0.9948     0.1221     5.6196
G46        0.9946     0.1221     5.6196
G47        0.9945     0.1221     5.6196
G48        0.9948     0.1221     5.6196
G49        0.995      0.0408     5.3207
G50        0.9947     0.0408     5.3207
G51        0.9937     0.0408     5.3207
G52        0.9946     0.0408     5.3207
G53        0.9945     0.0408     5.3207
G54        0.9942     0.0408     5.3207
G55        0.9941     2.1678     5.7763
G56        0.9952     2.1678     5.7763
G57        0.9946     2.1678     5.7763
G58        0.9944     2.1678     5.7763
G59        0.9902     2.1678     5.7763
G60        0.9943     2.1678     5.7763
G61        0.9943     5.5629     8.1262
G62        0.9951     5.5629     8.1262
G63        0.9938     5.5629     8.1262
G64        0.9961     5.5629     8.1262
G65        0.9953     5.5629     8.1262
G66        0.9935     5.5629     8.1262
G67        0.9948     25.9089    17.1071
G68        0.9948     25.9089    17.1071
G69        0.9947     25.9089    17.1071
G70        0.9959     25.9089    17.1071
G71        0.9946     25.9089    17.1071
G72        0.9946     25.9089    17.1071
G73        0.9944     0.1221     5.6196
G74        0.8091     0.1221     5.6196
G75        0.9953     0.1221     5.6196
G76        0.9955     0.1221     5.6196
G77        0.9941     0.1221     5.6196
G78        0.9945     0.1221     5.6196
G79        0.994      0.0408     5.3207
G80        0.9935     0.0408     5.3207
G81        0.9941     0.0408     5.3207
G82        0.9948     0.0408     5.3207
G83        0.9957     0.0408     5.3207
G84        0.9961     0.0408     5.3207
G85        0.9949     2.1678     5.7763
G86        0.9964     2.1678     5.7763
G87        0.9951     2.1678     5.7763
G88        0.9958     2.1678     5.7763
G89        0.9947     2.1678     5.7763
G90        0.9942     2.1678     5.7763
G91        0.995      5.5629     8.1262
G92        0.9947     5.5629     8.1262
G93        0.994      5.5629     8.1262
G94        0.9947     5.5629     8.1262
G95        0.9951     5.5629     8.1262
G96        0.9968     5.5629     8.1262
G97        0.993      25.9089    17.1071
G98        0.995      25.9089    17.1071
G99        0.996      25.9089    17.1071
G100       0.9935     25.9089    17.1071
G101       0.9947     25.9089    17.1071
G102       0.9948     25.9089    17.1071
G103       0.9954     0.1221     5.6196
G104       0.9939     0.1221     5.6196
G105       0.9964     0.1221     5.6196
G106       0.9944     0.1221     5.6196
G107       0.9935     0.1221     5.6196
G108       0.9951     0.1221     5.6196
G109       0.9945     0.0408     5.3207
G110       0.9943     0.0408     5.3207
G111       0.9949     0.0408     5.3207
G112       0.9955     0.0408     5.3207
G113       0.9953     0.0408     5.3207
G114       0.9957     0.0408     5.3207
G115       0.995      2.1678     5.7763
G116       0.9952     2.1678     5.7763
G117       0.995      2.1678     5.7763
G118       0.9948     2.1678     5.7763
G119       0.9951     2.1678     5.7763
G120       0.9941     2.1678     5.7763
G121       0.9944     5.5629     8.1262
G122       0.9938     5.5629     8.1262
G123       0.9951     5.5629     8.1262
G124       0.993      5.5629     8.1262
G125       0.9957     5.5629     8.1262
G126       0.9962     5.5629     8.1262
G127       0.994      25.9089    17.1071
G128       0.9948     25.9089    17.1071
G129       0.995      25.9089    17.1071
G130       0.9951     25.9089    17.1071
G131       0.9946     25.9089    17.1071
G132       0.9945     25.9089    17.1071
G133       0.9941     0.1221     5.6196
G134       0.9948     0.1221     5.6196
G135       0.9948     0.1221     5.6196
G136       0.9949     0.1221     5.6196
G137       0.9947     0.1221     5.6196
G138       0.9953     0.1221     5.6196
G139       0.9956     0.0408     5.3207
G140       0.9932     0.0408     5.3207
G141       0.9957     0.0408     5.3207
G142       0.9945     0.0408     5.3207
G143       0.9941     0.0408     5.3207
G144       0.9949     0.0408     5.3207
G145       0.9952     2.1678     5.7763
G146       0.9946     2.1678     5.7763
G147       0.993      2.1678     5.7763
G148       0.9951     2.1678     5.7763
G149       0.9948     2.1678     5.7763
G150       0.9942     2.1678     5.7763
G151       0.9945     5.5629     8.1262
G152       0.9963     5.5629     8.1262
G153       0.9953     5.5629     8.1262
G154       0.9959     5.5629     8.1262
G155       0.9945     5.5629     8.1262
G156       0.9954     5.5629     8.1262
G157       0.9954     25.9089    17.1071
G158       0.9948     25.9089    17.1071
G159       0.9952     25.9089    17.1071
G160       0.996      25.9089    17.1071
G161       0.995      25.9089    17.1071
G162       0.994      25.9089    17.1071
G163       0.9935     0.1221     5.6196
G164       0.9937     0.1221     5.6196
G165       0.996      0.1221     5.6196
G166       0.9942     0.1221     5.6196
G167       0.9952     0.1221     5.6196
G168       0.9954     0.1221     5.6196
G169       0.9925     0.0408     5.3207
G170       0.9949     0.0408     5.3207
G171       0.9932     0.0408     5.3207
G172       0.994      0.0408     5.3207
G173       0.9944     0.0408     5.3207
G174       0.9951     0.0408     5.3207
G175       0.9949     2.1678     5.7763
G176       0.9939     2.1678     5.7763
G177       0.9932     2.1678     5.7763
G178       0.9981     2.1678     5.7763
G179       0.9965     2.1678     5.7763
G180       0.9941     2.1678     5.7763
G181       0.993      4.6426     4.7481
G182       0.9953     4.6426     4.7481
G183       0.9938     4.6426     4.7481
G184       0.9963     4.6426     4.7481
G185       0.9966     4.6426     4.7481
G186       0.9954     4.6426     4.7481
G205       0.9944     1.4873     5.5301
G206       0.9954     1.4873     5.5301
G207       0.9956     1.4873     5.5301
G208       0.9964     1.4873     5.5301
G209       0.9963     1.4873     5.5301
G210       0.9944     1.4873     5.5301
G211       0.9938     4.6426     4.7481
G212       0.9957     4.6426     4.7481
G213       0.9957     4.6426     4.7481
G214       0.9931     4.6426     4.7481
G215       0.9942     4.6426     4.7481
G216       0.9945     4.6426     4.7481
G235       0.9945     1.4873     5.5301
G236       0.9959     1.4873     5.5301
G237       0.996      1.4873     5.5301
G238       0.9942     1.4873     5.5301
G239       0.9959     1.4873     5.5301
G240       0.9953     1.4873     5.5301
G241       0.9942     4.6426     4.7481
G242       0.9959     4.6426     4.7481
G243       0.9955     4.6426     4.7481
G244       0.9946     4.6426     4.7481
G245       0.995      4.6426     4.7481
G246       0.9947     4.6426     4.7481
G265       0.9956     1.4873     5.5301
G266       0.9949     1.4873     5.5301
G267       0.9953     1.4873     5.5301
G268       0.9952     1.4873     5.5301
G269       0.9964     1.4873     5.5301
G270       0.9947     1.4873     5.5301
G271       0.9942     4.6426     4.7481
G272       0.9949     4.6426     4.7481
G273       0.9948     4.6426     4.7481
G274       0.9959     4.6426     4.7481
G275       0.9936     4.6426     4.7481
G276       0.9952     4.6426     4.7481
G295       0.9948     1.4873     5.5301
G296       0.994      1.4873     5.5301
G297       0.9952     1.4873     5.5301
G298       0.9944     1.4873     5.5301
G299       0.9949     1.4873     5.5301
G300       0.9942     1.4873     5.5301
G301       0.9944     4.6426     4.7481
G302       0.9954     4.6426     4.7481
G303       0.9956     4.6426     4.7481
G304       0.9943     4.6426     4.7481
G305       0.9943     4.6426     4.7481
G306       0.9952     4.6426     4.7481
G325       0.9958     1.4873     5.5301
G326       0.9934     1.4873     5.5301
G327       0.9958     1.4873     5.5301
G328       0.995      1.4873     5.5301
G329       0.9955     1.4873     5.5301
G330       0.9947     1.4873     5.5301
G331       0.9933     4.6426     4.7481
G332       0.9941     4.6426     4.7481
G333       0.996      4.6426     4.7481
G334       0.9957     4.6426     4.7481
G335       0.9941     4.6426     4.7481
G336       0.9951     4.6426     4.7481
G355       0.9951     1.4873     5.5301
G356       0.9945     1.4873     5.5301
G357       0.9926     1.4873     5.5301
G358       0.9971     1.4873     5.5301
G359       0.9954     1.4873     5.5301
G360       0.9938     1.4873     5.5301
G361       0.9954     4.7536     4.2228
G362       0.9962     4.7536     4.2228
G363       0.994      4.7536     4.2228
G364       0.9933     4.7536     4.2228
G365       0.995      4.7536     4.2228
G366       0.9948     4.7536     4.2228
G385       0.9944     0.504      4.9964
G386       0.9959     0.504      4.9964
G387       0.9945     0.504      4.9964
G388       0.9944     0.504      4.9964
G389       0.9953     0.504      4.9964
G390       0.9944     0.504      4.9964
G391       0.9941     4.7536     4.2228
G392       0.9961     4.7536     4.2228
G393       0.9947     4.7536     4.2228
G394       0.9946     4.7536     4.2228
G395       0.9959     4.7536     4.2228
G396       0.9961     4.7536     4.2228
G415       0.9944     0.504      4.9964
G416       0.995      0.504      4.9964
G417       0.9927     0.504      4.9964
G418       0.9946     0.504      4.9964
G419       0.9946     0.504      4.9964
G420       0.9943     0.504      4.9964
G421       0.9943     4.7536     4.2228
G422       0.9936     4.7536     4.2228
G423       0.9956     4.7536     4.2228
G424       0.9943     4.7536     4.2228
G425       0.9942     4.7536     4.2228
G426       0.9958     4.7536     4.2228
G445       0.9949     0.504      4.9964
G446       0.9958     0.504      4.9964
G447       0.996      0.504      4.9964
G448       0.9934     0.504      4.9964
G449       0.995      0.504      4.9964
G450       0.9944     0.504      4.9964
G451       0.9937     4.7536     4.2228
G452       0.9932     4.7536     4.2228
G453       0.9971     4.7536     4.2228
G454       0.9979     4.7536     4.2228
G455       0.995      4.7536     4.2228
G456       0.9939     4.7536     4.2228
G475       0.9948     0.504      4.9964
G476       0.9944     0.504      4.9964
G477       0.9923     0.504      4.9964
G478       0.9951     0.504      4.9964
G479       0.994      0.504      4.9964
G480       0.9941     0.504      4.9964
G481       0.9948     4.7536     4.2228
G482       0.9952     4.7536     4.2228
G483       0.994      4.7536     4.2228
G484       0.9946     4.7536     4.2228
G485       0.9943     4.7536     4.2228
G486       0.9423     4.7536     4.2228
G505       0.9932     0.504      4.9964
G506       0.9951     0.504      4.9964
G507       0.9941     0.504      4.9964
G508       0.9949     0.504      4.9964
G509       0.9956     0.504      4.9964
G510       0.9933     0.504      4.9964
G511       0.9942     4.7536     4.2228
G512       0.993      4.7536     4.2228
G513       0.9956     4.7536     4.2228
G514       0.9957     4.7536     4.2228
G515       0.9959     4.7536     4.2228
G516       0.9908     4.7536     4.2228
G535       0.9952     0.504      4.9964
G536       0.9957     0.504      4.9964
G537       0.9936     0.504      4.9964
G538       0.9949     0.504      4.9964
G539       0.9926     0.504      4.9964
G540       0.9956     0.504      4.9964
G541       0.9947     3.1898     4.8096
G542       0.9941     3.1898     4.8096
G543       0.9958     3.1898     4.8096
G544       0.9961     3.1898     4.8096
G545       0.9957     3.1898     4.8096
G546       0.9957     3.1898     4.8096
G565       0.9932     0.4138     5.0498
G566       0.9938     0.4138     5.0498
G567       0.9945     0.4138     5.0498
G568       0.9965     0.4138     5.0498
G569       0.9939     0.4138     5.0498
G570       0.9949     0.4138     5.0498
G571       0.995      3.1898     4.8096
G572       0.9953     3.1898     4.8096
G573       0.9964     3.1898     4.8096
G574       0.9969     3.1898     4.8096
G575       0.9944     3.1898     4.8096
G576       0.9951     3.1898     4.8096
G595       0.9941     0.4138     5.0498
G596       0.9941     0.4138     5.0498
G597       0.9945     0.4138     5.0498
G598       0.9936     0.4138     5.0498
G599       0.9948     0.4138     5.0498
G600       0.9954     0.4138     5.0498
G601       0.9947     3.1898     4.8096
G602       0.9953     3.1898     4.8096
G603       0.9966     3.1898     4.8096
G604       0.994      3.1898     4.8096
G605       0.9949     3.1898     4.8096
G606       0.9952     3.1898     4.8096
G625       0.9948     0.4138     5.0498
G626       0.9951     0.4138     5.0498
G627       0.9943     0.4138     5.0498
G628       0.9939     0.4138     5.0498
G629       0.9917     0.4138     5.0498
G630       0.9939     0.4138     5.0498
G631       0.9948     3.1898     4.8096
G632       0.9952     3.1898     4.8096
G633       0.995      3.1898     4.8096
G634       0.9971     3.1898     4.8096
G635       0.9944     3.1898     4.8096
G636       0.995      3.1898     4.8096
G655       0.9939     0.4138     5.0498
G656       0.9925     0.4138     5.0498
G657       0.9953     0.4138     5.0498
G658       0.9953     0.4138     5.0498
G659       0.9931     0.4138     5.0498
G660       0.9926     0.4138     5.0498
G661       0.9936     3.1898     4.8096
G662       0.9948     3.1898     4.8096
G663       0.9951     3.1898     4.8096
G664       0.9953     3.1898     4.8096
G665       0.9934     3.1898     4.8096
G666       0.9959     3.1898     4.8096
G685       0.9949     0.4138     5.0498
G686       0.9964     0.4138     5.0498
G687       0.9938     0.4138     5.0498
G688       0.9943     0.4138     5.0498
G689       0.9955     0.4138     5.0498
G690       0.9947     0.4138     5.0498
G691       0.9946     3.1898     4.8096
G692       0.9953     3.1898     4.8096
G693       0.9959     3.1898     4.8096
G694       0.996      3.1898     4.8096
G695       0.996      3.1898     4.8096
G696       0.9948     3.1898     4.8096
G715       0.9962     0.4138     5.0498
G716       0.9952     0.4138     5.0498
G717       0.9953     0.4138     5.0498
G718       0.9947     0.4138     5.0498
G719       0.996      0.4138     5.0498
G720       0.9931     0.4138     5.0498
G721       0.9938     3.5524     4.3859
G722       0.9955     3.5524     4.3859
G723       0.9939     3.5524     4.3859
G724       0.9959     3.5524     4.3859
G725       0.9939     3.5524     4.3859
G726       0.9952     3.5524     4.3859
G727       0.9872     3.4933     4.3071
G728       0.9947     3.4933     4.3071
G729       0.9963     3.4933     4.3071
G730       0.9957     3.4933     4.3071
G731       0.9872     3.4933     4.3071
G732       0.9636     3.4933     4.3071
G733       0.9893     3.6479     4.4708
G734       0.9843     3.6479     4.4708
G735       0.9938     3.6479     4.4708
G736       0.9934     3.6479     4.4708
G737       0.9799     3.6479     4.4708
G738       0.9923     3.6479     4.4708
G739       0.9933     3.3265     4.5899
G740       0.9922     3.3265     4.5899
G741       0.9936     3.3265     4.5899
G742       0.9942     3.3265     4.5899
G743       0.9822     3.3265     4.5899
G744       0.9947     3.3265     4.5899
G745       0.9949     4.8567     4.348
G746       0.9951     4.8567     4.348
G747       0.996      4.8567     4.348
G748       0.9941     4.8567     4.348
G749       0.9957     4.8567     4.348
G750       0.9941     4.8567     4.348
G751       0.9942     3.5524     4.3859
G752       0.9962     3.5524     4.3859
G753       0.9957     3.5524     4.3859
G754       0.9946     3.5524     4.3859
G755       0.9942     3.5524     4.3859
G756       0.9948     3.5524     4.3859
G757       0.9938     3.4933     4.3071
G758       0.9959     3.4933     4.3071
G759       0.9946     3.4933     4.3071
G760       0.9959     3.4933     4.3071
G761       0.9934     3.4933     4.3071
G762       0.9939     3.4933     4.3071
G763       0.9936     3.6479     4.4708
G764       0.9912     3.6479     4.4708
G765       0.9941     3.6479     4.4708
G766       0.9944     3.6479     4.4708
G767       0.9954     3.6479     4.4708
G768       0.9962     3.6479     4.4708
G769       0.9951     3.3265     4.5899
G770       0.9951     3.3265     4.5899
G771       0.9942     3.3265     4.5899
G772       0.993      3.3265     4.5899
G773       0.9932     3.3265     4.5899
G774       0.9951     3.3265     4.5899
G775       0.9778     4.8567     4.348
G776       0.9955     4.8567     4.348
G777       0.9946     4.8567     4.348
G778       0.9958     4.8567     4.348
G779       0.995      4.8567     4.348
G780       0.9955     4.8567     4.348
G781       0.9938     3.5524     4.3859
G782       0.9936     3.5524     4.3859
G783       0.9946     3.5524     4.3859
G784       0.9949     3.5524     4.3859
G785       0.9963     3.5524     4.3859
G786       0.9947     3.5524     4.3859
G787       0.9958     3.4933     4.3071
G788       0.9939     3.4933     4.3071
G789       0.9945     3.4933     4.3071
G790       0.9971     3.4933     4.3071
G791       0.9961     3.4933     4.3071
G792       0.993      3.4933     4.3071
G793       0.9933     3.6479     4.4708
G794       0.993      3.6479     4.4708
G795       0.9934     3.6479     4.4708
G796       0.9941     3.6479     4.4708
G797       0.9961     3.6479     4.4708
G798       0.9957     3.6479     4.4708
G799       0.9943     3.3265     4.5899
G800       0.9949     3.3265     4.5899
G801       0.9931     3.3265     4.5899
G802       0.9944     3.3265     4.5899
G803       0.9955     3.3265     4.5899
G804       0.9954     3.3265     4.5899
G805       0.9922     4.8567     4.348
G806       0.9962     4.8567     4.348
G807       0.9947     4.8567     4.348
G808       0.9939     4.8567     4.348
G809       0.9919     4.8567     4.348
G810       0.9949     4.8567     4.348
G811       0.9946     3.5524     4.3859
G812       0.9931     3.5524     4.3859
G813       0.9944     3.5524     4.3859
G814       0.9946     3.5524     4.3859
G815       0.9942     3.5524     4.3859
G816       0.9947     3.5524     4.3859
G817       0.9947     3.4933     4.3071
G818       0.9935     3.4933     4.3071
G819       0.9941     3.4933     4.3071
G820       0.9954     3.4933     4.3071
G821       0.9955     3.4933     4.3071
G822       0.9958     3.4933     4.3071
G823       0.9938     3.6479     4.4708
G824       0.9917     3.6479     4.4708
G825       0.9933     3.6479     4.4708
G826       0.9947     3.6479     4.4708
G827       0.9953     3.6479     4.4708
G828       0.9942     3.6479     4.4708
G829       0.9954     3.3265     4.5899
G830       0.9951     3.3265     4.5899
G831       0.9942     3.3265     4.5899
G832       0.9947     3.3265     4.5899
G833       0.9954     3.3265     4.5899
G834       0.9957     3.3265     4.5899
G835       0.9963     4.8567     4.348
G836       0.9934     4.8567     4.348
G837       0.9961     4.8567     4.348
G838       0.9943     4.8567     4.348
G839       0.9949     4.8567     4.348
G840       0.9951     4.8567     4.348
G841       0.9937     3.5524     4.3859
G842       0.9946     3.5524     4.3859
G843       0.995      3.5524     4.3859
G844       0.9958     3.5524     4.3859
G845       0.9939     3.5524     4.3859
G846       0.9943     3.5524     4.3859
G847       0.9962     3.4933     4.3071
G848       0.996      3.4933     4.3071
G849       0.9949     3.4933     4.3071
G850       0.9946     3.4933     4.3071
G851       0.9961     3.4933     4.3071
G852       0.9943     3.4933     4.3071
G853       0.9937     3.6479     4.4708
G854       0.9953     3.6479     4.4708
G855       0.9951     3.6479     4.4708
G856       0.9954     3.6479     4.4708
G857       0.9946     3.6479     4.4708
G858       0.9943     3.6479     4.4708
G859       0.9944     3.3265     4.5899
G860       0.9938     3.3265     4.5899
G861       0.9938     3.3265     4.5899
G862       0.9962     3.3265     4.5899
G863       0.9946     3.3265     4.5899
G864       0.9948     3.3265     4.5899
G865       0.9944     4.8567     4.348
G866       0.9959     4.8567     4.348
G867       0.9954     4.8567     4.348
G868       0.9946     4.8567     4.348
G869       0.9945     4.8567     4.348
G870       0.9924     4.8567     4.348
G871       0.9947     3.5524     4.3859
G872       0.9948     3.5524     4.3859
G873       0.9941     3.5524     4.3859
G874       0.9959     3.5524     4.3859
G875       0.9944     3.5524     4.3859
G876       0.9952     3.5524     4.3859
G877       0.9949     3.4933     4.3071
G878       0.996      3.4933     4.3071
G879       0.9955     3.4933     4.3071
G880       0.9926     3.4933     4.3071
G881       0.9952     3.4933     4.3071
G882       0.9946     3.4933     4.3071
G883       0.9955     3.6479     4.4708
G884       0.9925     3.6479     4.4708
G885       0.9926     3.6479     4.4708
G886       0.9927     3.6479     4.4708
G887       0.9932     3.6479     4.4708
G888       0.9963     3.6479     4.4708
G889       0.9951     3.3265     4.5899
G890       0.995      3.3265     4.5899
G891       0.9924     3.3265     4.5899
G892       0.9933     3.3265     4.5899
G893       0.9944     3.3265     4.5899
G894       0.995      3.3265     4.5899
G895       0.9955     4.8567     4.348
G896       0.9924     4.8567     4.348
G897       0.9957     4.8567     4.348
G898       0.9942     4.8567     4.348
G899       0.9946     4.8567     4.348
G900       0.0        4.8567     4.348
W1         0.9944     10.0484    2.3204
W2         0.9951     10.0484    2.3204
W3         0.9936     10.0484    2.3204
W4         0.9904     10.0484    2.3204
W5         0.9944     10.0484    2.3204
W6         0.993      10.0484    2.3204
W7         0.9934     8.1411     2.6921
W8         0.9948     8.1411     2.6921
W9         0.9943     8.1411     2.6921
W10        0.9935     8.1411     2.6921
W11        0.9923     8.1411     2.6921
W12        0.9917     8.1411     2.6921
W13        0.9931     10.6536    1.7516
W14        0.9928     10.6536    1.7516
W15        0.9925     10.6536    1.7516
W16        0.9937     10.6536    1.7516
W17        0.9945     10.6536    1.7516
W18        0.9936     10.4333    1.8528
W19        0.9935     10.4333    1.8528
W20        0.9932     10.4333    1.8528
W21        0.994      10.4333    1.8528
W22        0.9943     10.4333    1.8528
W23        0.9955     4.2388     4.1973
W24        0.9931     4.2388     4.1973
W25        0.994      4.2388     4.1973
W26        0.994      4.2388     4.1973
W27        0.9942     4.2388     4.1973
W28        0.9931     4.2388     4.1973
W29        0.9928     12.7928    0.8969
W30        0.9927     12.7928    0.8969
W31        0.9948     12.7928    0.8969
W32        0.9946     12.7928    0.8969
W33        0.9961     12.7928    0.8969
W34        0.994      12.7928    0.8969
W35        0.9938     10.0484    2.3204
W36        0.9932     10.0484    2.3204
W37        0.9937     10.0484    2.3204
W38        0.9954     10.0484    2.3204
W39        0.9943     10.0484    2.3204
W40        0.9933     10.0484    2.3204
W41        0.9942     8.1411     2.6921
W42        0.9945     8.1411     2.6921
W43        0.9955     8.1411     2.6921
W44        0.9929     8.1411     2.6921
W45        0.9925     8.1411     2.6921
W46        0.9939     8.1411     2.6921
W47        0.9946     10.6536    1.7516
W48        0.994      10.6536    1.7516
W49        0.9942     10.6536    1.7516
W50        0.9945     10.6536    1.7516
W51        0.9938     10.6536    1.7516
W52        0.994      10.4333    1.8528
W53        0.9944     10.4333    1.8528
W54        0.9933     10.4333    1.8528
W55        0.9933     10.4333    1.8528
W56        0.9948     10.4333    1.8528
W57        0.9942     4.2388     4.1973
W58        0.9944     4.2388     4.1973
W59        0.995      4.2388     4.1973
W60        0.9934     4.2388     4.1973
W61        0.9945     4.2388     4.1973
W62        0.9945     4.2388     4.1973
W63        0.9957     12.7928    0.8969
W64        0.995      12.7928    0.8969
W65        0.995      12.7928    0.8969
W66        0.9951     12.7928    0.8969
W67        0.9941     12.7928    0.8969
W68        0.9953     12.7928    0.8969
W69        -0.7572    10.0484    2.3204
W70        0.9949     10.0484    2.3204
W71        0.9928     10.0484    2.3204
W72        0.9934     10.0484    2.3204
W73        0.9958     10.0484    2.3204
W74        0.994      10.0484    2.3204
W75        0.9929     8.1411     2.6921
W76        0.9937     8.1411     2.6921
W77        0.9938     8.1411     2.6921
W78        0.9947     8.1411     2.6921
W79        0.9934     8.1411     2.6921
W80        0.9932     8.1411     2.6921
W81        0.9933     10.6536    1.7516
W82        0.9931     10.6536    1.7516
W83        0.9947     10.6536    1.7516
W84        0.9908     10.6536    1.7516
W85        0.9932     10.6536    1.7516
W86        0.9942     10.4333    1.8528
W87        0.9955     10.4333    1.8528
W88        0.9952     10.4333    1.8528
W89        0.9968     10.4333    1.8528
W90        0.9952     10.4333    1.8528
W91        0.9952     4.2388     4.1973
W92        0.9952     4.2388     4.1973
W93        0.9934     4.2388     4.1973
W94        0.9924     4.2388     4.1973
W95        0.9943     4.2388     4.1973
W96        0.9949     4.2388     4.1973
W97        0.9928     12.7928    0.8969
W98        0.9942     12.7928    0.8969
W99        0.993      12.7928    0.8969
W100       0.9931     12.7928    0.8969
W101       0.9931     12.7928    0.8969
W102       0.995      12.7928    0.8969
W103       0.9953     10.0484    2.3204
W104       0.9953     10.0484    2.3204
W105       0.9947     10.0484    2.3204
W106       0.9947     10.0484    2.3204
W107       0.9956     10.0484    2.3204
W108       0.9956     10.0484    2.3204
W109       0.9914     8.1411     2.6921
W110       0.995      8.1411     2.6921
W111       0.9952     8.1411     2.6921
W112       0.9955     8.1411     2.6921
W113       0.9948     8.1411     2.6921
W114       0.9917     8.1411     2.6921
W115       0.9933     10.6536    1.7516
W116       0.9953     10.6536    1.7516
W117       0.9944     10.6536    1.7516
W118       0.9941     10.6536    1.7516
W119       0.994      10.6536    1.7516
W120       0.9938     10.4333    1.8528
W121       0.9945     10.4333    1.8528
W122       0.9949     10.4333    1.8528
W123       0.9935     10.4333    1.8528
W124       0.9937     10.4333    1.8528
W125       0.9943     4.2388     4.1973
W126       0.9947     4.2388     4.1973
W127       0.9937     4.2388     4.1973
W128       0.9945     4.2388     4.1973
W129       0.9927     4.2388     4.1973
W130       0.9952     4.2388     4.1973
W131       0.9952     12.7928    0.8969
W132       0.9952     12.7928    0.8969
W133       0.9937     12.7928    0.8969
W134       0.9933     12.7928    0.8969
W135       0.9944     12.7928    0.8969
W136       0.9951     12.7928    0.8969
W137       0.9953     10.0484    2.3204
W138       0.9949     10.0484    2.3204
W139       0.994      10.0484    2.3204
W140       0.995      10.0484    2.3204
W141       0.9948     10.0484    2.3204
W142       0.9933     10.0484    2.3204
W143       0.9937     8.1411     2.6921
W144       0.9948     8.1411     2.6921
W145       0.9956     8.1411     2.6921
W146       0.9954     8.1411     2.6921
W147       0.9948     8.1411     2.6921
W148       0.9947     8.1411     2.6921
W149       0.9951     10.6536    1.7516
W150       0.9953     10.6536    1.7516
W151       0.9957     10.6536    1.7516
W152       0.9954     10.6536    1.7516
W153       0.9939     10.6536    1.7516
W154       0.9946     10.4333    1.8528
W155       0.9939     10.4333    1.8528
W156       0.994      10.4333    1.8528
W157       0.9936     10.4333    1.8528
W158       0.9946     10.4333    1.8528
W159       0.994      4.2388     4.1973
W160       0.9958     4.2388     4.1973
W161       0.9943     4.2388     4.1973
W162       0.993      4.2388     4.1973
W163       0.9937     4.2388     4.1973
W164       0.9931     4.2388     4.1973
W165       0.9934     12.7928    0.8969
W166       0.9937     12.7928    0.8969
W167       0.9946     12.7928    0.8969
W168       0.995      12.7928    0.8969
W169       0.995      12.7928    0.8969
W170       0.995      12.7928    0.8969
W171       0.9944     10.0484    2.3204
W172       0.9935     10.0484    2.3204
W173       0.9941     10.0484    2.3204
W174       0.9941     10.0484    2.3204
W175       0.9955     10.0484    2.3204
W176       0.9953     10.0484    2.3204
W177       0.9949     8.1411     2.6921
W178       0.9946     8.1411     2.6921
W179       0.9956     8.1411     2.6921
W180       0.9948     8.1411     2.6921
W181       0.9935     8.1411     2.6921
W182       0.9947     8.1411     2.6921
W183       0.9935     10.6536    1.7516
W184       0.9963     10.6536    1.7516
W185       0.9941     10.6536    1.7516
W186       0.995      10.6536    1.7516
W187       0.9941     10.6536    1.7516
W188       0.9947     10.4333    1.8528
W189       0.996      10.4333    1.8528
W190       0.9944     10.4333    1.8528
W191       0.9939     10.4333    1.8528
W192       0.9955     10.4333    1.8528
W193       0.9939     4.2388     4.1973
W194       0.9946     4.2388     4.1973
W195       0.9942     4.2388     4.1973
W196       0.9954     4.2388     4.1973
W197       0.9949     4.2388     4.1973
W198       0.9935     4.2388     4.1973
W199       0.9951     12.7928    0.8969
W200       0.9934     12.7928    0.8969
W201       0.9952     12.7928    0.8969
W202       0.993      12.7928    0.8969
W203       0.994      12.7928    0.8969
W204       0.9939     12.7928    0.8969
W205       0.9955     9.1765     2.4838
W206       0.9945     9.1765     2.4838
W207       0.9939     9.1765     2.4838
W208       0.9956     9.1765     2.4838
W209       0.9947     9.1765     2.4838
W210       0.9941     9.1765     2.4838
W211       0.9942     11.2851    1.873
W212       0.9946     11.2851    1.873
W213       0.9944     11.2851    1.873
W214       0.9951     11.2851    1.873
W215       0.9949     11.2851    1.873
W216       0.9945     11.2851    1.873
W217       0.9948     13.5869    1.2736
W218       0.9942     13.5869    1.2736
W219       0.9951     13.5869    1.2736
W220       0.9943     13.5869    1.2736
W221       0.9947     13.5869    1.2736
W222       0.9933     12.9836    1.3706
W223       0.993      12.9836    1.3706
W224       0.9951     12.9836    1.3706
W225       0.9951     12.9836    1.3706
W226       0.9946     12.9836    1.3706
W227       0.9915     13.2438    1.2638
W228       0.9934     13.2438    1.2638
W229       0.9959     13.2438    1.2638
W230       0.993      13.2438    1.2638
W231       0.9961     13.2438    1.2638
W232       0.9943     13.2438    1.2638
W233       0.994      14.4353    0.811
W234       0.9956     14.4353    0.811
W235       0.9952     14.4353    0.811
W236       0.9956     14.4353    0.811
W237       0.9947     14.4353    0.811
W238       0.994      14.4353    0.811
W239       0.9944     9.1765     2.4838
W240       0.9951     9.1765     2.4838
W241       0.9949     9.1765     2.4838
W242       0.9955     9.1765     2.4838
W243       0.9957     9.1765     2.4838
W244       0.9948     9.1765     2.4838
W245       0.9936     11.2851    1.873
W246       0.9953     11.2851    1.873
W247       0.9952     11.2851    1.873
W248       0.9943     11.2851    1.873
W249       0.9924     11.2851    1.873
W250       0.9935     11.2851    1.873
W251       0.9934     13.5869    1.2736
W252       0.9946     13.5869    1.2736
W253       0.9947     13.5869    1.2736
W254       0.9937     13.5869    1.2736
W255       0.9943     13.5869    1.2736
W256       0.996      12.9836    1.3706
W257       0.9951     12.9836    1.3706
W258       0.9952     12.9836    1.3706
W259       0.9951     12.9836    1.3706
W260       0.9937     12.9836    1.3706
W261       0.9941     13.2438    1.2638
W262       0.9943     13.2438    1.2638
W263       0.9949     13.2438    1.2638
W264       0.9942     13.2438    1.2638
W265       0.9954     13.2438    1.2638
W266       0.9949     13.2438    1.2638
W267       0.9947     14.4353    0.811
W268       0.9948     14.4353    0.811
W269       0.9956     14.4353    0.811
W270       0.9946     14.4353    0.811
W271       0.9949     14.4353    0.811
W272       0.9939     14.4353    0.811
W273       0.9939     9.1765     2.4838
W274       0.9954     9.1765     2.4838
W275       0.995      9.1765     2.4838
W276       0.9934     9.1765     2.4838
W277       0.9957     9.1765     2.4838
W278       0.995      9.1765     2.4838
W279       0.9946     11.2851    1.873
W280       0.9959     11.2851    1.873
W281       0.9957     11.2851    1.873
W282       0.9956     11.2851    1.873
W283       0.997      11.2851    1.873
W284       0.995      11.2851    1.873
W285       0.9913     13.5869    1.2736
W286       0.9949     13.5869    1.2736
W287       0.9935     13.5869    1.2736
W288       0.9953     13.5869    1.2736
W289       0.9946     13.5869    1.2736
W290       0.9948     12.9836    1.3706
W291       0.994      12.9836    1.3706
W292       0.9943     12.9836    1.3706
W293       0.9949     12.9836    1.3706
W294       0.9939     12.9836    1.3706
W295       0.9942     13.2438    1.2638
W296       0.9952     13.2438    1.2638
W297       0.9948     13.2438    1.2638
W298       0.995      13.2438    1.2638
W299       0.9946     13.2438    1.2638
W300       0.9927     13.2438    1.2638
W301       0.9943     14.4353    0.811
W302       0.9941     14.4353    0.811
W303       0.9942     14.4353    0.811
W304       0.9941     14.4353    0.811
W305       0.9948     14.4353    0.811
W306       0.995      14.4353    0.811
W307       0.9954     9.1765     2.4838
W308       0.9955     9.1765     2.4838
W309       0.9931     9.1765     2.4838
W310       0.994      9.1765     2.4838
W311       0.9957     9.1765     2.4838
W312       0.9939     9.1765     2.4838
W313       0.9951     11.2851    1.873
W314       0.9935     11.2851    1.873
W315       0.9962     11.2851    1.873
W316       0.9951     11.2851    1.873
W317       0.9947     11.2851    1.873
W318       0.9945     11.2851    1.873
W319       0.9926     13.5869    1.2736
W320       0.9953     13.5869    1.2736
W321       0.9961     13.5869    1.2736
W322       0.9961     13.5869    1.2736
W323       0.9947     13.5869    1.2736
W324       0.9946     12.9836    1.3706
W325       0.9945     12.9836    1.3706
W326       0.9964     12.9836    1.3706
W327       0.9943     12.9836    1.3706
W328       0.9941     12.9836    1.3706
W329       0.994      13.2438    1.2638
W330       0.9942     13.2438    1.2638
W331       0.9957     13.2438    1.2638
W332       0.9955     13.2438    1.2638
W333       0.9954     13.2438    1.2638
W334       0.9953     13.2438    1.2638
W335       0.9933     14.4353    0.811
W336       0.9957     14.4353    0.811
W337       0.9961     14.4353    0.811
W338       0.9952     14.4353    0.811
W339       0.9935     14.4353    0.811
W340       0.9943     14.4353    0.811
W341       0.9933     9.1765     2.4838
W342       0.9869     9.1765     2.4838
W343       0.9935     9.1765     2.4838
W344       0.9953     9.1765     2.4838
W345       0.9956     9.1765     2.4838
W346       0.995      9.1765     2.4838
W347       0.9946     11.2851    1.873
W348       0.9932     11.2851    1.873
W349       0.9952     11.2851    1.873
W350       0.9951     11.2851    1.873
W351       0.9959     11.2851    1.873
W352       0.9946     11.2851    1.873
W353       0.9927     13.5869    1.2736
W354       0.9938     13.5869    1.2736
W355       0.9947     13.5869    1.2736
W356       0.9957     13.5869    1.2736
W357       0.9933     13.5869    1.2736
W358       0.9942     12.9836    1.3706
W359       0.9953     12.9836    1.3706
W360       0.9931     12.9836    1.3706
W361       0.9958     12.9836    1.3706
W362       0.995      12.9836    1.3706
W363       0.9933     13.2438    1.2638
W364       0.9944     13.2438    1.2638
W365       0.9952     13.2438    1.2638
W366       0.995      13.2438    1.2638
W367       0.9942     13.2438    1.2638
W368       0.9949     13.2438    1.2638
W369       0.9958     14.4353    0.811
W370       0.9951     14.4353    0.811
W371       0.9961     14.4353    0.811
W372       0.9954     14.4353    0.811
W373       0.9952     14.4353    0.811
W374       0.9945     14.4353    0.811
W375       0.9941     9.1765     2.4838
W376       0.9953     9.1765     2.4838
W377       0.9945     9.1765     2.4838
W378       0.9955     9.1765     2.4838
W379       0.996      9.1765     2.4838
W380       0.9953     9.1765     2.4838
W381       0.9954     11.2851    1.873
W382       0.9946     11.2851    1.873
W383       0.9936     11.2851    1.873
W384       0.9959     11.2851    1.873
W385       0.9957     11.2851    1.873
W386       0.9947     11.2851    1.873
W387       0.994      13.5869    1.2736
W388       0.995      13.5869    1.2736
W389       0.9965     13.5869    1.2736
W390       0.9945     13.5869    1.2736
W391       0.9949     13.5869    1.2736
W392       0.994      12.9836    1.3706
W393       0.9946     12.9836    1.3706
W394       0.9964     12.9836    1.3706
W395       0.9958     12.9836    1.3706
W396       0.9959     12.9836    1.3706
W397       0.9951     13.2438    1.2638
W398       0.9933     13.2438    1.2638
W399       0.9955     13.2438    1.2638
W400       0.9939     13.2438    1.2638
W401       0.9963     13.2438    1.2638
W402       0.9933     13.2438    1.2638
W403       0.9926     14.4353    0.811
W404       0.9948     14.4353    0.811
W405       0.995      14.4353    0.811
W406       0.9957     14.4353    0.811
W407       0.9934     14.4353    0.811
W408       0.9951     14.4353    0.811
W409       0.9947     7.4321     2.8313
W410       0.9942     7.4321     2.8313
W411       0.9937     7.4321     2.8313
W412       0.9945     7.4321     2.8313
W413       0.9955     7.4321     2.8313
W414       0.9942     7.4321     2.8313
W415       0.9949     10.447     1.8254
W416       0.9941     10.447     1.8254
W417       0.9948     10.447     1.8254
W418       0.9951     10.447     1.8254
W419       0.9951     10.447     1.8254
W420       0.995      10.447     1.8254
W421       0.9962     14.0003    0.3775
W422       0.9951     14.0003    0.3775
W423       0.9943     14.0003    0.3775
W424       0.9943     14.0003    0.3775
W425       0.9927     14.0003    0.3775
W426       0.9938     11.6638    1.6038
W427       0.9941     11.6638    1.6038
W428       0.9955     11.6638    1.6038
W429       0.9953     11.6638    1.6038
W430       0.994      11.6638    1.6038
W431       0.9946     16.3079    0.0
W432       0.9937     16.3079    0.0
W433       0.9943     16.3079    0.0
W434       0.9937     16.3079    0.0
W435       0.9947     16.3079    0.0
W436       0.9932     16.3079    0.0
W437       0.995      11.2125    1.2905
W438       0.9953     11.2125    1.2905
W439       0.9957     11.2125    1.2905
W440       0.9953     11.2125    1.2905
W441       0.9946     11.2125    1.2905
W442       0.9951     11.2125    1.2905
W443       0.9955     7.4321     2.8313
W444       0.9923     7.4321     2.8313
W445       0.9953     7.4321     2.8313
W446       0.9955     7.4321     2.8313
W447       0.9945     7.4321     2.8313
W448       0.9961     7.4321     2.8313
W449       0.9946     10.447     1.8254
W450       0.9945     10.447     1.8254
W451       0.9944     10.447     1.8254
W452       0.995      10.447     1.8254
W453       0.995      10.447     1.8254
W454       0.9942     10.447     1.8254
W455       0.995      14.0003    0.3775
W456       0.9939     14.0003    0.3775
W457       0.9965     14.0003    0.3775
W458       0.9949     14.0003    0.3775
W459       0.9936     14.0003    0.3775
W460       0.9927     11.6638    1.6038
W461       0.9937     11.6638    1.6038
W462       0.9948     11.6638    1.6038
W463       0.9955     11.6638    1.6038
W464       0.995      11.6638    1.6038
W465       0.9935     16.3079    0.0
W466       0.9936     16.3079    0.0
W467       0.9944     16.3079    0.0
W468       0.9948     16.3079    0.0
W469       0.9941     16.3079    0.0
W470       0.9942     16.3079    0.0
W471       0.9948     11.2125    1.2905
W472       0.995      11.2125    1.2905
W473       0.9941     11.2125    1.2905
W474       0.9942     11.2125    1.2905
W475       0.9942     11.2125    1.2905
W476       0.995      11.2125    1.2905
W477       0.9918     7.4321     2.8313
W478       0.9945     7.4321     2.8313
W479       0.9938     7.4321     2.8313
W480       0.9934     7.4321     2.8313
W481       0.9951     7.4321     2.8313
W482       0.9938     7.4321     2.8313
W483       0.9936     10.447     1.8254
W484       0.9947     10.447     1.8254
W485       0.9939     10.447     1.8254
W486       0.9944     10.447     1.8254
W487       0.9945     10.447     1.8254
W488       0.9922     10.447     1.8254
W489       0.9944     14.0003    0.3775
W490       0.9935     14.0003    0.3775
W491       0.9947     14.0003    0.3775
W492       0.9961     14.0003    0.3775
W493       0.9942     14.0003    0.3775
W494       0.9953     11.6638    1.6038
W495       0.9949     11.6638    1.6038
W496       0.9955     11.6638    1.6038
W497       0.9958     11.6638    1.6038
W498       0.9956     11.6638    1.6038
W499       0.9946     16.3079    0.0
W500       0.9941     16.3079    0.0
W501       0.9944     16.3079    0.0
W502       0.9941     16.3079    0.0
W503       0.9927     16.3079    0.0
W504       0.9936     16.3079    0.0
W505       0.9959     11.2125    1.2905
W506       0.9957     11.2125    1.2905
W507       0.9936     11.2125    1.2905
W508       0.9943     11.2125    1.2905
W509       0.9942     11.2125    1.2905
W510       0.9932     11.2125    1.2905
W511       0.9952     7.4321     2.8313
W512       0.9947     7.4321     2.8313
W513       0.9932     7.4321     2.8313
W514       0.9962     7.4321     2.8313
W515       0.9942     7.4321     2.8313
W516       0.9963     7.4321     2.8313
W517       0.9937     10.447     1.8254
W518       0.9941     10.447     1.8254
W519       0.9942     10.447     1.8254
W520       0.9955     10.447     1.8254
W521       0.9952     10.447     1.8254
W522       0.9941     10.447     1.8254
W523       0.9953     14.0003    0.3775
W524       0.995      14.0003    0.3775
W525       0.9948     14.0003    0.3775
W526       0.9884     14.0003    0.3775
W527       0.9935     14.0003    0.3775
W528       0.9951     11.6638    1.6038
W529       0.9962     11.6638    1.6038
W530       0.9949     11.6638    1.6038
W531       0.995      11.6638    1.6038
W532       0.9958     11.6638    1.6038
W533       0.9953     16.3079    0.0
W534       0.9945     16.3079    0.0
W535       0.993      16.3079    0.0
W536       0.9954     16.3079    0.0
W537       0.9943     16.3079    0.0
W538       0.9946     16.3079    0.0
W539       0.9969     11.2125    1.2905
W540       0.9955     11.2125    1.2905
W541       0.9941     11.2125    1.2905
W542       0.9942     11.2125    1.2905
W543       0.9944     11.2125    1.2905
W544       0.9958     11.2125    1.2905
W545       0.9949     7.4321     2.8313
W546       0.9946     7.4321     2.8313
W547       0.9927     7.4321     2.8313
W548       0.995      7.4321     2.8313
W549       0.9941     7.4321     2.8313
W550       0.9943     7.4321     2.8313
W551       0.9946     10.447     1.8254
W552       0.9934     10.447     1.8254
W553       0.9939     10.447     1.8254
W554       0.9939     10.447     1.8254
W555       0.9933     10.447     1.8254
W556       0.9933     10.447     1.8254
W557       0.9942     14.0003    0.3775
W558       0.9954     14.0003    0.3775
W559       0.9946     14.0003    0.3775
W560       0.9916     14.0003    0.3775
W563       0.8181     11.6638    1.6038
W564       0.9941     11.6638    1.6038
W565       0.9968     11.6638    1.6038
W566       0.9939     11.6638    1.6038
W567       0.9948     16.3079    0.0
W568       0.9939     16.3079    0.0
W569       0.9953     16.3079    0.0
W570       0.995      16.3079    0.0
W571       0.9926     16.3079    0.0
W572       0.9935     16.3079    0.0
W573       0.9924     11.2125    1.2905
W574       0.9937     11.2125    1.2905
W575       0.9953     11.2125    1.2905
W576       0.9921     11.2125    1.2905
W577       0.9954     11.2125    1.2905
W578       0.9949     11.2125    1.2905
W579       0.9938     13.3855    1.2154
W580       0.994      13.3855    1.2154
W581       0.994      13.3855    1.2154
W582       0.9948     13.3855    1.2154
W583       0.9953     13.3855    1.2154
W584       0.9958     13.3855    1.2154
W585       0.9945     8.1703     2.3706
W586       0.9935     8.1703     2.3706
W587       0.994      8.1703     2.3706
W588       0.9942     8.1703     2.3706
W589       0.9943     8.1703     2.3706
W590       0.9945     8.1703     2.3706
W591       0.9946     10.9979    2.2411
W592       0.9948     10.9979    2.2411
W593       0.9932     10.9979    2.2411
W594       0.9873     10.9979    2.2411
W597       0.1091     11.2584    2.0704
W598       0.9961     11.2584    2.0704
W599       0.9959     11.2584    2.0704
W600       0.9952     11.2584    2.0704
W601       0.9937     15.6869    0.3306
W602       0.9947     15.6869    0.3306
W603       0.9958     15.6869    0.3306
W604       0.9951     15.6869    0.3306
W605       0.995      15.6869    0.3306
W606       0.9941     15.6869    0.3306
W607       0.9948     8.3911     2.4258
W608       0.9952     8.3911     2.4258
W609       0.9938     8.3911     2.4258
W610       0.9934     8.3911     2.4258
W611       0.9948     8.3911     2.4258
W612       0.995      8.3911     2.4258
W613       0.9936     13.3855    1.2154
W614       0.9942     13.3855    1.2154
W615       0.9947     13.3855    1.2154
W616       0.9959     13.3855    1.2154
W617       0.9951     13.3855    1.2154
W618       0.9948     13.3855    1.2154
W619       0.9945     8.1703     2.3706
W620       0.9956     8.1703     2.3706
W621       0.996      8.1703     2.3706
W622       0.9946     8.1703     2.3706
W623       0.9952     8.1703     2.3706
W624       0.9957     8.1703     2.3706
W625       0.9945     10.9979    2.2411
W626       0.9952     10.9979    2.2411
W627       0.9946     10.9979    2.2411
W628       0.9936     10.9979    2.2411
W629       0.9923     10.9979    2.2411
W630       0.8174     11.2584    2.0704
W631       0.9982     11.2584    2.0704
W632       0.9935     11.2584    2.0704
W633       0.9957     11.2584    2.0704
W634       0.995      11.2584    2.0704
W635       0.9951     15.6869    0.3306
W636       0.9951     15.6869    0.3306
W637       0.9949     15.6869    0.3306
W638       0.9942     15.6869    0.3306
W639       0.9948     15.6869    0.3306
W640       0.9946     15.6869    0.3306
W641       0.9953     8.3911     2.4258
W642       0.9953     8.3911     2.4258
W643       0.9937     8.3911     2.4258
W644       0.9951     8.3911     2.4258
W645       0.9946     8.3911     2.4258
W646       0.9951     8.3911     2.4258
W647       0.9954     13.3855    1.2154
W648       0.9949     13.3855    1.2154
W649       0.9939     13.3855    1.2154
W650       0.995      13.3855    1.2154
W651       0.9964     13.3855    1.2154
W652       0.9958     13.3855    1.2154
W653       0.9941     8.1703     2.3706
W654       0.994      8.1703     2.3706
W655       0.9939     8.1703     2.3706
W656       0.9951     8.1703     2.3706
W657       0.9939     8.1703     2.3706
W658       0.9932     8.1703     2.3706
W659       0.9935     10.9979    2.2411
W660       0.9958     10.9979    2.2411
W661       0.995      10.9979    2.2411
W662       0.9954     10.9979    2.2411
W663       0.9929     10.9979    2.2411
W664       0.9922     11.2584    2.0704
W665       0.9947     11.2584    2.0704
W666       0.9947     11.2584    2.0704
W667       0.9945     11.2584    2.0704
W668       0.9947     11.2584    2.0704
W669       0.9943     15.6869    0.3306
W670       0.9947     15.6869    0.3306
W671       0.9955     15.6869    0.3306
W672       0.9941     15.6869    0.3306
W673       0.9936     15.6869    0.3306
W674       0.994      15.6869    0.3306
W675       0.9951     8.3911     2.4258
W676       0.9953     8.3911     2.4258
W677       0.9944     8.3911     2.4258
W678       0.9942     8.3911     2.4258
W679       0.994      8.3911     2.4258
W680       0.9949     8.3911     2.4258
W681       0.9953     13.3855    1.2154
W682       0.9944     13.3855    1.2154
W683       0.9945     13.3855    1.2154
W684       0.9939     13.3855    1.2154
W685       0.9953     13.3855    1.2154
W686       0.9953     13.3855    1.2154
W687       0.9947     8.1703     2.3706
W688       0.9945     8.1703     2.3706
W689       0.9923     8.1703     2.3706
W690       0.9949     8.1703     2.3706
W691       0.9967     8.1703     2.3706
W692       0.9951     8.1703     2.3706
W693       0.9952     10.9979    2.2411
W694       0.9955     10.9979    2.2411
W695       0.9947     10.9979    2.2411
W696       0.996      10.9979    2.2411
W697       0.9936     10.9979    2.2411
W698       0.9945     11.2584    2.0704
W699       0.9945     11.2584    2.0704
W700       0.9966     11.2584    2.0704
W701       0.9957     11.2584    2.0704
W702       0.9922     11.2584    2.0704
W703       0.9918     15.6869    0.3306
W704       0.9935     15.6869    0.3306
W705       0.9959     15.6869    0.3306
W706       0.9951     15.6869    0.3306
W707       0.996      15.6869    0.3306
W708       0.9933     15.6869    0.3306
W709       0.9952     8.3911     2.4258
W710       0.9933     8.3911     2.4258
W711       0.9949     8.3911     2.4258
W712       0.9944     8.3911     2.4258
W713       0.9935     8.3911     2.4258
W714       0.995      8.3911     2.4258
W715       0.9958     13.3855    1.2154
W716       0.9929     13.3855    1.2154
W717       0.9948     13.3855    1.2154
W718       0.9962     13.3855    1.2154
W719       0.9948     13.3855    1.2154
W720       0.9931     13.3855    1.2154
W721       0.9949     8.1703     2.3706
W722       0.9962     8.1703     2.3706
W723       0.9961     8.1703     2.3706
W724       0.9945     8.1703     2.3706
W725       0.9956     8.1703     2.3706
W726       0.9952     8.1703     2.3706
W727       0.9946     10.9979    2.2411
W728       0.9947     10.9979    2.2411
W729       0.9956     10.9979    2.2411
W730       0.9943     10.9979    2.2411
W731       0.9943     10.9979    2.2411
W732       0.9945     11.2584    2.0704
W733       0.9951     11.2584    2.0704
W734       0.9949     11.2584    2.0704
W735       0.9944     11.2584    2.0704
W736       0.9946     11.2584    2.0704
W737       0.9953     15.6869    0.3306
W738       0.9933     15.6869    0.3306
W739       0.9945     15.6869    0.3306
W740       0.9944     15.6869    0.3306
W741       0.9943     15.6869    0.3306
W742       0.9943     15.6869    0.3306
W743       0.9939     8.3911     2.4258
W744       0.9927     8.3911     2.4258
W745       0.9942     8.3911     2.4258
W746       0.9946     8.3911     2.4258
W747       0.9958     8.3911     2.4258
W748       0.9951     8.3911     2.4258
W749       0.9915     7.0547     3.2141
W750       0.9904     7.0547     3.2141
W751       0.9928     7.0547     3.2141
W752       0.9946     7.0547     3.2141
W753       0.9935     7.0547     3.2141
W754       0.9904     7.0547     3.2141
W755       0.9936     6.2566     3.4431
W756       0.9937     6.2566     3.4431
W757       0.9934     6.2566     3.4431
W758       0.9937     6.2566     3.4431
W759       0.9893     6.2566     3.4431
W760       0.9927     6.2566     3.4431
W761       0.9933     9.7044     2.4879
W762       0.9912     9.7044     2.4879
W763       0.9927     9.7044     2.4879
W764       0.9922     9.7044     2.4879
W765       0.9936     9.7044     2.4879
W766       0.9951     9.406      2.5409
W767       0.9919     9.406      2.5409
W768       0.9943     9.406      2.5409
W769       0.9932     9.406      2.5409
W770       0.9929     9.406      2.5409
W771       0.9935     7.5833     3.1978
W772       0.9932     7.5833     3.1978
W773       0.9949     7.5833     3.1978
W774       0.995      7.5833     3.1978
W775       0.9918     7.5833     3.1978
W776       0.995      7.5833     3.1978
W777       0.9934     12.6523    2.1875
W778       0.9935     12.6523    2.1875
W779       0.9959     12.6523    2.1875
W780       0.9949     12.6523    2.1875
W781       0.9952     12.6523    2.1875
W782       0.9943     12.6523    2.1875
W783       0.9944     7.0547     3.2141
W784       0.9953     7.0547     3.2141
W785       0.9941     7.0547     3.2141
W786       0.9951     7.0547     3.2141
W787       0.9953     7.0547     3.2141
W788       0.9949     7.0547     3.2141
W789       0.9947     6.2566     3.4431
W790       0.994      6.2566     3.4431
W791       0.9942     6.2566     3.4431
W792       0.9955     6.2566     3.4431
W793       0.9943     6.2566     3.4431
W794       0.9946     6.2566     3.4431
W795       0.9951     9.7044     2.4879
W796       0.9928     9.7044     2.4879
W797       0.9944     9.7044     2.4879
W798       0.9961     9.7044     2.4879
W799       0.9944     9.7044     2.4879
W800       0.9948     9.406      2.5409
W801       0.9933     9.406      2.5409
W802       0.994      9.406      2.5409
W803       0.9945     9.406      2.5409
W804       0.9954     9.406      2.5409
W805       0.9938     7.5833     3.1978
W806       0.994      7.5833     3.1978
W807       0.9951     7.5833     3.1978
W808       0.995      7.5833     3.1978
W809       0.9952     7.5833     3.1978
W810       0.9949     7.5833     3.1978
W811       0.9942     12.6523    2.1875
W812       0.9935     12.6523    2.1875
W813       0.9952     12.6523    2.1875
W814       0.9955     12.6523    2.1875
W815       0.9945     12.6523    2.1875
W816       0.9935     12.6523    2.1875
W817       0.9946     7.0547     3.2141
W818       0.9944     7.0547     3.2141
W819       0.9956     7.0547     3.2141
W820       0.9938     7.0547     3.2141
W821       0.9955     7.0547     3.2141
W822       0.9944     7.0547     3.2141
W823       0.9945     6.2566     3.4431
W824       0.0        6.2566     3.4431
W825       0.9945     6.2566     3.4431
W826       0.9947     6.2566     3.4431
W827       0.9954     6.2566     3.4431
W828       0.9945     6.2566     3.4431
W829       0.9958     9.7044     2.4879
W830       0.9953     9.7044     2.4879
W831       0.994      9.7044     2.4879
W832       0.9938     9.7044     2.4879
W833       0.9949     9.7044     2.4879
W834       0.9942     9.406      2.5409
W835       0.0        9.406      2.5409
W836       0.9948     9.406      2.5409
W837       0.9957     9.406      2.5409
W838       0.9947     9.406      2.5409
W839       0.9964     7.5833     3.1978
W840       0.9956     7.5833     3.1978
W841       0.994      7.5833     3.1978
W842       0.9943     7.5833     3.1978
W843       0.9944     7.5833     3.1978
W844       0.9957     7.5833     3.1978
W845       0.9956     12.6523    2.1875
W846       0.9956     12.6523    2.1875
W847       0.9948     12.6523    2.1875
W848       0.9945     12.6523    2.1875
W849       0.9944     12.6523    2.1875
W850       0.9945     12.6523    2.1875
W851       0.9957     7.0547     3.2141
W852       0.9949     7.0547     3.2141
W853       0.9945     7.0547     3.2141
W854       0.9934     7.0547     3.2141
W855       0.9959     7.0547     3.2141
W856       0.9954     7.0547     3.2141
W857       0.9942     6.2566     3.4431
W858       0.9918     6.2566     3.4431
W859       0.9935     6.2566     3.4431
W860       0.995      6.2566     3.4431
W861       0.9953     6.2566     3.4431
W862       0.9954     6.2566     3.4431
W863       0.9949     9.7044     2.4879
W864       0.9941     9.7044     2.4879
W865       0.9951     9.7044     2.4879
W866       0.9955     9.7044     2.4879
W867       0.9941     9.7044     2.4879
W868       0.9945     9.406      2.5409
W869       0.993      9.406      2.5409
W870       0.9947     9.406      2.5409
W871       0.9947     9.406      2.5409
W872       0.9947     9.406      2.5409
W873       0.9946     7.5833     3.1978
W874       0.9945     7.5833     3.1978
W875       0.996      7.5833     3.1978
W876       0.9952     7.5833     3.1978
W877       0.9955     7.5833     3.1978
W878       0.9948     7.5833     3.1978
W879       0.9953     12.6523    2.1875
W880       0.9961     12.6523    2.1875
W881       0.9952     12.6523    2.1875
W882       0.9943     12.6523    2.1875
W883       0.9925     12.6523    2.1875
W884       0.9944     12.6523    2.1875
W885       0.9934     7.0547     3.2141
W886       0.9952     7.0547     3.2141
W887       0.9955     7.0547     3.2141
W888       0.9946     7.0547     3.2141
W889       0.9937     7.0547     3.2141
W890       0.9937     7.0547     3.2141
W891       0.0        6.2566     3.4431
W892       0.9944     6.2566     3.4431
W893       0.9948     6.2566     3.4431
W894       0.9945     6.2566     3.4431
W895       0.9941     6.2566     3.4431
W896       0.9938     6.2566     3.4431
W897       0.9949     9.7044     2.4879
W898       0.9949     9.7044     2.4879
W899       0.9944     9.7044     2.4879
W900       0.993      9.7044     2.4879
W901       0.9937     9.7044     2.4879
W902       0.9952     9.406      2.5409
W903       0.9949     9.406      2.5409
W904       0.995      9.406      2.5409
W905       0.9936     9.406      2.5409
W906       0.9949     9.406      2.5409
W907       0.9948     7.5833     3.1978
W908       0.9941     7.5833     3.1978
W909       0.994      7.5833     3.1978
W910       0.9932     7.5833     3.1978
W911       0.9943     7.5833     3.1978
W912       0.9941     7.5833     3.1978
W913       0.9948     12.6523    2.1875
W914       0.9938     12.6523    2.1875
W915       0.9949     12.6523    2.1875
W916       0.9969     12.6523    2.1875
W917       0.9965     12.6523    2.1875
W918       0.997      12.6523    2.1875
W919       0.9955     7.0547     3.2141
W920       0.995      7.0547     3.2141
W921       0.9961     7.0547     3.2141
W922       0.9941     7.0547     3.2141
W923       0.9943     7.0547     3.2141
W924       0.9937     7.0547     3.2141
W925       0.9938     6.2566     3.4431
W926       0.9936     6.2566     3.4431
W927       0.9947     6.2566     3.4431
W928       0.9961     6.2566     3.4431
W929       0.9937     6.2566     3.4431
W930       0.9939     6.2566     3.4431
W931       0.9945     9.7044     2.4879
W932       0.9941     9.7044     2.4879
W933       0.9946     9.7044     2.4879
W934       0.995      9.7044     2.4879
W935       0.9933     9.7044     2.4879
W936       0.9915     9.406      2.5409
W937       0.9919     9.406      2.5409
W938       0.9939     9.406      2.5409
W939       0.9925     9.406      2.5409
W940       0.9927     9.406      2.5409
W941       0.9925     7.5833     3.1978
W942       0.9937     7.5833     3.1978
W943       0.9951     7.5833     3.1978
W944       0.994      7.5833     3.1978
W945       0.9929     7.5833     3.1978
W946       0.9942     7.5833     3.1978
W947       0.9954     12.6523    2.1875
W948       0.9931     12.6523    2.1875
W949       0.9934     12.6523    2.1875
W950       0.9939     12.6523    2.1875
W951       0.9943     12.6523    2.1875
W952       0.993      12.6523    2.1875
W953       0.9944     8.2742     2.5003
W954       0.9936     8.2742     2.5003
W955       0.9934     8.2742     2.5003
W956       0.9948     8.2742     2.5003
W957       0.9956     8.2742     2.5003
W958       0.9931     8.2742     2.5003
W959       0.9938     13.2743    1.2638
W960       0.9941     13.2743    1.2638
W961       0.9954     13.2743    1.2638
W962       0.9941     13.2743    1.2638
W963       0.9947     13.2743    1.2638
W964       0.9943     13.2743    1.2638
W965       0.9941     11.062     1.8637
W966       0.9955     11.062     1.8637
W967       0.995      11.062     1.8637
W968       0.9937     11.062     1.8637
W969       0.9931     11.062     1.8637
W970       0.9943     14.4597    1.1364
W971       0.9945     14.4597    1.1364
W972       0.9938     14.4597    1.1364
W973       0.9938     14.4597    1.1364
W974       0.9948     14.4597    1.1364
W975       0.9946     10.9465    2.091
W976       0.994      10.9465    2.091
W977       0.994      10.9465    2.091
W978       0.9951     10.9465    2.091
W979       0.9953     10.9465    2.091
W980       0.9951     10.9465    2.091
W981       0.9944     11.0309    1.85
W982       0.9941     11.0309    1.85
W983       0.9939     11.0309    1.85
W984       0.9953     11.0309    1.85
W985       0.9938     11.0309    1.85
W986       0.9941     11.0309    1.85
W987       0.9951     8.2742     2.5003
W988       0.9945     8.2742     2.5003
W989       0.9955     8.2742     2.5003
W990       0.9934     8.2742     2.5003
W991       0.9931     8.2742     2.5003
W992       0.9944     8.2742     2.5003
W993       0.9955     13.2743    1.2638
W994       0.9954     13.2743    1.2638
W995       0.9951     13.2743    1.2638
W996       0.9939     13.2743    1.2638
W997       0.9941     13.2743    1.2638
W998       0.9963     13.2743    1.2638
W999       0.9962     11.062     1.8637
W1000      0.9946     11.062     1.8637
W1001      0.9944     11.062     1.8637
W1002      0.9943     11.062     1.8637
W1003      0.9944     11.062     1.8637
W1004      0.9953     14.4597    1.1364
W1005      0.9943     14.4597    1.1364
W1006      0.9943     14.4597    1.1364
W1007      0.9951     14.4597    1.1364
W1008      0.9949     14.4597    1.1364
W1009      0.9942     10.9465    2.091
W1010      0.9963     10.9465    2.091
W1011      0.9942     10.9465    2.091
W1012      0.9933     10.9465    2.091
W1013      0.9948     10.9465    2.091
W1014      0.9947     10.9465    2.091
W1015      0.9935     11.0309    1.85
W1016      0.9939     11.0309    1.85
W1017      0.9949     11.0309    1.85
W1018      0.9953     11.0309    1.85
W1019      0.9944     11.0309    1.85
W1020      -0.055     11.0309    1.85
W1021      0.9958     8.2742     2.5003
W1022      0.9928     8.2742     2.5003
W1023      0.9954     8.2742     2.5003
W1024      0.9948     8.2742     2.5003
W1025      0.995      8.2742     2.5003
W1026      0.9956     8.2742     2.5003
W1027      0.9945     13.2743    1.2638
W1028      0.9947     13.2743    1.2638
W1029      0.9949     13.2743    1.2638
W1030      0.9953     13.2743    1.2638
W1031      0.9955     13.2743    1.2638
W1032      0.9956     13.2743    1.2638
W1033      0.9953     11.062     1.8637
W1034      0.9945     11.062     1.8637
W1035      0.9954     11.062     1.8637
W1036      0.9951     11.062     1.8637
W1037      0.9947     11.062     1.8637
W1038      0.9936     14.4597    1.1364
W1039      0.9946     14.4597    1.1364
W1040      0.995      14.4597    1.1364
W1041      0.9951     14.4597    1.1364
W1042      0.9955     14.4597    1.1364
W1043      0.9928     10.9465    2.091
W1044      0.9944     10.9465    2.091
W1045      0.9941     10.9465    2.091
W1046      0.9961     10.9465    2.091
W1047      0.9946     10.9465    2.091
W1048      0.9955     10.9465    2.091
W1049      0.9946     11.0309    1.85
W1050      0.9947     11.0309    1.85
W1051      0.9956     11.0309    1.85
W1052      0.9958     11.0309    1.85
W1053      0.9944     11.0309    1.85
W1054      0.9945     11.0309    1.85
W1055      0.9954     8.2742     2.5003
W1056      0.994      8.2742     2.5003
W1057      0.9936     8.2742     2.5003
W1058      0.9941     8.2742     2.5003
W1059      0.9949     8.2742     2.5003
W1060      0.995      8.2742     2.5003
W1061      0.995      13.2743    1.2638
W1062      0.9948     13.2743    1.2638
W1063      0.9955     13.2743    1.2638
W1064      0.9962     13.2743    1.2638
W1065      0.9935     13.2743    1.2638
W1066      0.9947     13.2743    1.2638
W1067      0.9943     11.062     1.8637
W1068      0.9965     11.062     1.8637
W1069      0.9954     11.062     1.8637
W1070      0.9952     11.062     1.8637
W1071      0.9953     11.062     1.8637
W1072      0.9942     14.4597    1.1364
W1073      0.995      14.4597    1.1364
W1074      0.9961     14.4597    1.1364
W1075      0.9956     14.4597    1.1364
W1076      0.9951     14.4597    1.1364
W1077      0.9945     10.9465    2.091
W1078      0.9955     10.9465    2.091
W1079      0.9934     10.9465    2.091
W1080      0.9951     10.9465    2.091
W1081      0.9943     10.9465    2.091
W1082      0.9942     10.9465    2.091
W1083      0.995      11.0309    1.85
W1084      0.9963     11.0309    1.85
W1085      0.9947     11.0309    1.85
W1086      0.994      11.0309    1.85
W1087      0.9939     11.0309    1.85
W1088      0.9943     11.0309    1.85
W1089      0.9952     8.2742     2.5003
W1090      0.9944     8.2742     2.5003
W1091      0.994      8.2742     2.5003
W1092      0.9943     8.2742     2.5003
W1093      0.9948     8.2742     2.5003
W1094      0.9938     8.2742     2.5003
W1095      0.9946     13.2743    1.2638
W1096      0.9946     13.2743    1.2638
W1097      0.9941     13.2743    1.2638
W1098      0.9953     13.2743    1.2638
W1099      0.9955     13.2743    1.2638
W1100      0.9946     13.2743    1.2638
W1101      0.9945     11.062     1.8637
W1102      0.9955     11.062     1.8637
W1103      0.9935     11.062     1.8637
W1104      0.9951     11.062     1.8637
W1105      0.9926     11.062     1.8637
W1106      0.9936     14.4597    1.1364
W1107      0.9944     14.4597    1.1364
W1108      0.9952     14.4597    1.1364
W1109      0.9946     14.4597    1.1364
W1110      0.9948     14.4597    1.1364
W1111      0.9949     10.9465    2.091
W1112      0.9952     10.9465    2.091
W1113      0.9943     10.9465    2.091
W1114      0.9949     10.9465    2.091
W1115      0.9927     10.9465    2.091
W1116      0.9945     10.9465    2.091
W1117      0.996      11.0309    1.85
W1118      0.9954     11.0309    1.85
W1119      0.9947     11.0309    1.85
W1120      0.9947     11.0309    1.85
W1121      0.9956     11.0309    1.85
W1122      0.9959     11.0309    1.85
W1123      0.9952     8.2742     2.5003
W1124      0.9957     8.2742     2.5003
W1125      0.9952     8.2742     2.5003
W1126      0.9929     8.2742     2.5003
W1127      0.9926     8.2742     2.5003
W1128      0.9955     8.2742     2.5003
W1129      0.995      13.2743    1.2638
W1130      0.9957     13.2743    1.2638
W1131      0.9945     13.2743    1.2638
W1132      0.9938     13.2743    1.2638
W1133      0.9946     13.2743    1.2638
W1134      0.9958     13.2743    1.2638
W1135      0.9925     11.062     1.8637
W1136      0.9933     11.062     1.8637
W1137      0.994      11.062     1.8637
W1138      0.9947     11.062     1.8637
W1139      0.9958     11.062     1.8637
W1140      0.996      14.4597    1.1364
W1141      0.9933     14.4597    1.1364
W1142      0.9935     14.4597    1.1364
W1143      0.9944     14.4597    1.1364
W1144      0.9963     14.4597    1.1364
W1145      0.9945     10.9465    2.091
W1146      0.9927     10.9465    2.091
W1147      0.9924     10.9465    2.091
W1148      0.9938     10.9465    2.091
W1149      0.9954     10.9465    2.091
W1150      0.9956     10.9465    2.091
W1151      0.9946     11.0309    1.85
W1152      0.9959     11.0309    1.85
W1153      0.9948     11.0309    1.85
W1154      0.9949     11.0309    1.85
W1155      0.9945     11.0309    1.85
W1156      0.9952     11.0309    1.85
