               0.1          0.764491         0.0200105
               0.5          0.756943         0.0401839
               0.9          0.756585         0.0427146
               1.3          0.757211          0.039869
               1.7          0.762663         0.0371049
               2.1          0.765353         0.0498119
               2.5          0.769824         0.0398315
               2.9           0.75726          0.040986
               3.3          0.760761         0.0369239
               3.7          0.757777          0.039662
               4.1          0.758218         0.0403473
               4.5          0.758507          0.043467
               4.9          0.755722         0.0408388
               5.3          0.756247         0.0403383
               5.7          0.753055         0.0424523
               6.1          0.755471         0.0422124
               6.5          0.746735         0.0433991
               6.9          0.747703         0.0451506
               7.3          0.742114         0.0482422
               7.7          0.743007         0.0448266
               8.1          0.735875         0.0507703
               8.5          0.739961         0.0455494
               8.9          0.733644         0.0465224
               9.3          0.731128         0.0541357
               9.7          0.730343         0.0522986
              10.1           0.72046         0.0543645
              10.5          0.720003         0.0526377
              10.9          0.713002         0.0543316
              11.3          0.707441         0.0546017
              11.7          0.707534         0.0550461
              12.1          0.699449         0.0581182
              12.5          0.694893         0.0592498
              12.9          0.693275         0.0604903
              13.3          0.684027         0.0617064
              13.7          0.675899          0.066479
              14.1          0.669637         0.0685134
              14.5          0.665404         0.0670782
              14.9          0.654943         0.0760073
              15.3          0.646213         0.0756088
              15.7          0.638765          0.081034
              16.1          0.631642         0.0805401
              16.5          0.611553         0.0810601
              16.9          0.602955         0.0861964
              17.3          0.597718         0.0889735
              17.7          0.576529          0.096297
              18.1          0.564503         0.0967509
              18.5          0.546421          0.107703
              18.9          0.523129          0.114384
              19.3          0.495163          0.125895
              19.7          0.464007          0.135593
              20.1          0.434609          0.147642
              20.5          0.410747          0.150319
              20.9          0.393825          0.150793
              21.3          0.363961          0.151995
              21.7          0.353569          0.147737
              22.1          0.320728          0.144643
              22.5          0.305539          0.140571
              22.9          0.286662          0.143063
              23.3          0.261094          0.131397
              23.7          0.252423           0.13216
              24.1          0.234106          0.122795
              24.5          0.219615          0.120354
              24.9          0.204047          0.112435
              25.3          0.185717          0.101342
              25.7          0.174542         0.0955006
              26.1          0.158615         0.0842929
              26.5           0.15097         0.0818002
              26.9          0.139162         0.0754906
              27.3          0.128742         0.0675393
              27.7          0.121471         0.0652825
              28.1           0.11334         0.0585111
              28.5          0.108791         0.0592939
              28.9          0.101084          0.054381
              29.3         0.0955089         0.0520402
              29.7         0.0924596         0.0506756
              30.1         0.0846521         0.0450459
              30.5         0.0805418         0.0443185
              30.9         0.0769907         0.0417864
              31.3         0.0733709         0.0424743
              31.7         0.0707128         0.0400574
              32.1         0.0663828         0.0367885
              32.5         0.0618999         0.0362607
              32.9         0.0625792         0.0366283
              33.3         0.0602618         0.0360463
              33.7           0.05541         0.0332059
              34.1         0.0525852         0.0317298
              34.5         0.0501618         0.0293525
              34.9         0.0494477          0.029991
              35.3         0.0473866         0.0297102
              35.7         0.0441789         0.0269305
              36.1         0.0420036         0.0241407
              36.5         0.0410087         0.0265753
              36.9         0.0401766         0.0258577
              37.3         0.0384714          0.024828
              37.7         0.0371961         0.0232299
              38.1         0.0355056         0.0222883
              38.5          0.034542         0.0226634
              38.9          0.033009         0.0214013
              39.3         0.0312121         0.0205391
              39.7         0.0308132         0.0208389
              40.1         0.0293203         0.0189484
              40.5         0.0285493         0.0197231
              40.9         0.0276969         0.0192475
              41.3         0.0272755         0.0188958
              41.7         0.0258339         0.0175528
              42.1          0.025289         0.0175618
              42.5         0.0240148         0.0162604
              42.9         0.0236394         0.0166912
              43.3         0.0229078         0.0161568
              43.7         0.0225233          0.015886
              44.1         0.0214033         0.0150585
              44.5         0.0215887         0.0154622
              44.9         0.0207698          0.014589
              45.3         0.0195746         0.0146056
              45.7          0.018963         0.0139728
              46.1         0.0186586         0.0133123
              46.5         0.0181495         0.0134667
              46.9         0.0176791         0.0133967
              47.3         0.0172125         0.0133049
              47.7         0.0166315         0.0127755
              48.1         0.0163708         0.0122817
              48.5         0.0158956             0.012
              48.9         0.0160435          0.012104
              49.3         0.0149735         0.0112866
              49.7         0.0144235          0.010696
              50.1         0.0142892         0.0111942
              50.5         0.0141197         0.0113477
              50.9          0.013658         0.0103202
              51.3         0.0133452          0.010533
              51.7         0.0128121        0.00997008
              52.1         0.0126789         0.0104076
              52.5         0.0123161        0.00982727
              52.9         0.0121339        0.00986566
              53.3         0.0118809        0.00957067
              53.7          0.011531        0.00910721
              54.1         0.0111062         0.0089949
              54.5         0.0110159        0.00907975
              54.9         0.0105762        0.00886427
              55.3         0.0103802        0.00846517
              55.7         0.0104175        0.00852875
              56.1        0.00993061        0.00848174
              56.5        0.00995762        0.00851277
              56.9        0.00957263         0.0082452
              57.3        0.00937048        0.00818332
              57.7        0.00901085        0.00791339
              58.1        0.00875387        0.00779068
              58.5        0.00890023        0.00783519
              58.9        0.00881625        0.00835533
              59.3         0.0085897         0.0074885
              59.7        0.00841969        0.00739799
              60.1        0.00794748        0.00718247
              60.5        0.00783187        0.00692203
              60.9        0.00783574        0.00761042
              61.3        0.00781797        0.00835993
              61.7        0.00757902         0.0068304
              62.1        0.00737076        0.00693293
              62.5        0.00705257        0.00651395
              62.9        0.00718214         0.0066943
              63.3        0.00701236        0.00670133
              63.7        0.00673594        0.00645694
              64.1        0.00669172        0.00635368
              64.5        0.00643872        0.00615094
              64.9        0.00640228        0.00622681
              65.3        0.00636395        0.00620391
              65.7         0.0062536        0.00615366
              66.1        0.00609244        0.00597136
              66.5        0.00598167        0.00628661
              66.9         0.0058636        0.00580531
              67.3        0.00568107        0.00576925
              67.7        0.00545649        0.00566676
              68.1        0.00534554        0.00543523
              68.5        0.00539591        0.00545698
              68.9        0.00516854        0.00536875
              69.3        0.00500201        0.00494378
              69.7        0.00510436        0.00552591
              70.1         0.0049738        0.00517635
              70.5        0.00489205        0.00501441
              70.9        0.00478576        0.00511184
              71.3         0.0048126        0.00525686
              71.7        0.00467769        0.00484441
              72.1        0.00467439        0.00511083
              72.5        0.00455735        0.00495214
              72.9        0.00434773        0.00494483
              73.3        0.00436648        0.00472435
              73.7         0.0042291        0.00478166
              74.1        0.00419274        0.00488631
              74.5        0.00407917        0.00449472
              74.9        0.00402302        0.00466975
              75.3        0.00398162         0.0045281
              75.7        0.00390997        0.00442735
              76.1        0.00389217        0.00436805
              76.5        0.00364206         0.0040953
              76.9        0.00368655        0.00413379
              77.3        0.00365821        0.00422582
              77.7        0.00345234        0.00397929
              78.1        0.00353791        0.00413145
              78.5        0.00349515        0.00417414
              78.9        0.00341252        0.00403981
              79.3         0.0033732        0.00406515
              79.7        0.00331437        0.00408505
              80.1        0.00326304        0.00383555
              80.5        0.00316606        0.00394454
              80.9        0.00308663        0.00377386
              81.3        0.00318037        0.00394332
              81.7        0.00303942        0.00361654
              82.1        0.00306733         0.0039577
              82.5        0.00288369        0.00348798
              82.9        0.00287766        0.00362142
              83.3        0.00278456        0.00364214
              83.7        0.00280413        0.00364061
              84.1         0.0027624        0.00353381
              84.5        0.00276591        0.00367347
              84.9        0.00265698        0.00335641
              85.3        0.00268249        0.00340092
              85.7        0.00249652        0.00311868
              86.1        0.00258823        0.00340178
              86.5        0.00251055        0.00328243
              86.9        0.00249996        0.00348817
              87.3        0.00245641        0.00339642
              87.7        0.00239617        0.00322564
              88.1        0.00236773        0.00339317
              88.5        0.00240084        0.00315842
              88.9        0.00229086         0.0031168
              89.3        0.00217888        0.00295887
              89.7        0.00227628         0.0032276
              90.1        0.00217385        0.00296298
              90.5        0.00213525        0.00303126
              90.9        0.00209086        0.00299079
              91.3         0.0020343        0.00281103
              91.7        0.00208826        0.00290531
              92.1        0.00206429          0.003115
              92.5        0.00197622        0.00278022
              92.9         0.0019958        0.00283407
              93.3        0.00199637        0.00298092
              93.7        0.00191921        0.00274381
              94.1         0.0018719        0.00290597
              94.5        0.00183753        0.00271909
              94.9        0.00185105        0.00287988
              95.3         0.0018727        0.00294268
              95.7        0.00173854        0.00270791
              96.1        0.00173957        0.00264525
              96.5        0.00180116        0.00273732
              96.9        0.00168144        0.00259907
              97.3        0.00170903        0.00258467
              97.7        0.00169651        0.00274575
              98.1        0.00170222         0.0026811
              98.5        0.00163582        0.00263785
              98.9        0.00161941        0.00256407
              99.3        0.00156114        0.00259229
              99.7         0.0015475        0.00242605
             100.1        0.00150535        0.00243776
             100.5        0.00150321        0.00249945
             100.9        0.00149142        0.00245718
             101.3        0.00146872        0.00240878
             101.7        0.00142789        0.00234643
             102.1         0.0014386        0.00236998
             102.5        0.00140402        0.00236506
             102.9         0.0014048        0.00266354
             103.3        0.00135998        0.00233058
             103.7        0.00134204        0.00223409
             104.1        0.00134863        0.00229527
             104.5        0.00132909        0.00224187
             104.9        0.00129053        0.00225331
             105.3        0.00129057        0.00222815
             105.7        0.00126209        0.00228553
             106.1        0.00128555        0.00237992
             106.5        0.00120972        0.00217731
             106.9        0.00124501        0.00220294
             107.3        0.00117773        0.00202689
             107.7        0.00114994        0.00208523
             108.1        0.00112651        0.00197153
             108.5        0.00117592        0.00214378
             108.9        0.00115037        0.00216465
             109.3        0.00111901        0.00206336
             109.7        0.00110702        0.00200939
             110.1        0.00107145        0.00190829
             110.5        0.00104562        0.00193459
             110.9        0.00105614        0.00196519
             111.3        0.00107409        0.00201166
             111.7        0.00103424        0.00200372
             112.1        0.00104392        0.00195895
             112.5       0.000964631        0.00177699
             112.9       0.000985487        0.00181296
             113.3         0.0009614        0.00177387
             113.7       0.000962357        0.00181898
             114.1       0.000963801        0.00185636
             114.5       0.000928002        0.00188064
             114.9       0.000952998        0.00203887
             115.3       0.000937904         0.0018477
             115.7       0.000855173         0.0017176
             116.1       0.000890675        0.00178533
             116.5       0.000890226        0.00183013
             116.9       0.000881178        0.00185729
             117.3       0.000872531        0.00181964
             117.7       0.000842086        0.00174023
             118.1       0.000851467        0.00177507
             118.5       0.000846794        0.00182559
             118.9       0.000801165        0.00162172
             119.3       0.000834233        0.00177455
             119.7       0.000787843        0.00159851
             120.1       0.000801296        0.00168982
             120.5        0.00077329        0.00164271
             120.9       0.000756938        0.00159199
             121.3       0.000757193        0.00165818
             121.7       0.000733592        0.00155045
             122.1       0.000745823        0.00170299
             122.5       0.000733899        0.00162829
             122.9       0.000761795        0.00191793
             123.3       0.000728244        0.00153016
             123.7       0.000705351         0.0015764
             124.1       0.000733567        0.00158673
             124.5       0.000685913         0.0014864
             124.9       0.000710446          0.001571
             125.3       0.000650183        0.00145359
             125.7       0.000670128        0.00146388
             126.1       0.000663278        0.00149123
             126.5       0.000679855        0.00160223
             126.9       0.000663104        0.00147405
             127.3       0.000646104        0.00154137
             127.7       0.000629601        0.00146165
             128.1       0.000602712        0.00142532
             128.5       0.000633457        0.00153132
             128.9       0.000597521        0.00141808
             129.3       0.000596536        0.00137727
             129.7       0.000571914        0.00135618
             130.1       0.000568562        0.00135615
             130.5       0.000577882        0.00140565
             130.9       0.000570712        0.00137125
             131.3       0.000588592        0.00153886
             131.7       0.000559109        0.00144285
             132.1       0.000557788        0.00140216
             132.5       0.000545006        0.00142577
             132.9       0.000540666        0.00132597
             133.3       0.000540278         0.0014523
             133.7       0.000516167        0.00129769
             134.1       0.000501597        0.00122972
             134.5        0.00051841        0.00123157
             134.9       0.000518775        0.00136717
             135.3       0.000491951        0.00125662
             135.7       0.000497483        0.00132957
             136.1       0.000487564        0.00118641
             136.5       0.000459075        0.00118294
             136.9       0.000478766        0.00129666
             137.3       0.000457523        0.00122244
             137.7       0.000470484        0.00129752
             138.1       0.000464127        0.00125339
             138.5       0.000449797        0.00121534
             138.9       0.000439819        0.00127174
             139.3       0.000436187         0.0011846
             139.7       0.000441252         0.0011211
             140.1       0.000453328        0.00120245
             140.5       0.000441656         0.0012285
             140.9       0.000409762        0.00115818
             141.3       0.000400364        0.00104882
             141.7       0.000408503        0.00116036
             142.1       0.000428175        0.00115724
             142.5       0.000399213        0.00111863
             142.9       0.000424549        0.00125145
             143.3       0.000408705        0.00114106
             143.7       0.000382977        0.00111842
             144.1       0.000404328        0.00115706
             144.5       0.000384542        0.00105049
             144.9       0.000378538        0.00109662
             145.3       0.000369886        0.00108176
             145.7       0.000364423        0.00105314
             146.1       0.000364745        0.00104436
             146.5       0.000333232        0.00106814
             146.9       0.000344808       0.000993387
             147.3       0.000365242        0.00106938
             147.7        0.00034553        0.00100721
             148.1       0.000333802       0.000984457
             148.5       0.000330347         0.0010265
             148.9       0.000349407        0.00107964
             149.3       0.000349935        0.00105836
             149.7       0.000328893        0.00101207
             150.1       0.000317804        0.00104397
             150.5       0.000339204        0.00115955
             150.9       0.000315777        0.00112983
             151.3       0.000311879       0.000937982
             151.7       0.000330586          0.001069
             152.1       0.000316452       0.000965082
             152.5       0.000310473       0.000945929
             152.9       0.000302065       0.000988499
             153.3       0.000301254       0.000937169
             153.7       0.000305007         0.0010004
             154.1       0.000292822       0.000895688
             154.5       0.000284731       0.000972945
             154.9       0.000307326       0.000972968
             155.3       0.000292034       0.000979308
             155.7       0.000267358         0.0010432
             156.1       0.000269245       0.000888684
             156.5       0.000287686       0.000924897
             156.9       0.000250471       0.000886922
             157.3       0.000260096       0.000907069
             157.7       0.000259714       0.000834031
             158.1       0.000248642       0.000858518
             158.5       0.000261146       0.000893242
             158.9       0.000261002       0.000888904
             159.3        0.00026167       0.000878353
             159.7       0.000252662       0.000858993
             160.1       0.000243893       0.000838874
             160.5        0.00023946       0.000814877
             160.9       0.000254114       0.000937085
             161.3       0.000271176        0.00106161
             161.7       0.000240091       0.000815912
             162.1       0.000264482        0.00105774
             162.5       0.000237137       0.000859884
             162.9       0.000243557       0.000853208
             163.3       0.000253452       0.000901334
             163.7       0.000216011       0.000748882
             164.1       0.000232788       0.000900175
             164.5       0.000191602       0.000700079
             164.9        0.00021671       0.000729533
             165.3       0.000235512       0.000888005
             165.7       0.000218113       0.000844426
             166.1       0.000200087       0.000663895
             166.5       0.000213282       0.000801128
             166.9       0.000201678       0.000716302
             167.3       0.000209089        0.00079155
             167.7       0.000212573       0.000825618
             168.1       0.000215019       0.000813237
             168.5       0.000213149       0.000762436
             168.9       0.000197052       0.000752717
             169.3       0.000204988       0.000874072
             169.7       0.000212186       0.000822263
             170.1       0.000205201       0.000819243
             170.5       0.000186507       0.000719916
             170.9        0.00018158       0.000668395
             171.3       0.000194107       0.000748384
             171.7       0.000196317        0.00080316
             172.1       0.000166466        0.00066723
             172.5       0.000165851       0.000630063
             172.9       0.000174731        0.00070607
             173.3       0.000174601       0.000744218
             173.7        0.00017151       0.000705139
             174.1       0.000169591        0.00065083
             174.5       0.000167873        0.00063061
             174.9       0.000177717        0.00075303
             175.3       0.000161779       0.000685981
             175.7       0.000171951       0.000669308
             176.1       0.000183697       0.000763406
             176.5       0.000168181        0.00071125
             176.9       0.000156116       0.000640966
             177.3       0.000163828       0.000678621
             177.7       0.000159038       0.000684382
             178.1       0.000144145       0.000586388
             178.5       0.000169221       0.000763668
             178.9       0.000135592       0.000564732
             179.3       0.000151727       0.000617796
