               0.1          0.766702          0.031831
               0.5          0.762678         0.0344032
               0.9          0.751982         0.0327942
               1.3          0.763634         0.0295053
               1.7          0.757226         0.0313288
               2.1          0.763008         0.0303157
               2.5           0.76199         0.0291111
               2.9          0.757551         0.0321569
               3.3          0.757107         0.0306024
               3.7          0.758515          0.028242
               4.1          0.761429         0.0292816
               4.5          0.756376         0.0297805
               4.9          0.756417         0.0334064
               5.3          0.751885         0.0347595
               5.7          0.750306         0.0344306
               6.1          0.748387         0.0323964
               6.5          0.750604         0.0344359
               6.9          0.745608         0.0355269
               7.3          0.745164         0.0351539
               7.7          0.744173         0.0374643
               8.1          0.739444         0.0366204
               8.5          0.738008         0.0372764
               8.9           0.73193         0.0364675
               9.3          0.729623         0.0395253
               9.7          0.723564          0.039943
              10.1           0.72247         0.0388388
              10.5          0.717391          0.041362
              10.9          0.718078         0.0425245
              11.3          0.712185         0.0422048
              11.7          0.708775         0.0438356
              12.1          0.701736         0.0450641
              12.5          0.697448         0.0449758
              12.9          0.693498         0.0440675
              13.3          0.681291         0.0490686
              13.7          0.679279         0.0477739
              14.1          0.670281         0.0501611
              14.5          0.665262         0.0516914
              14.9          0.655087         0.0558326
              15.3          0.646371         0.0587487
              15.7           0.63978         0.0589581
              16.1          0.629559          0.063608
              16.5           0.61674         0.0654222
              16.9          0.603435         0.0682074
              17.3          0.592852         0.0709526
              17.7           0.57967         0.0758439
              18.1          0.564117         0.0806359
              18.5           0.54809         0.0883399
              18.9          0.522241          0.101793
              19.3          0.497697          0.109502
              19.7          0.468633          0.122969
              20.1          0.444782          0.129001
              20.5          0.416674          0.135819
              20.9          0.393035          0.137437
              21.3          0.371722          0.136107
              21.7          0.349119          0.136983
              22.1          0.318745          0.130338
              22.5          0.309561          0.132061
              22.9          0.284078          0.127394
              23.3           0.26383          0.119269
              23.7          0.249489          0.113848
              24.1          0.232341           0.11023
              24.5          0.222876           0.10677
              24.9          0.202093         0.0958158
              25.3          0.186529         0.0909869
              25.7          0.175709         0.0834694
              26.1          0.161654         0.0732318
              26.5          0.149098          0.065643
              26.9          0.138556         0.0575985
              27.3          0.130452         0.0569258
              27.7          0.121348         0.0502606
              28.1          0.114843         0.0471217
              28.5          0.104889          0.044658
              28.9          0.101176         0.0430664
              29.3         0.0962072         0.0413266
              29.7         0.0888978          0.038352
              30.1         0.0859427          0.037206
              30.5         0.0815697         0.0339018
              30.9         0.0782573         0.0332438
              31.3         0.0723213         0.0307836
              31.7         0.0704623         0.0304537
              32.1         0.0668212         0.0294104
              32.5         0.0643601         0.0281692
              32.9         0.0601849         0.0268629
              33.3          0.057571         0.0260302
              33.7         0.0544282         0.0253187
              34.1         0.0522114         0.0238192
              34.5         0.0508163         0.0224725
              34.9         0.0485182         0.0223864
              35.3         0.0464878         0.0211747
              35.7          0.044308         0.0204331
              36.1         0.0424681         0.0197083
              36.5         0.0412724         0.0195253
              36.9         0.0399211         0.0189053
              37.3         0.0379666         0.0182434
              37.7         0.0368535         0.0188339
              38.1         0.0349087          0.016597
              38.5         0.0333151         0.0165507
              38.9         0.0318415         0.0154293
              39.3          0.031459         0.0156816
              39.7         0.0310282         0.0156971
              40.1         0.0293859         0.0146488
              40.5         0.0285507         0.0148153
              40.9         0.0272677           0.01353
              41.3         0.0264906         0.0145487
              41.7         0.0257623         0.0136543
              42.1         0.0252647         0.0132469
              42.5          0.024811         0.0129945
              42.9         0.0237191         0.0124578
              43.3         0.0230459         0.0124066
              43.7         0.0223776         0.0122017
              44.1         0.0214802         0.0118426
              44.5         0.0210792          0.011309
              44.9         0.0204064         0.0108305
              45.3         0.0197283         0.0108468
              45.7         0.0190023         0.0103636
              46.1          0.018711         0.0104283
              46.5         0.0185114         0.0106072
              46.9         0.0175128        0.00946573
              47.3         0.0174222         0.0101774
              47.7         0.0165228        0.00934747
              48.1         0.0163108        0.00917151
              48.5         0.0156591        0.00889714
              48.9         0.0153273        0.00891404
              49.3         0.0150138        0.00859047
              49.7         0.0146259        0.00855969
              50.1         0.0143647        0.00836032
              50.5         0.0138376        0.00819318
              50.9         0.0134221         0.0078841
              51.3          0.013338        0.00815632
              51.7         0.0129907        0.00801903
              52.1         0.0125973         0.0074933
              52.5          0.012294        0.00759217
              52.9         0.0120101        0.00727915
              53.3           0.01171        0.00725441
              53.7         0.0115313          0.006938
              54.1         0.0112698         0.0074378
              54.5         0.0107702        0.00676938
              54.9         0.0108172        0.00683667
              55.3         0.0103321        0.00645199
              55.7         0.0102354        0.00662331
              56.1          0.010064        0.00634082
              56.5        0.00981336        0.00641586
              56.9        0.00959586        0.00609253
              57.3        0.00951878        0.00602491
              57.7        0.00927209        0.00620959
              58.1        0.00886895        0.00589816
              58.5        0.00886932        0.00597431
              58.9        0.00861992        0.00599788
              59.3        0.00838787        0.00558472
              59.7        0.00808667        0.00538357
              60.1        0.00794959        0.00539569
              60.5        0.00782491        0.00542529
              60.9        0.00766677        0.00537509
              61.3        0.00756604        0.00518765
              61.7        0.00755503        0.00526503
              62.1        0.00721694        0.00500921
              62.5        0.00699821        0.00505118
              62.9        0.00691156        0.00468135
              63.3        0.00688267         0.0050586
              63.7        0.00680059        0.00491559
              64.1        0.00664747        0.00494087
              64.5        0.00641239        0.00466798
              64.9        0.00625767        0.00473468
              65.3        0.00636709        0.00471056
              65.7        0.00609659        0.00443946
              66.1        0.00595936        0.00441386
              66.5        0.00594416        0.00444764
              66.9        0.00575903        0.00424356
              67.3        0.00566884        0.00422239
              67.7        0.00556297        0.00426294
              68.1        0.00543196        0.00406654
              68.5        0.00536512        0.00420315
              68.9        0.00524938        0.00414086
              69.3        0.00515835        0.00403219
              69.7         0.0050029        0.00397794
              70.1        0.00497023        0.00395765
              70.5         0.0047917        0.00374968
              70.9        0.00477164        0.00366284
              71.3        0.00457486        0.00359162
              71.7        0.00461473        0.00372463
              72.1        0.00444352         0.0035433
              72.5        0.00450389         0.0035754
              72.9        0.00441509        0.00359557
              73.3        0.00432018        0.00361972
              73.7        0.00421679        0.00363606
              74.1        0.00413294        0.00347629
              74.5        0.00408956        0.00360824
              74.9        0.00395749        0.00336447
              75.3        0.00397567         0.0034789
              75.7        0.00388283        0.00324302
              76.1        0.00383116        0.00330262
              76.5        0.00369568          0.003121
              76.9        0.00368145        0.00326186
              77.3        0.00361986        0.00316298
              77.7        0.00354869         0.0031822
              78.1         0.0034559        0.00310375
              78.5        0.00345986        0.00314203
              78.9        0.00345239        0.00311594
              79.3        0.00333623        0.00310179
              79.7         0.0033007        0.00296582
              80.1        0.00325729        0.00299735
              80.5        0.00312601        0.00292248
              80.9        0.00308895        0.00280222
              81.3        0.00308835        0.00286827
              81.7        0.00302491        0.00279479
              82.1        0.00296357        0.00278881
              82.5        0.00300493        0.00290271
              82.9        0.00287249        0.00271426
              83.3         0.0028499        0.00274788
              83.7        0.00275809        0.00267136
              84.1        0.00282053        0.00277942
              84.5        0.00270654        0.00261525
              84.9        0.00274224        0.00273452
              85.3        0.00261126        0.00258029
              85.7         0.0025654        0.00259415
              86.1        0.00252047        0.00249216
              86.5        0.00246277        0.00243754
              86.9        0.00240504        0.00237349
              87.3        0.00241578        0.00247566
              87.7         0.0023922        0.00253135
              88.1        0.00233596         0.0023549
              88.5        0.00230804        0.00235854
              88.9         0.0023055        0.00240774
              89.3        0.00226037        0.00236545
              89.7        0.00222891        0.00237829
              90.1        0.00220112        0.00238383
              90.5         0.0021356        0.00223963
              90.9        0.00210259        0.00226162
              91.3        0.00205307        0.00224491
              91.7        0.00210654        0.00232559
              92.1        0.00198135        0.00211258
              92.5        0.00199268        0.00220229
              92.9        0.00196603        0.00217567
              93.3        0.00192107        0.00216225
              93.7        0.00191821        0.00213726
              94.1        0.00189237        0.00213948
              94.5         0.0018398        0.00206816
              94.9        0.00184793        0.00217439
              95.3        0.00177651        0.00205105
              95.7        0.00179909        0.00206661
              96.1        0.00175204        0.00201158
              96.5        0.00174648        0.00196894
              96.9        0.00169158        0.00198508
              97.3        0.00162674        0.00187967
              97.7        0.00161196        0.00188421
              98.1        0.00167103        0.00197698
              98.5        0.00158194        0.00187239
              98.9         0.0015759        0.00186756
              99.3         0.0015778        0.00191169
              99.7        0.00153703        0.00180279
             100.1         0.0015178        0.00183952
             100.5        0.00150898        0.00188097
             100.9        0.00145646        0.00181351
             101.3        0.00149829        0.00190658
             101.7        0.00147447        0.00188489
             102.1         0.0013912        0.00174515
             102.5        0.00137517        0.00177655
             102.9        0.00138132        0.00175316
             103.3        0.00133434        0.00164648
             103.7        0.00134313        0.00170884
             104.1        0.00132311        0.00170235
             104.5        0.00134148        0.00182771
             104.9        0.00133306        0.00178957
             105.3        0.00128577        0.00169342
             105.7         0.0012446        0.00170489
             106.1         0.0012308        0.00167828
             106.5        0.00123261        0.00167236
             106.9        0.00121638        0.00162434
             107.3        0.00119708        0.00160011
             107.7         0.0011792        0.00167243
             108.1          0.001172        0.00165647
             108.5        0.00110292        0.00150498
             108.9        0.00113198        0.00155043
             109.3         0.0011267        0.00156397
             109.7        0.00109668        0.00155443
             110.1        0.00112544        0.00162014
             110.5        0.00104051        0.00146494
             110.9        0.00109611        0.00164539
             111.3        0.00101815        0.00142587
             111.7        0.00100664        0.00145108
             112.1        0.00101418        0.00145052
             112.5        0.00096525        0.00137649
             112.9       0.000959303          0.001388
             113.3        0.00096025        0.00136604
             113.7       0.000986049        0.00154487
             114.1       0.000959002        0.00142801
             114.5       0.000933258        0.00137293
             114.9        0.00093387        0.00139846
             115.3       0.000881934         0.0012917
             115.7        0.00088497        0.00132891
             116.1       0.000894362        0.00138385
             116.5       0.000846308        0.00130114
             116.9       0.000877248        0.00136179
             117.3       0.000865314        0.00135155
             117.7       0.000847383        0.00130696
             118.1       0.000868027        0.00131782
             118.5       0.000806107        0.00130818
             118.9       0.000802748        0.00125787
             119.3       0.000789539        0.00124271
             119.7       0.000774492        0.00123493
             120.1       0.000781203        0.00125088
             120.5        0.00078834        0.00126263
             120.9       0.000747015        0.00120804
             121.3       0.000750404         0.0012451
             121.7       0.000743909        0.00117953
             122.1       0.000718013        0.00117191
             122.5       0.000713735        0.00118811
             122.9       0.000707094        0.00122249
             123.3       0.000695819        0.00116305
             123.7       0.000693871        0.00116804
             124.1       0.000679839        0.00113231
             124.5       0.000697338        0.00121068
             124.9       0.000640467        0.00106787
             125.3       0.000676793        0.00114205
             125.7       0.000676021        0.00114614
             126.1       0.000633318        0.00113118
             126.5       0.000648275        0.00116425
             126.9       0.000643685        0.00112985
             127.3       0.000648283        0.00121217
             127.7       0.000622296        0.00115716
             128.1       0.000609439        0.00138075
             128.5       0.000620924        0.00110363
             128.9       0.000625847        0.00113081
             129.3       0.000602978        0.00109387
             129.7       0.000607699        0.00113969
             130.1       0.000568063        0.00101367
             130.5       0.000582108        0.00110038
             130.9       0.000542976       0.000961199
             131.3       0.000567321        0.00104167
             131.7       0.000542022       0.000983403
             132.1       0.000553083        0.00105055
             132.5       0.000550363        0.00104702
             132.9       0.000531584        0.00100574
             133.3       0.000522586       0.000987206
             133.7        0.00051915        0.00100699
             134.1       0.000497106       0.000919095
             134.5       0.000478217       0.000932429
             134.9       0.000505312       0.000948654
             135.3       0.000495905       0.000952115
             135.7        0.00049038       0.000951078
             136.1       0.000496326        0.00111445
             136.5       0.000483361       0.000954877
             136.9       0.000458375        0.00090036
             137.3       0.000467038       0.000929764
             137.7       0.000448782       0.000887863
             138.1       0.000461836       0.000937517
             138.5       0.000432289       0.000875785
             138.9       0.000421736       0.000820861
             139.3       0.000436591       0.000909523
             139.7       0.000445652       0.000908101
             140.1       0.000441811       0.000944234
             140.5       0.000414022       0.000855978
             140.9        0.00040688       0.000821296
             141.3        0.00041761        0.00086209
             141.7       0.000411778       0.000846501
             142.1       0.000438966       0.000903406
             142.5       0.000416215       0.000880419
             142.9       0.000391869       0.000823276
             143.3       0.000398812       0.000877776
             143.7       0.000387892       0.000836816
             144.1       0.000383125       0.000808376
             144.5       0.000393817       0.000835426
             144.9       0.000392084        0.00083249
             145.3       0.000360995       0.000823182
             145.7       0.000370688       0.000847475
             146.1       0.000371706       0.000838576
             146.5       0.000362775        0.00082543
             146.9       0.000366778       0.000843591
             147.3       0.000343064       0.000761424
             147.7       0.000336144       0.000746811
             148.1       0.000349862        0.00081038
             148.5       0.000334678        0.00076996
             148.9        0.00033186       0.000772316
             149.3       0.000336052       0.000821525
             149.7       0.000335473        0.00078917
             150.1       0.000318639       0.000815882
             150.5        0.00032843       0.000739605
             150.9        0.00032131       0.000738802
             151.3       0.000319769       0.000778419
             151.7       0.000310897        0.00077256
             152.1       0.000313792       0.000772291
             152.5       0.000322697       0.000750038
             152.9       0.000283225       0.000678779
             153.3       0.000289622       0.000687689
             153.7       0.000301978       0.000771366
             154.1       0.000288412       0.000670916
             154.5       0.000305205       0.000831084
             154.9       0.000281947       0.000702383
             155.3       0.000297767       0.000826828
             155.7       0.000288008       0.000692864
             156.1       0.000276212       0.000703856
             156.5       0.000283433       0.000698962
             156.9       0.000269134       0.000689633
             157.3       0.000266311       0.000665472
             157.7       0.000283165       0.000742135
             158.1       0.000264431        0.00069094
             158.5       0.000247926       0.000628364
             158.9        0.00025099       0.000673196
             159.3       0.000263235       0.000707798
             159.7       0.000260769        0.00069896
             160.1       0.000259346       0.000719306
             160.5       0.000247443       0.000656748
             160.9       0.000245457       0.000676418
             161.3        0.00025144       0.000657115
             161.7       0.000240708       0.000678456
             162.1       0.000220581       0.000578473
             162.5       0.000227155       0.000616956
             162.9       0.000230553       0.000614478
             163.3       0.000230123       0.000650497
             163.7       0.000230828       0.000633741
             164.1       0.000221658       0.000594875
             164.5       0.000221538       0.000609058
             164.9       0.000223898       0.000626527
             165.3        0.00021239       0.000598211
             165.7       0.000214742       0.000619635
             166.1       0.000219596        0.00061932
             166.5       0.000208205       0.000563001
             166.9       0.000203256       0.000566459
             167.3       0.000217932       0.000639031
             167.7       0.000212329       0.000673083
             168.1       0.000207943       0.000634909
             168.5        0.00020693       0.000607025
             168.9        0.00020074       0.000609942
             169.3       0.000194576       0.000556115
             169.7        0.00019232       0.000580464
             170.1       0.000187532       0.000611098
             170.5       0.000184398       0.000552662
             170.9       0.000184956       0.000553659
             171.3       0.000176846       0.000508932
             171.7       0.000176178       0.000517743
             172.1       0.000184762       0.000565747
             172.5       0.000174415       0.000543495
             172.9       0.000170878       0.000542715
             173.3       0.000183628       0.000587659
             173.7       0.000169042       0.000491253
             174.1       0.000182945       0.000553873
             174.5       0.000180959         0.0005508
             174.9       0.000171276       0.000531038
             175.3       0.000176728       0.000547164
             175.7        0.00015845       0.000482059
             176.1       0.000159945       0.000479826
             176.5        0.00016813       0.000530129
             176.9       0.000152054       0.000470426
             177.3       0.000156958       0.000560528
             177.7       0.000169838       0.000516308
             178.1       0.000163365       0.000578752
             178.5       0.000148701       0.000483784
             178.9       0.000147019        0.00044105
             179.3       0.000154735       0.000527031
