               0.1          0.779217         0.0178414
               0.5          0.764843         0.0362868
               0.9          0.760293         0.0345987
               1.3          0.758546         0.0311772
               1.7           0.75792         0.0339777
               2.1          0.763891         0.0349368
               2.5          0.759536         0.0345961
               2.9          0.762631         0.0331475
               3.3          0.757146         0.0340907
               3.7          0.757996         0.0351129
               4.1          0.762425         0.0339811
               4.5          0.757319         0.0324714
               4.9          0.758045         0.0337782
               5.3          0.755339         0.0353061
               5.7          0.752201         0.0356499
               6.1          0.750602         0.0375348
               6.5          0.749962         0.0394078
               6.9          0.749515         0.0355962
               7.3           0.74405          0.037045
               7.7          0.743144         0.0366603
               8.1          0.740149          0.036811
               8.5          0.734662         0.0418426
               8.9          0.729591         0.0416196
               9.3          0.731258         0.0406815
               9.7          0.727353         0.0430662
              10.1          0.724227         0.0432982
              10.5          0.721044         0.0411207
              10.9          0.715697         0.0451406
              11.3           0.70777         0.0451512
              11.7          0.706564         0.0459421
              12.1          0.701212         0.0474495
              12.5          0.696856         0.0488849
              12.9          0.689888         0.0488756
              13.3          0.686297         0.0512212
              13.7          0.677321         0.0541843
              14.1          0.673858         0.0540457
              14.5          0.661915         0.0558872
              14.9          0.655672         0.0600814
              15.3          0.643537         0.0621315
              15.7          0.639828         0.0649441
              16.1           0.62941         0.0669213
              16.5          0.620004          0.065932
              16.9           0.60768         0.0743079
              17.3          0.595297         0.0791729
              17.7          0.581077          0.080705
              18.1          0.562007         0.0899634
              18.5          0.542604         0.0953184
              18.9          0.526046          0.105924
              19.3          0.502594          0.113159
              19.7          0.462788          0.123663
              20.1          0.444106          0.129754
              20.5          0.413491          0.138378
              20.9           0.39135          0.138512
              21.3          0.370652          0.138474
              21.7          0.342127           0.14121
              22.1          0.324894          0.134105
              22.5          0.301299          0.132882
              22.9          0.286075          0.126863
              23.3          0.262022          0.123732
              23.7          0.247456          0.119131
              24.1          0.231633          0.113484
              24.5          0.214024          0.106881
              24.9          0.204492          0.102515
              25.3          0.188985         0.0923299
              25.7          0.169413         0.0800705
              26.1          0.159266         0.0765725
              26.5          0.149471         0.0717251
              26.9          0.138105         0.0628977
              27.3          0.129409         0.0583693
              27.7          0.122235         0.0546664
              28.1          0.113892         0.0527962
              28.5          0.107653         0.0474158
              28.9          0.100709         0.0464376
              29.3         0.0960617         0.0441199
              29.7         0.0896802         0.0423699
              30.1         0.0853075         0.0382994
              30.5         0.0796364         0.0362315
              30.9         0.0771134         0.0354725
              31.3         0.0723014         0.0345126
              31.7         0.0687068         0.0310671
              32.1         0.0671411         0.0319968
              32.5          0.062385         0.0287298
              32.9          0.060518         0.0298432
              33.3         0.0572195           0.02711
              33.7         0.0546968          0.026856
              34.1          0.052533         0.0256414
              34.5         0.0501316         0.0246397
              34.9         0.0485754         0.0236845
              35.3         0.0457263         0.0220291
              35.7         0.0450722         0.0229156
              36.1         0.0428142         0.0218509
              36.5         0.0410429         0.0215421
              36.9         0.0390655         0.0199225
              37.3         0.0371934           0.01996
              37.7         0.0366424         0.0192717
              38.1         0.0344809         0.0184397
              38.5         0.0345259         0.0184722
              38.9         0.0329888          0.018602
              39.3         0.0316811         0.0169832
              39.7         0.0302133         0.0163285
              40.1         0.0296039          0.016469
              40.5          0.028496         0.0158273
              40.9         0.0278823         0.0151172
              41.3         0.0267806         0.0145048
              41.7         0.0260154         0.0150856
              42.1         0.0247278         0.0140221
              42.5         0.0244744         0.0134227
              42.9         0.0235579         0.0130599
              43.3         0.0230169         0.0130597
              43.7         0.0222725          0.012537
              44.1         0.0215967         0.0126173
              44.5          0.020824         0.0127266
              44.9         0.0200028         0.0117362
              45.3         0.0200284          0.011716
              45.7         0.0193096         0.0112318
              46.1         0.0186188         0.0114942
              46.5         0.0180253         0.0108786
              46.9         0.0174905          0.010618
              47.3         0.0172234         0.0103458
              47.7         0.0167497          0.010097
              48.1         0.0164111         0.0101335
              48.5         0.0159194         0.0100114
              48.9         0.0150003         0.0092909
              49.3         0.0149026        0.00923695
              49.7         0.0143325        0.00913654
              50.1         0.0144633        0.00892595
              50.5         0.0139339        0.00868784
              50.9         0.0135176        0.00848089
              51.3         0.0132877        0.00844438
              51.7         0.0131732        0.00825883
              52.1          0.012748        0.00856328
              52.5          0.012204        0.00790148
              52.9         0.0121283        0.00852096
              53.3         0.0119259        0.00806969
              53.7         0.0113091        0.00752715
              54.1         0.0111313        0.00741654
              54.5         0.0108014        0.00733091
              54.9         0.0108567        0.00734797
              55.3         0.0106865        0.00704622
              55.7         0.0104027          0.007222
              56.1         0.0100774        0.00697719
              56.5        0.00964871         0.0067209
              56.9        0.00943669         0.0066025
              57.3        0.00921814        0.00634024
              57.7        0.00902025         0.0062852
              58.1        0.00920992            0.0067
              58.5        0.00872801        0.00637907
              58.9        0.00843337          0.006116
              59.3        0.00847643        0.00610972
              59.7        0.00828382         0.0062242
              60.1        0.00818392        0.00627725
              60.5        0.00799916         0.0059255
              60.9        0.00785897        0.00585222
              61.3        0.00750742        0.00559002
              61.7        0.00736569        0.00546767
              62.1        0.00720705        0.00557055
              62.5        0.00722654        0.00568771
              62.9        0.00690841        0.00547139
              63.3         0.0067968        0.00532571
              63.7        0.00672963        0.00517915
              64.1        0.00652454        0.00507047
              64.5        0.00655046        0.00539628
              64.9        0.00640262        0.00504802
              65.3        0.00621238         0.0049086
              65.7        0.00603303        0.00497264
              66.1        0.00602312        0.00494446
              66.5        0.00593089        0.00477038
              66.9        0.00580016        0.00477105
              67.3        0.00565736        0.00470827
              67.7        0.00559363          0.004762
              68.1        0.00551006        0.00461284
              68.5        0.00535759          0.004623
              68.9        0.00529224        0.00459076
              69.3        0.00513211        0.00424256
              69.7        0.00515155        0.00437364
              70.1        0.00484742         0.0042236
              70.5          0.004864        0.00416884
              70.9          0.004848        0.00420042
              71.3        0.00469087        0.00407191
              71.7        0.00466949        0.00403278
              72.1        0.00449571        0.00398788
              72.5        0.00441107        0.00386505
              72.9        0.00443001        0.00399695
              73.3        0.00435465          0.003831
              73.7        0.00423678        0.00378016
              74.1         0.0042238        0.00375865
              74.5        0.00415455        0.00377763
              74.9        0.00393071         0.0035643
              75.3        0.00402647        0.00388076
              75.7        0.00378528        0.00362947
              76.1        0.00377344         0.0034833
              76.5        0.00374066        0.00360502
              76.9        0.00371726        0.00361239
              77.3        0.00361442        0.00341566
              77.7        0.00352891        0.00334155
              78.1        0.00354147        0.00346372
              78.5        0.00339771        0.00321776
              78.9        0.00340615        0.00328274
              79.3        0.00335249        0.00318433
              79.7        0.00323452        0.00323334
              80.1        0.00322523        0.00314266
              80.5        0.00314064        0.00318884
              80.9        0.00316561        0.00313839
              81.3         0.0030549        0.00299887
              81.7        0.00297371         0.0029934
              82.1        0.00298563        0.00298387
              82.5        0.00296932        0.00310174
              82.9        0.00284533        0.00286437
              83.3        0.00288994        0.00305618
              83.7        0.00277809        0.00281684
              84.1        0.00281127        0.00296444
              84.5        0.00269552        0.00286316
              84.9        0.00265817        0.00290956
              85.3           0.00265        0.00282114
              85.7          0.002608        0.00268049
              86.1        0.00261056        0.00281559
              86.5        0.00253546        0.00275713
              86.9        0.00245896        0.00265368
              87.3        0.00238535        0.00264639
              87.7        0.00240397        0.00265707
              88.1        0.00237519        0.00258481
              88.5        0.00228105        0.00257805
              88.9        0.00226073        0.00249006
              89.3        0.00223303           0.00255
              89.7        0.00219513        0.00255305
              90.1        0.00216926        0.00244809
              90.5        0.00218396        0.00246899
              90.9        0.00212472        0.00246952
              91.3        0.00209811        0.00236677
              91.7        0.00200631        0.00237527
              92.1        0.00199982        0.00237575
              92.5        0.00197992        0.00241104
              92.9        0.00194623        0.00238853
              93.3        0.00193649         0.0023709
              93.7        0.00189879        0.00232647
              94.1        0.00192983        0.00234853
              94.5        0.00183163        0.00225848
              94.9        0.00182488        0.00225536
              95.3        0.00180381        0.00221818
              95.7        0.00177349        0.00218794
              96.1        0.00174576        0.00218448
              96.5        0.00168799        0.00211317
              96.9        0.00171516        0.00230314
              97.3        0.00166982         0.0021833
              97.7        0.00167109        0.00204592
              98.1        0.00165507        0.00210966
              98.5        0.00163477        0.00212341
              98.9        0.00160608        0.00209999
              99.3        0.00157182        0.00204285
              99.7        0.00152867        0.00205433
             100.1        0.00154034        0.00207378
             100.5        0.00149121        0.00199164
             100.9         0.0014699        0.00196392
             101.3        0.00146084        0.00194773
             101.7         0.0014372        0.00195705
             102.1        0.00140025        0.00194589
             102.5        0.00138511        0.00182495
             102.9        0.00138135        0.00187767
             103.3        0.00135571         0.0018973
             103.7        0.00137046         0.0019566
             104.1        0.00131649        0.00181901
             104.5        0.00128017        0.00181288
             104.9        0.00129937        0.00191024
             105.3        0.00127574        0.00184684
             105.7        0.00123496        0.00177911
             106.1        0.00125091        0.00175501
             106.5        0.00120916        0.00171172
             106.9        0.00120041        0.00175645
             107.3        0.00118725        0.00174893
             107.7        0.00117215        0.00166344
             108.1        0.00111159        0.00159958
             108.5         0.0011579        0.00171522
             108.9        0.00114368        0.00173512
             109.3        0.00106934        0.00155579
             109.7        0.00109417        0.00163372
             110.1        0.00109973         0.0016363
             110.5        0.00105698        0.00161467
             110.9         0.0010626        0.00156546
             111.3        0.00105815        0.00174241
             111.7        0.00105153        0.00163074
             112.1        0.00104513        0.00162994
             112.5       0.000998476        0.00151013
             112.9       0.000968219        0.00152184
             113.3       0.000953138        0.00151549
             113.7       0.000956125        0.00154737
             114.1       0.000966194        0.00155481
             114.5       0.000922974        0.00152559
             114.9       0.000914334         0.0014532
             115.3       0.000955924        0.00159884
             115.7       0.000891193        0.00145484
             116.1       0.000893032        0.00145971
             116.5       0.000893596        0.00147727
             116.9       0.000850453        0.00139958
             117.3       0.000846005         0.0014128
             117.7       0.000864431         0.0014736
             118.1       0.000835319        0.00143851
             118.5       0.000840578        0.00145879
             118.9       0.000800886        0.00137451
             119.3       0.000797275        0.00131062
             119.7       0.000789282        0.00137287
             120.1        0.00080652        0.00146787
             120.5       0.000779835        0.00132575
             120.9       0.000755017        0.00134035
             121.3       0.000775673        0.00138818
             121.7       0.000753985         0.0013088
             122.1       0.000716368        0.00123146
             122.5       0.000760428        0.00136524
             122.9       0.000716622        0.00131532
             123.3       0.000674792        0.00120681
             123.7       0.000700385        0.00125716
             124.1       0.000698368        0.00126648
             124.5       0.000686587        0.00123305
             124.9       0.000654774        0.00114544
             125.3         0.0006624        0.00118883
             125.7       0.000652873        0.00120274
             126.1       0.000665042        0.00126172
             126.5       0.000640084        0.00115054
             126.9       0.000636461        0.00119178
             127.3       0.000648937        0.00129598
             127.7        0.00061103        0.00118249
             128.1       0.000620226        0.00116089
             128.5       0.000604202        0.00115617
             128.9       0.000628892        0.00129218
             129.3       0.000605569        0.00115923
             129.7       0.000583091         0.0011185
             130.1       0.000607714        0.00120373
             130.5       0.000568985        0.00110582
             130.9       0.000554669        0.00109246
             131.3       0.000548337        0.00107734
             131.7       0.000551932        0.00111209
             132.1        0.00054949        0.00109038
             132.5       0.000543799        0.00107091
             132.9       0.000525641        0.00104186
             133.3        0.00053589         0.0011167
             133.7        0.00051046        0.00104176
             134.1       0.000529007        0.00115391
             134.5       0.000489384        0.00103256
             134.9        0.00050118       0.000999425
             135.3       0.000519749        0.00112137
             135.7       0.000501199        0.00107049
             136.1        0.00050289        0.00102691
             136.5       0.000472567        0.00101438
             136.9       0.000467945       0.000999426
             137.3       0.000477889        0.00111228
             137.7       0.000447062       0.000941832
             138.1       0.000461765        0.00100549
             138.5       0.000463425        0.00102782
             138.9       0.000439283       0.000964101
             139.3       0.000429684       0.000951758
             139.7       0.000445259       0.000961269
             140.1       0.000411448       0.000909793
             140.5       0.000420493       0.000940951
             140.9       0.000420538       0.000909322
             141.3       0.000441404        0.00100033
             141.7       0.000416295        0.00101225
             142.1        0.00040052        0.00094192
             142.5       0.000386992        0.00087263
             142.9       0.000418883       0.000995328
             143.3       0.000391136       0.000882881
             143.7       0.000384152       0.000880992
             144.1       0.000397933       0.000929704
             144.5       0.000372478       0.000938468
             144.9       0.000395215       0.000916966
             145.3       0.000365022       0.000872795
             145.7       0.000369413       0.000914757
             146.1       0.000358339        0.00082262
             146.5       0.000353903       0.000863824
             146.9       0.000359758       0.000880538
             147.3       0.000350576       0.000837832
             147.7       0.000363056       0.000883562
             148.1       0.000323658       0.000761451
             148.5       0.000328009       0.000774371
             148.9       0.000332611       0.000817328
             149.3       0.000333542       0.000911187
             149.7       0.000318995       0.000774783
             150.1       0.000312397       0.000776424
             150.5       0.000323224       0.000814365
             150.9       0.000329311       0.000825757
             151.3       0.000323942       0.000937689
             151.7       0.000302977       0.000756699
             152.1       0.000316234       0.000819517
             152.5       0.000304763       0.000777336
             152.9        0.00030121       0.000763844
             153.3       0.000300705       0.000801779
             153.7       0.000304963       0.000880805
             154.1       0.000298643       0.000832714
             154.5       0.000279331       0.000723234
             154.9       0.000298281       0.000817891
             155.3       0.000268012       0.000741435
             155.7       0.000268159       0.000690379
             156.1       0.000290792       0.000807345
             156.5       0.000281561       0.000743951
             156.9       0.000269011       0.000749106
             157.3       0.000278867       0.000756383
             157.7        0.00026579       0.000788702
             158.1       0.000263171       0.000748294
             158.5       0.000250727       0.000707431
             158.9       0.000277011        0.00075844
             159.3       0.000248623       0.000764119
             159.7       0.000269491       0.000735915
             160.1       0.000242449       0.000694254
             160.5       0.000247597       0.000721744
             160.9       0.000249502       0.000792636
             161.3         0.0002417       0.000738793
             161.7       0.000253709       0.000758641
             162.1       0.000241607       0.000754584
             162.5       0.000224341       0.000648081
             162.9       0.000229975       0.000680959
             163.3        0.00023996       0.000721557
             163.7       0.000226504       0.000674382
             164.1       0.000225241       0.000656752
             164.5       0.000239249       0.000732817
             164.9       0.000228114        0.00065419
             165.3       0.000232208        0.00069201
             165.7       0.000223877       0.000756452
             166.1       0.000207939       0.000634576
             166.5       0.000221884       0.000680591
             166.9       0.000218548       0.000715816
             167.3       0.000208034       0.000637858
             167.7       0.000197384       0.000599847
             168.1        0.00021245       0.000679452
             168.5       0.000210655       0.000667036
             168.9       0.000210199       0.000693779
             169.3       0.000203578       0.000720856
             169.7       0.000185239       0.000531483
             170.1       0.000184452       0.000576485
             170.5       0.000185772       0.000564624
             170.9        0.00019906       0.000636785
             171.3        0.00019425       0.000613358
             171.7        0.00018069         0.0005779
             172.1       0.000177954        0.00056496
             172.5       0.000183612       0.000586488
             172.9       0.000183167       0.000599752
             173.3       0.000207267       0.000673825
             173.7       0.000178293       0.000591122
             174.1       0.000175502       0.000560923
             174.5       0.000158717       0.000520291
             174.9       0.000170697       0.000542565
             175.3       0.000165091       0.000547008
             175.7       0.000168742       0.000584457
             176.1       0.000153454       0.000499762
             176.5       0.000150672       0.000498905
             176.9        0.00016643       0.000564436
             177.3       0.000165299       0.000556573
             177.7         0.0001699       0.000600238
             178.1       0.000159017       0.000577932
             178.5       0.000168081       0.000633798
             178.9       0.000150593       0.000517389
             179.3       0.000166729       0.000605767
