               0.1          0.759644         0.0911175
               0.5          0.769084         0.0648419
               0.9          0.766664         0.0717002
               1.3          0.766241         0.0781774
               1.7          0.745892         0.0928629
               2.1          0.760637         0.0770208
               2.5          0.756443         0.0900443
               2.9          0.751414         0.0890322
               3.3          0.754693         0.0831731
               3.7          0.753106          0.093824
               4.1          0.757027         0.0878501
               4.5           0.73981          0.105833
               4.9          0.750705         0.0913187
               5.3          0.752184         0.0852917
               5.7          0.754343         0.0885426
               6.1          0.756863         0.0852603
               6.5          0.744667         0.0985426
               6.9          0.741919         0.0888268
               7.3          0.746175         0.0922642
               7.7          0.732447         0.0942569
               8.1          0.733677         0.0929168
               8.5          0.730098         0.0942988
               8.9          0.724687         0.0986978
               9.3          0.724873         0.0915962
               9.7          0.721983         0.0963155
              10.1          0.719656          0.104593
              10.5          0.715708          0.102331
              10.9          0.708884          0.109557
              11.3          0.703991          0.112117
              11.7          0.701079          0.104812
              12.1          0.690865          0.110904
              12.5          0.689422          0.108449
              12.9          0.682941          0.109817
              13.3          0.681749          0.113248
              13.7          0.678989          0.116179
              14.1          0.665972            0.1234
              14.5          0.655596           0.12564
              14.9          0.641972          0.130759
              15.3          0.637418          0.136499
              15.7          0.631996          0.136951
              16.1           0.62496          0.138272
              16.5          0.615182          0.141316
              16.9          0.593989          0.153174
              17.3          0.584558          0.159349
              17.7          0.564251           0.16215
              18.1          0.553862          0.162164
              18.5          0.550563          0.171817
              18.9          0.528863           0.17441
              19.3          0.504584          0.185294
              19.7          0.460849          0.196888
              20.1          0.436623          0.197505
              20.5          0.416286          0.196621
              20.9          0.388534           0.19618
              21.3          0.357205          0.194453
              21.7          0.347397          0.196401
              22.1          0.324096          0.190616
              22.5          0.309682          0.193363
              22.9          0.275796          0.180048
              23.3          0.267246          0.181534
              23.7          0.242346          0.172949
              24.1          0.236798          0.171118
              24.5          0.213646          0.160029
              24.9          0.190914           0.14898
              25.3          0.195149          0.153559
              25.7          0.183743           0.14229
              26.1          0.167224          0.140671
              26.5          0.149524          0.126009
              26.9          0.136514          0.114489
              27.3          0.131331           0.11597
              27.7           0.12628            0.1155
              28.1          0.119271          0.110502
              28.5          0.107754         0.0981241
              28.9          0.105572         0.0973689
              29.3         0.0949671         0.0945435
              29.7          0.093382         0.0900958
              30.1         0.0848749         0.0855756
              30.5         0.0802065         0.0816255
              30.9         0.0796326         0.0809276
              31.3         0.0759038         0.0780756
              31.7         0.0696598         0.0703562
              32.1         0.0657309         0.0705235
              32.5         0.0634255         0.0685935
              32.9         0.0615568         0.0644871
              33.3         0.0581508         0.0616906
              33.7         0.0588555         0.0643216
              34.1         0.0552256         0.0613433
              34.5         0.0518021         0.0584732
              34.9         0.0509697         0.0593609
              35.3         0.0488446         0.0567883
              35.7         0.0438851         0.0509216
              36.1          0.043335         0.0510017
              36.5         0.0416995         0.0507281
              36.9         0.0394871         0.0494554
              37.3         0.0391218         0.0487543
              37.7         0.0367886         0.0450102
              38.1         0.0365803          0.045899
              38.5         0.0343934         0.0427411
              38.9         0.0325099         0.0410384
              39.3         0.0304915         0.0374701
              39.7         0.0308665         0.0395325
              40.1         0.0304113          0.039313
              40.5         0.0278473          0.035943
              40.9         0.0296824         0.0401106
              41.3         0.0284484         0.0393751
              41.7         0.0268684         0.0356623
              42.1         0.0263807         0.0365318
              42.5         0.0248716         0.0343057
              42.9         0.0235889         0.0319644
              43.3         0.0249294         0.0341615
              43.7         0.0220621         0.0320202
              44.1         0.0214382         0.0295187
              44.5         0.0218084         0.0314781
              44.9         0.0201028         0.0293982
              45.3         0.0203811         0.0294047
              45.7         0.0199562          0.029017
              46.1          0.018394          0.025754
              46.5         0.0182733         0.0266316
              46.9          0.018121         0.0255644
              47.3          0.017552         0.0261191
              47.7         0.0175502         0.0271973
              48.1         0.0162227         0.0238148
              48.5         0.0155203         0.0236116
              48.9         0.0160762         0.0251054
              49.3          0.015372         0.0231577
              49.7         0.0145468         0.0223028
              50.1         0.0147323         0.0227586
              50.5         0.0143212         0.0229468
              50.9         0.0138081         0.0209087
              51.3          0.013287         0.0212132
              51.7         0.0133658         0.0213326
              52.1         0.0134355         0.0235846
              52.5         0.0129174         0.0208637
              52.9         0.0126436         0.0216749
              53.3         0.0117522         0.0196218
              53.7         0.0115671         0.0184069
              54.1         0.0112783         0.0186266
              54.5         0.0112344         0.0199018
              54.9         0.0112872         0.0184974
              55.3         0.0109725         0.0189353
              55.7         0.0107215          0.017741
              56.1         0.0098348         0.0154248
              56.5         0.0098397         0.0161462
              56.9        0.00983159         0.0165219
              57.3        0.00953007          0.016234
              57.7        0.00914438         0.0149852
              58.1          0.008866         0.0148931
              58.5        0.00872024         0.0155472
              58.9        0.00906433         0.0165145
              59.3        0.00842368         0.0144467
              59.7        0.00788182          0.013997
              60.1        0.00815219         0.0145929
              60.5        0.00794137         0.0139402
              60.9        0.00770535         0.0142241
              61.3        0.00774835         0.0145057
              61.7         0.0072198         0.0126582
              62.1        0.00743405         0.0140807
              62.5         0.0074006         0.0140081
              62.9        0.00751615         0.0140572
              63.3        0.00649405         0.0128354
              63.7        0.00701979         0.0132614
              64.1        0.00652602          0.012149
              64.5        0.00664015         0.0128697
              64.9        0.00633494         0.0130261
              65.3        0.00615412         0.0112288
              65.7        0.00631112         0.0121197
              66.1        0.00572422          0.010839
              66.5        0.00585937         0.0119903
              66.9          0.005888         0.0113328
              67.3        0.00591832         0.0121472
              67.7        0.00527497          0.010156
              68.1        0.00570647         0.0117079
              68.5        0.00558545         0.0136016
              68.9        0.00555616         0.0117043
              69.3        0.00544387         0.0112565
              69.7        0.00511606         0.0101333
              70.1        0.00507169         0.0107084
              70.5        0.00488606         0.0102372
              70.9          0.004856        0.00984485
              71.3        0.00473855          0.010044
              71.7        0.00497182         0.0108003
              72.1        0.00469904        0.00962442
              72.5        0.00431489        0.00905793
              72.9        0.00429016        0.00924462
              73.3        0.00448331         0.0100487
              73.7        0.00422236        0.00898574
              74.1        0.00417571        0.00967948
              74.5        0.00417946         0.0089345
              74.9         0.0041221        0.00935971
              75.3        0.00406899        0.00893803
              75.7        0.00407798        0.00901051
              76.1        0.00392364        0.00934834
              76.5        0.00382976        0.00873526
              76.9        0.00369828        0.00879958
              77.3        0.00381458        0.00934576
              77.7        0.00364927        0.00874355
              78.1        0.00373554        0.00867332
              78.5        0.00337414        0.00747916
              78.9         0.0033979        0.00728931
              79.3        0.00348615        0.00828017
              79.7        0.00329411        0.00798956
              80.1        0.00344629         0.0080507
              80.5        0.00321475        0.00836004
              80.9        0.00312152        0.00707451
              81.3        0.00296976        0.00754439
              81.7         0.0031317        0.00811547
              82.1        0.00313732        0.00793502
              82.5        0.00301832        0.00770895
              82.9        0.00298618         0.0074358
              83.3         0.0029687        0.00776868
              83.7        0.00265113        0.00692726
              84.1        0.00280575        0.00724002
              84.5        0.00276681        0.00657601
              84.9        0.00273573        0.00732665
              85.3         0.0027923        0.00738999
              85.7        0.00255525        0.00646348
              86.1         0.0026347        0.00722727
              86.5        0.00271873        0.00690531
              86.9        0.00249214        0.00648515
              87.3        0.00243894        0.00656149
              87.7        0.00244719        0.00686289
              88.1        0.00244248          0.006714
              88.5        0.00243232        0.00645261
              88.9        0.00221707         0.0066662
              89.3        0.00218019        0.00600023
              89.7        0.00233987        0.00631395
              90.1        0.00216347        0.00576355
              90.5        0.00228901        0.00638131
              90.9        0.00206931        0.00584991
              91.3         0.0020758        0.00609295
              91.7        0.00207595        0.00595814
              92.1         0.0021346         0.0060055
              92.5        0.00201716        0.00575101
              92.9        0.00205678        0.00579659
              93.3        0.00202218        0.00583268
              93.7        0.00209873        0.00622407
              94.1        0.00192778        0.00627639
              94.5        0.00195611         0.0061356
              94.9        0.00187613        0.00574386
              95.3        0.00186416        0.00599183
              95.7        0.00181704        0.00551403
              96.1        0.00168263        0.00483693
              96.5        0.00171757        0.00561097
              96.9        0.00169796        0.00511471
              97.3        0.00182267        0.00623653
              97.7        0.00170479        0.00546348
              98.1        0.00156482        0.00504438
              98.5        0.00152229        0.00476486
              98.9        0.00166103        0.00527433
              99.3        0.00162812        0.00560144
              99.7        0.00161979        0.00501411
             100.1        0.00169466        0.00541745
             100.5         0.0015457         0.0051519
             100.9        0.00146625        0.00469224
             101.3        0.00155489        0.00556104
             101.7        0.00139372        0.00431778
             102.1        0.00141014         0.0045405
             102.5          0.001393        0.00481309
             102.9        0.00133662        0.00438579
             103.3         0.0014595        0.00515022
             103.7        0.00137578        0.00457926
             104.1         0.0014421        0.00468726
             104.5        0.00124379        0.00416282
             104.9        0.00138543        0.00490214
             105.3        0.00123136        0.00406912
             105.7        0.00126803        0.00424838
             106.1        0.00117657        0.00394726
             106.5        0.00128022        0.00456563
             106.9        0.00129197        0.00436664
             107.3        0.00113686        0.00388539
             107.7        0.00126071        0.00498124
             108.1        0.00113749        0.00395663
             108.5        0.00108688         0.0036829
             108.9        0.00115092        0.00427821
             109.3        0.00113063        0.00410868
             109.7        0.00112232        0.00415509
             110.1        0.00118662        0.00457948
             110.5        0.00107115        0.00402788
             110.9        0.00107959        0.00416371
             111.3        0.00100395        0.00403607
             111.7        0.00111214        0.00423685
             112.1        0.00112363        0.00431264
             112.5        0.00103639        0.00388392
             112.9       0.000918648        0.00344711
             113.3        0.00105826        0.00439954
             113.7       0.000985519        0.00388167
             114.1       0.000959806        0.00381805
             114.5       0.000996686        0.00401927
             114.9       0.000908138        0.00365782
             115.3       0.000974514        0.00390961
             115.7       0.000964794        0.00380232
             116.1       0.000878485        0.00352609
             116.5       0.000919628        0.00365752
             116.9       0.000870514        0.00381183
             117.3       0.000961383        0.00392363
             117.7       0.000913284        0.00399931
             118.1       0.000802224        0.00318688
             118.5       0.000821068        0.00307971
             118.9       0.000863044        0.00358404
             119.3       0.000853073         0.0035108
             119.7       0.000777543        0.00306491
             120.1       0.000756623        0.00304024
             120.5       0.000804649        0.00406969
             120.9       0.000811233        0.00368482
             121.3        0.00070285        0.00282543
             121.7       0.000842565        0.00369831
             122.1       0.000707122        0.00302444
             122.5       0.000774131         0.0034706
             122.9       0.000720101        0.00331092
             123.3       0.000805107        0.00397825
             123.7       0.000734194        0.00310035
             124.1       0.000719039        0.00347731
             124.5       0.000746259        0.00326364
             124.9       0.000720681        0.00337119
             125.3        0.00071589        0.00342388
             125.7       0.000691992        0.00353441
             126.1       0.000607001        0.00285977
             126.5       0.000662379        0.00310623
             126.9       0.000626655        0.00267619
             127.3       0.000700052        0.00332193
             127.7       0.000633711        0.00325293
             128.1       0.000630726        0.00312856
             128.5       0.000640279        0.00309058
             128.9        0.00063316        0.00294013
             129.3       0.000563884        0.00271178
             129.7       0.000616119        0.00315586
             130.1       0.000561798        0.00256637
             130.5       0.000588659        0.00276721
             130.9       0.000577835        0.00279091
             131.3       0.000588503         0.0031266
             131.7       0.000507447        0.00236638
             132.1       0.000578671        0.00267943
             132.5       0.000592879        0.00300448
             132.9       0.000578141        0.00306464
             133.3       0.000553129        0.00267315
             133.7         0.0004859        0.00242527
             134.1       0.000521406        0.00280713
             134.5       0.000551318        0.00297259
             134.9       0.000529919        0.00324933
             135.3       0.000468832        0.00229805
             135.7       0.000562136        0.00298382
             136.1       0.000467946        0.00253303
             136.5       0.000498998        0.00262827
             136.9        0.00045048        0.00215944
             137.3       0.000473803        0.00243544
             137.7       0.000460078        0.00278941
             138.1       0.000499847        0.00261708
             138.5       0.000422237        0.00206782
             138.9       0.000454955        0.00235478
             139.3       0.000449701        0.00259116
             139.7       0.000443397        0.00234582
             140.1       0.000441969        0.00232543
             140.5       0.000454854        0.00262851
             140.9        0.00046493        0.00267379
             141.3       0.000510991        0.00285729
             141.7       0.000360384        0.00191707
             142.1       0.000424529        0.00237764
             142.5       0.000415846         0.0022002
             142.9       0.000411125        0.00235035
             143.3       0.000415184        0.00292769
             143.7        0.00038458        0.00209748
             144.1       0.000383823        0.00230258
             144.5       0.000338677        0.00199004
             144.9       0.000394173        0.00214156
             145.3       0.000371524        0.00232972
             145.7       0.000326828        0.00189851
             146.1       0.000408666        0.00260836
             146.5         0.0003686        0.00200422
             146.9       0.000387701        0.00228241
             147.3       0.000422479        0.00295708
             147.7       0.000350297         0.0019993
             148.1       0.000362868        0.00197442
             148.5       0.000301795        0.00176747
             148.9       0.000397142        0.00262343
             149.3       0.000325247        0.00187102
             149.7       0.000339173        0.00201653
             150.1       0.000336628        0.00205466
             150.5       0.000320759        0.00177229
             150.9       0.000307038        0.00196253
             151.3       0.000332383        0.00217703
             151.7       0.000380392        0.00231714
             152.1       0.000302574        0.00187799
             152.5       0.000299258        0.00172829
             152.9       0.000333792        0.00234593
             153.3       0.000293101        0.00188671
             153.7        0.00028257        0.00176882
             154.1        0.00028525         0.0018064
             154.5       0.000261973        0.00169731
             154.9       0.000269664        0.00180448
             155.3       0.000283932        0.00171615
             155.7       0.000271776        0.00178614
             156.1        0.00026102        0.00218507
             156.5       0.000292992        0.00189775
             156.9       0.000237627        0.00146731
             157.3       0.000271548        0.00200469
             157.7       0.000262553        0.00198456
             158.1       0.000260691        0.00178285
             158.5        0.00024026        0.00162423
             158.9       0.000264293        0.00170127
             159.3       0.000295038        0.00192917
             159.7        0.00025215        0.00174081
             160.1       0.000256827        0.00168397
             160.5       0.000252825        0.00159355
             160.9       0.000257274        0.00176431
             161.3       0.000229343        0.00148982
             161.7       0.000270718        0.00191104
             162.1       0.000263514        0.00188969
             162.5       0.000241565        0.00167532
             162.9       0.000240951        0.00165542
             163.3       0.000231131        0.00168912
             163.7       0.000232473        0.00162782
             164.1       0.000250932        0.00179086
             164.5       0.000208542        0.00137624
             164.9       0.000227904        0.00170811
             165.3       0.000201193        0.00138795
             165.7       0.000252916          0.001825
             166.1        0.00023632        0.00163632
             166.5       0.000221402        0.00151228
             166.9       0.000281309        0.00210058
             167.3       0.000241364        0.00189386
             167.7        0.00018451         0.0013956
             168.1       0.000197774         0.0013595
             168.5       0.000203078        0.00170169
             168.9       0.000209054        0.00149567
             169.3       0.000218186        0.00184215
             169.7        0.00015104        0.00106435
             170.1       0.000207526        0.00164316
             170.5        0.00021779        0.00169255
             170.9       0.000205637        0.00154743
             171.3       0.000198255        0.00154383
             171.7       0.000175551        0.00150426
             172.1        0.00018822        0.00146183
             172.5       0.000199317        0.00164182
             172.9       0.000219182        0.00169521
             173.3       0.000194167        0.00145134
             173.7       0.000153173        0.00106676
             174.1       0.000197178        0.00152203
             174.5       0.000146431        0.00105801
             174.9       0.000178607        0.00144133
             175.3       0.000157538        0.00124665
             175.7       0.000158004        0.00122269
             176.1       0.000173382        0.00138413
             176.5       0.000169876        0.00133518
             176.9       0.000191936        0.00151375
             177.3       0.000177941        0.00172391
             177.7       0.000158139        0.00135856
             178.1         0.0001746        0.00183009
             178.5       0.000160001        0.00133294
             178.9       0.000153572        0.00126751
             179.3        0.00016066        0.00127866
