               0.1          0.759805         0.0396577
               0.5          0.762807         0.0407094
               0.9          0.762382         0.0434183
               1.3          0.764465         0.0446918
               1.7          0.761508         0.0467049
               2.1          0.758499         0.0424903
               2.5          0.763262         0.0422309
               2.9          0.760492         0.0431214
               3.3          0.757871         0.0452098
               3.7          0.759214         0.0471225
               4.1          0.759599         0.0446573
               4.5          0.756426          0.048814
               4.9          0.752963         0.0500099
               5.3          0.753204         0.0439749
               5.7          0.749483         0.0456166
               6.1          0.745878         0.0494067
               6.5          0.747802         0.0493959
               6.9          0.743657         0.0499119
               7.3           0.74476         0.0510493
               7.7          0.740336         0.0519489
               8.1          0.738415         0.0555531
               8.5          0.737234         0.0563288
               8.9          0.732018         0.0502754
               9.3           0.73067         0.0589752
               9.7          0.727034         0.0530619
              10.1          0.723017         0.0535376
              10.5          0.718028         0.0578662
              10.9          0.715459         0.0594446
              11.3          0.710855          0.062601
              11.7          0.708213         0.0631429
              12.1          0.699596         0.0677691
              12.5          0.695593         0.0638223
              12.9          0.684939         0.0693795
              13.3          0.684672         0.0681352
              13.7          0.677194         0.0720175
              14.1          0.671842         0.0731503
              14.5          0.664309          0.073126
              14.9          0.659616         0.0748432
              15.3          0.645747         0.0780601
              15.7          0.634516         0.0833184
              16.1          0.624995         0.0863196
              16.5          0.615438         0.0918813
              16.9          0.603099         0.0962953
              17.3          0.590245         0.0975902
              17.7          0.583072           0.10195
              18.1          0.559376           0.10871
              18.5          0.542686          0.115169
              18.9          0.523977          0.125152
              19.3          0.492569          0.134112
              19.7          0.472784          0.140881
              20.1          0.439472          0.148645
              20.5          0.421694          0.153656
              20.9          0.392206          0.153836
              21.3          0.369573          0.154364
              21.7          0.349872          0.155067
              22.1          0.325306          0.148934
              22.5          0.306911          0.144972
              22.9          0.283583          0.142598
              23.3          0.268709          0.138184
              23.7          0.248696          0.132309
              24.1          0.233112          0.130283
              24.5          0.213977          0.120338
              24.9          0.198401          0.112515
              25.3          0.189341          0.110863
              25.7          0.172221         0.0997509
              26.1          0.158749         0.0914345
              26.5          0.151922         0.0882872
              26.9          0.139536         0.0817758
              27.3          0.129298         0.0741842
              27.7          0.121533         0.0701039
              28.1          0.116727          0.068765
              28.5          0.106857          0.058684
              28.9           0.10309         0.0599665
              29.3         0.0960085         0.0563673
              29.7          0.090214         0.0545138
              30.1         0.0874117         0.0517768
              30.5          0.078056         0.0458796
              30.9         0.0785789         0.0483936
              31.3         0.0738427         0.0439227
              31.7         0.0683279         0.0415718
              32.1         0.0663448         0.0404886
              32.5         0.0642361         0.0432545
              32.9         0.0600164         0.0373882
              33.3          0.057178         0.0363639
              33.7         0.0561886         0.0357519
              34.1         0.0528875         0.0336596
              34.5         0.0508968         0.0343973
              34.9         0.0479203         0.0304788
              35.3         0.0472969         0.0327768
              35.7         0.0450684         0.0335998
              36.1         0.0433809          0.028484
              36.5         0.0414277         0.0277185
              36.9         0.0399804         0.0273963
              37.3         0.0383019         0.0269842
              37.7         0.0372602          0.025492
              38.1         0.0357514          0.025089
              38.5         0.0339698         0.0250316
              38.9         0.0337683         0.0245454
              39.3         0.0318228         0.0233334
              39.7          0.030857         0.0227147
              40.1         0.0296407         0.0215782
              40.5         0.0289873         0.0204537
              40.9          0.027342         0.0204042
              41.3          0.026841          0.019499
              41.7         0.0263843         0.0201142
              42.1         0.0246233          0.017934
              42.5          0.024964         0.0191475
              42.9         0.0229759         0.0172752
              43.3         0.0232271         0.0178116
              43.7         0.0218978         0.0166964
              44.1          0.021836         0.0169668
              44.5         0.0211164         0.0169408
              44.9         0.0200771         0.0158666
              45.3         0.0193877         0.0151659
              45.7         0.0198164         0.0158508
              46.1         0.0186729         0.0154624
              46.5         0.0180839         0.0146337
              46.9         0.0180767         0.0146934
              47.3         0.0173597         0.0139832
              47.7         0.0168567         0.0138794
              48.1         0.0162601         0.0138761
              48.5         0.0159641         0.0130483
              48.9         0.0152817         0.0122743
              49.3           0.01516         0.0126004
              49.7         0.0145688         0.0124465
              50.1         0.0146731         0.0126237
              50.5         0.0134921         0.0114352
              50.9         0.0135343         0.0120225
              51.3         0.0134967         0.0117648
              51.7         0.0128448         0.0111064
              52.1         0.0128834         0.0120178
              52.5         0.0122723         0.0107694
              52.9         0.0120516         0.0104114
              53.3         0.0119675         0.0104277
              53.7         0.0120569         0.0111721
              54.1          0.011242         0.0102216
              54.5         0.0109114         0.0100971
              54.9         0.0106484        0.00969748
              55.3         0.0107096        0.00990504
              55.7         0.0103206         0.0099622
              56.1        0.00978474        0.00893961
              56.5         0.0100086        0.00935657
              56.9        0.00981008        0.00907263
              57.3         0.0095006        0.00896963
              57.7        0.00931243        0.00908045
              58.1        0.00895542        0.00872097
              58.5        0.00871716        0.00821372
              58.9         0.0085823         0.0081562
              59.3        0.00858633        0.00834187
              59.7        0.00843914        0.00861241
              60.1        0.00801439         0.0078106
              60.5         0.0078044        0.00802484
              60.9         0.0076709        0.00764757
              61.3        0.00759501         0.0078001
              61.7        0.00750851        0.00751437
              62.1        0.00730264         0.0074731
              62.5        0.00704111        0.00724611
              62.9        0.00708165         0.0072665
              63.3        0.00702805        0.00737084
              63.7        0.00683825        0.00716816
              64.1        0.00666109        0.00692589
              64.5        0.00628438        0.00647625
              64.9        0.00640319        0.00708071
              65.3        0.00632517         0.0067654
              65.7        0.00619572        0.00663115
              66.1        0.00598011        0.00648182
              66.5        0.00588893        0.00649575
              66.9        0.00592836        0.00717739
              67.3        0.00573817        0.00636153
              67.7        0.00569934        0.00633267
              68.1        0.00530207        0.00568536
              68.5        0.00526464        0.00575393
              68.9        0.00521933        0.00593092
              69.3        0.00520819        0.00582073
              69.7        0.00528086        0.00618473
              70.1        0.00483244        0.00543144
              70.5        0.00501692         0.0058618
              70.9        0.00476729        0.00552026
              71.3          0.004571        0.00526982
              71.7        0.00451648        0.00521897
              72.1        0.00468473        0.00556058
              72.5        0.00454562        0.00544927
              72.9        0.00442577        0.00544531
              73.3        0.00420638        0.00493175
              73.7        0.00422012        0.00530241
              74.1        0.00423468        0.00512546
              74.5        0.00409253        0.00519417
              74.9        0.00410874        0.00517334
              75.3        0.00395457        0.00482552
              75.7        0.00399067        0.00508242
              76.1        0.00379207        0.00454832
              76.5        0.00384187        0.00500433
              76.9        0.00375009        0.00469344
              77.3        0.00361413         0.0046176
              77.7        0.00357984        0.00447548
              78.1        0.00355135        0.00465215
              78.5        0.00340065        0.00444923
              78.9        0.00340702        0.00459014
              79.3        0.00341376        0.00459873
              79.7        0.00325897        0.00414326
              80.1         0.0032668        0.00427939
              80.5        0.00319418        0.00433553
              80.9        0.00319929        0.00442679
              81.3        0.00316064        0.00433735
              81.7        0.00309807        0.00412561
              82.1        0.00296001        0.00373349
              82.5        0.00295223        0.00407622
              82.9        0.00288673         0.0038724
              83.3        0.00298165         0.0042292
              83.7        0.00285342         0.0039167
              84.1        0.00276763        0.00401093
              84.5        0.00277786        0.00418871
              84.9        0.00268258        0.00392659
              85.3         0.0025952        0.00371448
              85.7        0.00259695        0.00370824
              86.1        0.00259116        0.00378211
              86.5         0.0025985         0.0038282
              86.9        0.00250832        0.00349743
              87.3        0.00249163        0.00372247
              87.7        0.00233959        0.00347124
              88.1        0.00236887        0.00349372
              88.5        0.00230523        0.00346832
              88.9          0.002279        0.00331848
              89.3         0.0023201        0.00345553
              89.7         0.0022476        0.00337202
              90.1        0.00218779        0.00328667
              90.5        0.00213168        0.00340631
              90.9        0.00217084        0.00342575
              91.3        0.00207516        0.00323537
              91.7        0.00195149        0.00303252
              92.1        0.00206988        0.00334134
              92.5        0.00203362        0.00318448
              92.9        0.00198926        0.00318181
              93.3        0.00192807        0.00296174
              93.7        0.00185116        0.00281276
              94.1         0.0018981        0.00314444
              94.5        0.00187142        0.00298525
              94.9        0.00188983        0.00329393
              95.3        0.00178568        0.00294392
              95.7        0.00178597        0.00306196
              96.1        0.00180736        0.00315545
              96.5        0.00168444        0.00277895
              96.9        0.00170447         0.0027814
              97.3          0.001704         0.0029093
              97.7        0.00163063        0.00263555
              98.1        0.00167795        0.00280504
              98.5         0.0016632        0.00310324
              98.9         0.0016401        0.00285937
              99.3        0.00154602        0.00281764
              99.7        0.00155234        0.00280841
             100.1        0.00153792        0.00272337
             100.5        0.00153021        0.00279841
             100.9        0.00148579        0.00264024
             101.3         0.0014504        0.00258014
             101.7        0.00144684        0.00258537
             102.1        0.00140867        0.00259349
             102.5        0.00143411        0.00273325
             102.9        0.00139569        0.00260765
             103.3        0.00142474        0.00293457
             103.7        0.00132015        0.00246747
             104.1        0.00135001        0.00253622
             104.5        0.00131293        0.00241235
             104.9        0.00125833        0.00247173
             105.3        0.00128368        0.00247995
             105.7        0.00129494        0.00238279
             106.1        0.00125043        0.00234579
             106.5        0.00125212        0.00238391
             106.9        0.00123228        0.00231951
             107.3        0.00121429        0.00239031
             107.7        0.00117672        0.00224442
             108.1         0.0011408        0.00222153
             108.5        0.00114965         0.0022049
             108.9        0.00109434        0.00221741
             109.3        0.00110748        0.00225422
             109.7        0.00114794         0.0023345
             110.1        0.00111066        0.00231622
             110.5        0.00106766        0.00214588
             110.9        0.00109344        0.00221183
             111.3        0.00103487        0.00199831
             111.7        0.00103223        0.00218126
             112.1        0.00102945        0.00207223
             112.5        0.00101143        0.00212694
             112.9        0.00100735        0.00214929
             113.3       0.000974385        0.00206096
             113.7       0.000959547        0.00206978
             114.1       0.000959445        0.00207346
             114.5       0.000976949        0.00205508
             114.9       0.000910238        0.00190363
             115.3       0.000923583        0.00201389
             115.7       0.000933677        0.00207613
             116.1       0.000932377        0.00201621
             116.5       0.000894345        0.00200602
             116.9       0.000866482        0.00191825
             117.3       0.000852529         0.0018825
             117.7       0.000859317        0.00195299
             118.1       0.000862641        0.00197337
             118.5       0.000827339        0.00187983
             118.9       0.000805921        0.00180542
             119.3        0.00079925        0.00181766
             119.7       0.000826253        0.00191355
             120.1       0.000782741        0.00189554
             120.5       0.000816851        0.00200456
             120.9       0.000767497        0.00175538
             121.3       0.000770403        0.00186887
             121.7       0.000728604        0.00165831
             122.1       0.000756566        0.00186062
             122.5       0.000723176        0.00168457
             122.9       0.000688778        0.00165573
             123.3       0.000667159        0.00164366
             123.7       0.000736857        0.00177657
             124.1       0.000694381        0.00168437
             124.5       0.000701073         0.0016917
             124.9       0.000684805        0.00170601
             125.3       0.000701045        0.00172948
             125.7       0.000680461        0.00162559
             126.1       0.000691431        0.00163535
             126.5       0.000671384        0.00160842
             126.9       0.000665812        0.00183996
             127.3       0.000669642        0.00173867
             127.7        0.00065377        0.00164341
             128.1       0.000602739        0.00157929
             128.5        0.00060247        0.00159637
             128.9        0.00062389        0.00163561
             129.3         0.0006096        0.00167224
             129.7       0.000585435        0.00145862
             130.1       0.000577349        0.00152356
             130.5       0.000587343        0.00155368
             130.9       0.000570825        0.00149515
             131.3        0.00055291        0.00146836
             131.7       0.000541933        0.00139261
             132.1       0.000517732        0.00137451
             132.5       0.000539859        0.00148962
             132.9          0.000503        0.00136101
             133.3       0.000544439        0.00143636
             133.7       0.000532462        0.00142094
             134.1       0.000530184        0.00157504
             134.5       0.000520031        0.00142302
             134.9       0.000511061        0.00143995
             135.3       0.000515066        0.00147742
             135.7       0.000493332        0.00149934
             136.1       0.000465362        0.00127869
             136.5       0.000493605        0.00140129
             136.9       0.000471341        0.00136011
             137.3       0.000497356        0.00166009
             137.7       0.000494803         0.0014634
             138.1       0.000427497        0.00128179
             138.5       0.000465551        0.00136735
             138.9       0.000453495        0.00140719
             139.3       0.000425151        0.00120035
             139.7       0.000448743        0.00145234
             140.1       0.000455201        0.00140061
             140.5       0.000432414        0.00124722
             140.9       0.000462193        0.00157095
             141.3       0.000427949        0.00135128
             141.7       0.000424841         0.0012427
             142.1       0.000414781        0.00121275
             142.5       0.000428444        0.00131581
             142.9       0.000411704        0.00124845
             143.3       0.000387702        0.00121215
             143.7       0.000399606        0.00123785
             144.1       0.000400822        0.00124566
             144.5       0.000373191        0.00115824
             144.9       0.000383159        0.00133469
             145.3       0.000402181         0.0013099
             145.7       0.000363488        0.00109574
             146.1       0.000359464         0.0011293
             146.5       0.000337218        0.00107535
             146.9       0.000381958        0.00116625
             147.3       0.000371592        0.00126199
             147.7       0.000360335        0.00113958
             148.1       0.000328944        0.00106356
             148.5       0.000343738        0.00114353
             148.9       0.000340962        0.00115611
             149.3       0.000368381        0.00119785
             149.7        0.00030704        0.00106355
             150.1       0.000347514        0.00122824
             150.5       0.000336854        0.00119106
             150.9       0.000299435        0.00102734
             151.3       0.000328743        0.00106122
             151.7       0.000305981        0.00100262
             152.1       0.000304469        0.00110255
             152.5       0.000317835        0.00117389
             152.9       0.000286822         0.0010068
             153.3        0.00032653        0.00117093
             153.7       0.000272507       0.000910521
             154.1       0.000297441        0.00103071
             154.5       0.000276015        0.00103664
             154.9       0.000317838        0.00113335
             155.3       0.000268282        0.00094459
             155.7       0.000278375       0.000949499
             156.1       0.000279131       0.000981956
             156.5       0.000283698        0.00104246
             156.9       0.000298536        0.00108981
             157.3       0.000294207        0.00105903
             157.7       0.000278048        0.00096558
             158.1       0.000258384       0.000955581
             158.5       0.000271937        0.00102099
             158.9       0.000255487       0.000903708
             159.3       0.000257589       0.000970027
             159.7       0.000248408       0.000903412
             160.1       0.000260275        0.00097461
             160.5       0.000244657       0.000923986
             160.9       0.000251038        0.00093911
             161.3       0.000235564       0.000923678
             161.7       0.000236308       0.000932504
             162.1       0.000231619       0.000857047
             162.5       0.000229649        0.00091038
             162.9        0.00021599       0.000786023
             163.3       0.000222904       0.000870465
             163.7       0.000241846        0.00100479
             164.1       0.000211199       0.000860069
             164.5       0.000230918       0.000935272
             164.9       0.000228565       0.000912219
             165.3       0.000216121       0.000933631
             165.7       0.000194042       0.000798243
             166.1        0.00022274       0.000940538
             166.5       0.000228907       0.000996229
             166.9       0.000213939       0.000877043
             167.3       0.000236622        0.00100619
             167.7        0.00018853       0.000753476
             168.1        0.00019045       0.000782289
             168.5       0.000203451       0.000876029
             168.9       0.000188845       0.000805746
             169.3       0.000201971       0.000895523
             169.7       0.000210484       0.000892867
             170.1       0.000214383       0.000908515
             170.5       0.000203698       0.000902774
             170.9       0.000189371       0.000820624
             171.3       0.000180915       0.000766748
             171.7       0.000198746       0.000854217
             172.1       0.000192287       0.000830688
             172.5       0.000207764       0.000919944
             172.9       0.000195037       0.000823789
             173.3       0.000177093       0.000766848
             173.7       0.000196282       0.000803299
             174.1       0.000175043       0.000853911
             174.5       0.000168299       0.000739121
             174.9       0.000169989       0.000781115
             175.3       0.000168188       0.000763115
             175.7       0.000167895       0.000745334
             176.1       0.000164915       0.000726463
             176.5       0.000177547       0.000820745
             176.9       0.000161771       0.000692057
             177.3       0.000170936       0.000853186
             177.7       0.000164475       0.000940418
             178.1       0.000158051       0.000772583
             178.5       0.000158673       0.000678004
             178.9       0.000160111       0.000747123
             179.3       0.000160145       0.000814077
