               0.1          0.761154         0.0449478
               0.5          0.761896         0.0490422
               0.9          0.757368         0.0444414
               1.3          0.765644         0.0431173
               1.7          0.761176         0.0543703
               2.1          0.757202         0.0428874
               2.5          0.760352         0.0423824
               2.9          0.763521         0.0409551
               3.3          0.762758         0.0469759
               3.7          0.758504         0.0398835
               4.1          0.752618         0.0420583
               4.5          0.755372         0.0461624
               4.9          0.753496          0.048357
               5.3          0.754229         0.0455068
               5.7          0.751916         0.0462858
               6.1          0.749853         0.0473931
               6.5           0.74941         0.0466578
               6.9          0.746659         0.0492676
               7.3          0.740415         0.0481593
               7.7          0.740096         0.0500901
               8.1          0.737766         0.0501209
               8.5          0.732973         0.0532969
               8.9           0.73109         0.0490681
               9.3           0.72862         0.0550273
               9.7          0.728183         0.0538444
              10.1          0.717995         0.0560616
              10.5          0.718973         0.0572489
              10.9           0.71331         0.0576449
              11.3          0.708904         0.0563171
              11.7          0.708501         0.0585033
              12.1          0.700969         0.0591121
              12.5          0.692982          0.061923
              12.9          0.689896         0.0651454
              13.3          0.679373         0.0678725
              13.7          0.678508         0.0686869
              14.1           0.67187         0.0691818
              14.5          0.661209         0.0713098
              14.9          0.651935         0.0748119
              15.3          0.641684         0.0777214
              15.7          0.635873          0.081243
              16.1          0.626771         0.0825669
              16.5          0.615442         0.0861747
              16.9          0.600904         0.0911379
              17.3          0.595017         0.0963398
              17.7          0.582267         0.0975185
              18.1            0.5576          0.103361
              18.5          0.550702          0.110145
              18.9          0.525757          0.121863
              19.3          0.493087          0.128515
              19.7          0.466954          0.137339
              20.1          0.442613          0.144246
              20.5          0.423307          0.152258
              20.9          0.389214          0.149804
              21.3          0.362418          0.151667
              21.7          0.346039          0.154158
              22.1          0.322546          0.148272
              22.5          0.306712          0.147181
              22.9          0.287654          0.143138
              23.3          0.260692           0.13191
              23.7          0.248167          0.130065
              24.1          0.227758          0.125069
              24.5          0.217452          0.121357
              24.9          0.205375          0.110481
              25.3          0.183374          0.097992
              25.7          0.176578         0.0984369
              26.1          0.163984         0.0913885
              26.5           0.14979         0.0789163
              26.9          0.140355         0.0793733
              27.3          0.130771         0.0714062
              27.7          0.122728         0.0653113
              28.1          0.113372         0.0592247
              28.5          0.108936         0.0607387
              28.9          0.102692         0.0582007
              29.3         0.0970468          0.053982
              29.7         0.0910683         0.0514595
              30.1         0.0844899         0.0464948
              30.5         0.0792056         0.0458252
              30.9         0.0775797         0.0455918
              31.3         0.0728034         0.0423409
              31.7         0.0701397         0.0419503
              32.1         0.0682775         0.0403048
              32.5         0.0630807         0.0389976
              32.9         0.0612141         0.0375374
              33.3         0.0583303         0.0354086
              33.7         0.0557234         0.0333633
              34.1         0.0525467         0.0332064
              34.5         0.0508325         0.0313483
              34.9         0.0480158         0.0303458
              35.3         0.0464997         0.0290311
              35.7         0.0440552         0.0280985
              36.1          0.042752         0.0275372
              36.5          0.040938         0.0252651
              36.9         0.0396423         0.0261114
              37.3         0.0386836         0.0255845
              37.7         0.0371921         0.0248662
              38.1          0.035949         0.0244903
              38.5         0.0339858         0.0224988
              38.9         0.0330927         0.0222471
              39.3         0.0307553         0.0205383
              39.7         0.0304764         0.0210967
              40.1         0.0292413         0.0203724
              40.5         0.0287952         0.0199087
              40.9         0.0278706         0.0188999
              41.3         0.0270952         0.0184868
              41.7         0.0263626         0.0184971
              42.1         0.0249041         0.0181105
              42.5         0.0242634         0.0172368
              42.9          0.023694         0.0173438
              43.3         0.0227166         0.0173053
              43.7         0.0228778         0.0172398
              44.1         0.0213467         0.0161481
              44.5         0.0207704         0.0154748
              44.9         0.0201273         0.0154228
              45.3         0.0200086         0.0152728
              45.7         0.0188629         0.0144201
              46.1          0.018413          0.013802
              46.5         0.0182027         0.0137499
              46.9         0.0181892         0.0142978
              47.3         0.0171271         0.0136318
              47.7          0.016343         0.0124723
              48.1         0.0164476         0.0130441
              48.5         0.0159032         0.0127994
              48.9         0.0155962         0.0122229
              49.3         0.0150504         0.0118339
              49.7         0.0148899         0.0131067
              50.1         0.0145154         0.0115669
              50.5         0.0141416         0.0118083
              50.9         0.0138216         0.0109559
              51.3          0.013453         0.0111331
              51.7         0.0127682         0.0106993
              52.1         0.0127352         0.0106273
              52.5         0.0121913         0.0104299
              52.9         0.0120015         0.0102951
              53.3         0.0119428         0.0099269
              53.7         0.0115602         0.0101695
              54.1          0.011135        0.00975167
              54.5         0.0109409        0.00937921
              54.9         0.0109596        0.00991514
              55.3         0.0101758        0.00890458
              55.7         0.0101215        0.00917129
              56.1        0.00999962        0.00897081
              56.5        0.00989492        0.00851192
              56.9         0.0096295        0.00883028
              57.3         0.0095606         0.0084567
              57.7        0.00896736         0.0078545
              58.1        0.00895955        0.00813864
              58.5        0.00884587        0.00791155
              58.9        0.00853396        0.00795735
              59.3        0.00850357        0.00791511
              59.7        0.00824417        0.00777831
              60.1        0.00821381        0.00735832
              60.5        0.00785927        0.00713172
              60.9        0.00769253         0.0074829
              61.3        0.00754205        0.00697074
              61.7        0.00742526        0.00707812
              62.1        0.00720445        0.00729961
              62.5        0.00722397        0.00679119
              62.9        0.00691184        0.00685751
              63.3        0.00674104         0.0064696
              63.7          0.006878        0.00682227
              64.1        0.00659395        0.00647917
              64.5        0.00660555        0.00669572
              64.9        0.00620688        0.00611375
              65.3        0.00616698         0.0061507
              65.7        0.00610728         0.0060759
              66.1        0.00612256        0.00624143
              66.5        0.00593973        0.00639675
              66.9        0.00577844        0.00603164
              67.3        0.00565824        0.00606634
              67.7        0.00554347        0.00589154
              68.1        0.00546418        0.00570432
              68.5         0.0054436        0.00597503
              68.9        0.00523491           0.00559
              69.3        0.00513933          0.005703
              69.7        0.00505106        0.00546118
              70.1        0.00490121        0.00517656
              70.5        0.00494646        0.00547092
              70.9        0.00482691        0.00535562
              71.3        0.00467664        0.00520953
              71.7        0.00470117        0.00521497
              72.1        0.00455888        0.00515092
              72.5        0.00458143         0.0051511
              72.9        0.00442639        0.00505421
              73.3        0.00427617        0.00510571
              73.7         0.0042522        0.00483918
              74.1        0.00414719        0.00482158
              74.5        0.00412646        0.00472989
              74.9         0.0040538        0.00483956
              75.3        0.00399731        0.00459717
              75.7        0.00383461        0.00441493
              76.1        0.00384985        0.00453416
              76.5        0.00382199        0.00485944
              76.9        0.00377294        0.00446782
              77.3        0.00367262        0.00444138
              77.7        0.00363409        0.00456795
              78.1        0.00362256        0.00462222
              78.5        0.00338322        0.00423835
              78.9        0.00333681        0.00407981
              79.3        0.00344452        0.00416785
              79.7        0.00323869         0.0040113
              80.1        0.00342819        0.00454008
              80.5        0.00315526        0.00382156
              80.9        0.00310766        0.00402021
              81.3        0.00313498        0.00392978
              81.7        0.00303855        0.00400135
              82.1        0.00299183        0.00381482
              82.5        0.00287459        0.00376296
              82.9        0.00301268        0.00406366
              83.3        0.00289991        0.00373945
              83.7        0.00276178        0.00366773
              84.1        0.00283116        0.00365267
              84.5        0.00280046        0.00377241
              84.9        0.00270192        0.00369914
              85.3        0.00277345        0.00397577
              85.7        0.00257808        0.00376622
              86.1        0.00257002        0.00352362
              86.5        0.00249119        0.00339884
              86.9        0.00258815        0.00360756
              87.3        0.00256818        0.00357529
              87.7        0.00234828        0.00344636
              88.1        0.00230758        0.00324282
              88.5        0.00231897        0.00330631
              88.9        0.00231261        0.00337474
              89.3        0.00225143        0.00330786
              89.7        0.00218451        0.00302781
              90.1        0.00216707        0.00327153
              90.5        0.00220222        0.00326389
              90.9        0.00223726        0.00334697
              91.3         0.0020794        0.00315577
              91.7        0.00218293        0.00318879
              92.1         0.0020945        0.00315277
              92.5         0.0019999         0.0029334
              92.9         0.0020048        0.00316216
              93.3        0.00191532        0.00295982
              93.7        0.00195514        0.00307464
              94.1        0.00191447        0.00302068
              94.5        0.00189017        0.00301804
              94.9        0.00178252        0.00273357
              95.3        0.00186715        0.00307353
              95.7        0.00173191        0.00274664
              96.1         0.0017152        0.00275376
              96.5        0.00167576        0.00257796
              96.9        0.00174683        0.00299936
              97.3        0.00168572        0.00275629
              97.7        0.00162469        0.00275375
              98.1        0.00167075        0.00278414
              98.5        0.00162947         0.0028517
              98.9        0.00158324        0.00265694
              99.3        0.00159712         0.0025942
              99.7         0.0015606         0.0027875
             100.1        0.00152288        0.00240966
             100.5        0.00152054         0.0026192
             100.9         0.0014748        0.00243564
             101.3        0.00149144         0.0025581
             101.7        0.00137093        0.00229273
             102.1        0.00143907        0.00242778
             102.5        0.00140102        0.00246376
             102.9        0.00140536         0.0025108
             103.3        0.00137095        0.00249415
             103.7        0.00136481        0.00246275
             104.1        0.00132254         0.0024071
             104.5        0.00134275        0.00245824
             104.9        0.00126473        0.00231238
             105.3        0.00128002        0.00245433
             105.7        0.00126729        0.00227831
             106.1        0.00122834        0.00233605
             106.5         0.0012001        0.00219739
             106.9        0.00124093        0.00244162
             107.3        0.00120495        0.00218477
             107.7        0.00117534        0.00221855
             108.1        0.00114036        0.00210051
             108.5        0.00114553        0.00222512
             108.9        0.00112841        0.00218198
             109.3        0.00115586        0.00238232
             109.7        0.00112301        0.00220787
             110.1        0.00110014        0.00220916
             110.5        0.00104206        0.00202341
             110.9        0.00105986        0.00203374
             111.3         0.0010502        0.00201813
             111.7        0.00101429        0.00200555
             112.1        0.00101715        0.00198712
             112.5       0.000989211        0.00194464
             112.9        0.00100965        0.00193134
             113.3       0.000954112        0.00191879
             113.7        0.00097865        0.00196768
             114.1        0.00095103         0.0020048
             114.5       0.000932615        0.00188834
             114.9       0.000938628        0.00195337
             115.3       0.000919412        0.00182864
             115.7       0.000908502        0.00198797
             116.1       0.000905464        0.00192083
             116.5       0.000892601        0.00191502
             116.9        0.00085811        0.00184946
             117.3       0.000853179         0.0018153
             117.7       0.000875061        0.00181216
             118.1       0.000839575        0.00178789
             118.5       0.000833333        0.00179382
             118.9       0.000826248        0.00184824
             119.3        0.00081425        0.00177439
             119.7       0.000780309        0.00175191
             120.1       0.000774683        0.00168905
             120.5       0.000801328        0.00180735
             120.9       0.000794049        0.00183163
             121.3       0.000766197        0.00168112
             121.7       0.000740487        0.00164798
             122.1       0.000760752        0.00175867
             122.5       0.000735317        0.00175806
             122.9       0.000707172         0.0016151
             123.3       0.000728678        0.00165641
             123.7       0.000702796        0.00159134
             124.1       0.000703752         0.0016213
             124.5       0.000684231        0.00158389
             124.9       0.000699222        0.00162663
             125.3       0.000676287        0.00155817
             125.7       0.000683501        0.00167208
             126.1       0.000607611        0.00145454
             126.5       0.000667051         0.0015918
             126.9       0.000650864          0.001505
             127.3       0.000653347        0.00163729
             127.7       0.000622829        0.00155125
             128.1       0.000591727        0.00144422
             128.5       0.000601037        0.00144019
             128.9       0.000620943        0.00154488
             129.3       0.000596546         0.0014863
             129.7       0.000601012        0.00152288
             130.1       0.000603258        0.00146799
             130.5       0.000596815        0.00158025
             130.9       0.000581283        0.00146316
             131.3       0.000553531        0.00142175
             131.7       0.000584594        0.00148892
             132.1       0.000541895         0.0014258
             132.5       0.000573027         0.0015754
             132.9       0.000569511        0.00156052
             133.3       0.000514898        0.00129249
             133.7       0.000505691         0.0013101
             134.1       0.000480527        0.00125454
             134.5       0.000499457        0.00131986
             134.9       0.000517082        0.00140403
             135.3       0.000489058        0.00126068
             135.7       0.000476906        0.00131511
             136.1       0.000491035        0.00131499
             136.5       0.000494948        0.00129805
             136.9       0.000472635        0.00128921
             137.3       0.000472999        0.00124101
             137.7       0.000466062        0.00129812
             138.1       0.000461578        0.00137482
             138.5       0.000464827         0.0012433
             138.9       0.000410182        0.00114867
             139.3       0.000455962        0.00126183
             139.7       0.000443048         0.0012679
             140.1       0.000414663        0.00113345
             140.5        0.00042153        0.00122493
             140.9       0.000415755        0.00112845
             141.3        0.00043733        0.00123208
             141.7       0.000429595        0.00129789
             142.1       0.000413392        0.00115848
             142.5       0.000404307        0.00131153
             142.9        0.00041261        0.00121726
             143.3        0.00040995        0.00128672
             143.7       0.000386938        0.00110688
             144.1       0.000391547        0.00113281
             144.5       0.000389458         0.0011174
             144.9       0.000373128         0.0010809
             145.3       0.000375769         0.0011968
             145.7       0.000341795        0.00105552
             146.1       0.000380966        0.00119673
             146.5       0.000355552        0.00108906
             146.9        0.00036844        0.00118903
             147.3         0.0003596        0.00113894
             147.7       0.000347516        0.00105992
             148.1       0.000341081        0.00112431
             148.5       0.000340171         0.0010722
             148.9       0.000336886        0.00107078
             149.3       0.000360901        0.00111367
             149.7       0.000330293        0.00106653
             150.1       0.000306351       0.000977435
             150.5       0.000329653        0.00111385
             150.9       0.000321405        0.00101353
             151.3       0.000312451        0.00103585
             151.7       0.000312036        0.00107955
             152.1       0.000333951        0.00107836
             152.5       0.000324628        0.00111926
             152.9       0.000311684        0.00101464
             153.3       0.000298459       0.000966908
             153.7       0.000313503        0.00105084
             154.1       0.000274319       0.000930522
             154.5       0.000283387        0.00093686
             154.9       0.000294976        0.00100606
             155.3       0.000282444       0.000932017
             155.7       0.000300603        0.00111347
             156.1       0.000284748        0.00100947
             156.5       0.000293764       0.000969166
             156.9       0.000271946       0.000943715
             157.3       0.000259668       0.000999253
             157.7       0.000272021       0.000917755
             158.1       0.000270473        0.00101182
             158.5       0.000256957       0.000920041
             158.9       0.000256191       0.000917914
             159.3       0.000264974       0.000983616
             159.7       0.000247268       0.000901787
             160.1       0.000254979       0.000894607
             160.5       0.000253493       0.000849614
             160.9       0.000235246       0.000855954
             161.3       0.000234617       0.000881459
             161.7       0.000247054       0.000972519
             162.1       0.000237584       0.000951997
             162.5       0.000238534       0.000860392
             162.9       0.000255094       0.000921497
             163.3       0.000234276       0.000866385
             163.7       0.000218834       0.000781479
             164.1       0.000219296       0.000786638
             164.5       0.000219704       0.000908874
             164.9       0.000223947       0.000831914
             165.3       0.000207592       0.000770411
             165.7       0.000201889       0.000746256
             166.1       0.000205112       0.000864824
             166.5       0.000212479       0.000815002
             166.9       0.000235071       0.000920882
             167.3       0.000200533       0.000888568
             167.7       0.000197145       0.000791608
             168.1       0.000211372       0.000795273
             168.5       0.000199618       0.000830414
             168.9       0.000190002       0.000728147
             169.3       0.000199432       0.000729852
             169.7       0.000203735       0.000820214
             170.1       0.000198779       0.000805987
             170.5       0.000190174       0.000753694
             170.9       0.000193183       0.000726133
             171.3       0.000183691       0.000731919
             171.7       0.000180742       0.000799429
             172.1       0.000180796       0.000736315
             172.5       0.000184278       0.000842823
             172.9        0.00018909       0.000822182
             173.3       0.000173988       0.000800466
             173.7       0.000189179       0.000825112
             174.1       0.000178933       0.000798408
             174.5       0.000202162       0.000841322
             174.9       0.000168031       0.000821501
             175.3       0.000181363       0.000738405
             175.7       0.000166376       0.000719209
             176.1       0.000162376       0.000713725
             176.5       0.000154447        0.00069369
             176.9       0.000174408       0.000754509
             177.3       0.000169094        0.00079107
             177.7       0.000154266       0.000630445
             178.1       0.000155016       0.000706909
             178.5        0.00015454       0.000739258
             178.9       0.000159237       0.000723224
             179.3       0.000166246       0.000757745
