               0.1          0.775999         0.0566252
               0.5           0.75889         0.0766782
               0.9          0.777763         0.0782531
               1.3          0.751188         0.0866869
               1.7          0.759324          0.101007
               2.1          0.752062          0.100144
               2.5           0.75224         0.0981374
               2.9          0.746041          0.116503
               3.3          0.756834          0.102453
               3.7          0.750986          0.103261
               4.1          0.753975         0.0984183
               4.5          0.744901           0.10409
               4.9          0.739937          0.100142
               5.3           0.75263         0.0981686
               5.7          0.744782          0.107268
               6.1          0.740638          0.100111
               6.5          0.737347          0.106006
               6.9          0.739633          0.110052
               7.3          0.727211          0.113727
               7.7          0.740185          0.103589
               8.1          0.741925          0.104815
               8.5          0.727894           0.11489
               8.9          0.724389          0.125913
               9.3          0.719411          0.117593
               9.7          0.719509          0.117923
              10.1          0.716694          0.125743
              10.5          0.706883          0.117074
              10.9          0.707282          0.122573
              11.3          0.705459          0.120441
              11.7          0.701729           0.12531
              12.1          0.690855          0.129917
              12.5          0.686022          0.134013
              12.9          0.685678          0.134087
              13.3          0.676066          0.140414
              13.7          0.668864          0.142105
              14.1          0.662605          0.146732
              14.5           0.65356          0.140358
              14.9          0.643386          0.153476
              15.3          0.634313          0.152724
              15.7          0.631718          0.152388
              16.1           0.62001          0.156665
              16.5          0.606643           0.16012
              16.9          0.603836          0.166457
              17.3          0.588587          0.170238
              17.7           0.57562          0.172424
              18.1           0.55574          0.178608
              18.5          0.535614          0.191521
              18.9          0.515102          0.191729
              19.3          0.501596          0.204566
              19.7          0.464594           0.20921
              20.1          0.432779           0.21212
              20.5          0.403696          0.212274
              20.9          0.384554          0.217084
              21.3           0.36309          0.215097
              21.7          0.340389          0.213002
              22.1          0.320998          0.211963
              22.5          0.305562          0.204812
              22.9          0.286327          0.204935
              23.3          0.264487          0.196567
              23.7          0.247924          0.190801
              24.1          0.233996          0.187852
              24.5          0.214115          0.175208
              24.9          0.203566          0.172549
              25.3          0.187113          0.160984
              25.7          0.181263          0.159063
              26.1          0.164584          0.154252
              26.5          0.152654          0.143384
              26.9          0.139977          0.132312
              27.3          0.131824           0.13058
              27.7          0.125901          0.126737
              28.1          0.115578          0.119827
              28.5          0.109877          0.111632
              28.9          0.101708          0.108498
              29.3         0.0989235          0.103723
              29.7         0.0973891          0.108441
              30.1          0.085654         0.0939659
              30.5         0.0852149         0.0976171
              30.9          0.077995         0.0919926
              31.3         0.0731945         0.0880535
              31.7         0.0704229         0.0851154
              32.1         0.0683518         0.0845436
              32.5         0.0664789         0.0832967
              32.9         0.0633074         0.0779626
              33.3         0.0576857         0.0712075
              33.7         0.0572764         0.0755291
              34.1          0.057128         0.0715227
              34.5         0.0520684         0.0661561
              34.9         0.0490018          0.066996
              35.3         0.0483225         0.0661537
              35.7         0.0462643         0.0626936
              36.1          0.044272         0.0603417
              36.5         0.0421489         0.0596989
              36.9         0.0424331         0.0589704
              37.3         0.0408652         0.0587516
              37.7         0.0371425          0.054245
              38.1         0.0372633         0.0561825
              38.5         0.0359382         0.0551778
              38.9         0.0324913          0.047089
              39.3          0.033359         0.0521906
              39.7         0.0311932         0.0479634
              40.1         0.0309629         0.0479704
              40.5         0.0309642          0.047849
              40.9         0.0280474         0.0440739
              41.3         0.0282292          0.045395
              41.7         0.0278455         0.0432735
              42.1         0.0260455         0.0428067
              42.5         0.0253941         0.0425809
              42.9          0.024302         0.0387136
              43.3         0.0245506         0.0417236
              43.7         0.0224688         0.0374102
              44.1         0.0213368         0.0367769
              44.5          0.022403         0.0389798
              44.9         0.0210749         0.0349627
              45.3         0.0197635         0.0331504
              45.7         0.0212592         0.0374325
              46.1         0.0191187         0.0331716
              46.5         0.0178412          0.031015
              46.9         0.0180901         0.0307936
              47.3          0.017304         0.0303701
              47.7         0.0179801         0.0327834
              48.1         0.0170564         0.0328284
              48.5         0.0167983         0.0292557
              48.9         0.0151612         0.0272992
              49.3         0.0163507         0.0303455
              49.7         0.0149557          0.028353
              50.1         0.0151002         0.0274498
              50.5         0.0137559         0.0263006
              50.9         0.0137606         0.0259923
              51.3         0.0142521          0.026774
              51.7         0.0133213         0.0254347
              52.1         0.0127211         0.0230358
              52.5         0.0130576         0.0271915
              52.9         0.0121439         0.0243316
              53.3         0.0117385         0.0237517
              53.7         0.0117478         0.0228155
              54.1         0.0110673         0.0222983
              54.5         0.0116727         0.0252654
              54.9           0.01003          0.019549
              55.3         0.0106051         0.0218185
              55.7         0.0107412         0.0220633
              56.1         0.0103244         0.0209072
              56.5         0.0100043         0.0206681
              56.9        0.00999026         0.0217589
              57.3         0.0094709           0.01905
              57.7         0.0092968         0.0199993
              58.1        0.00890411         0.0186931
              58.5        0.00928509         0.0203981
              58.9        0.00876931         0.0189848
              59.3        0.00821256         0.0171038
              59.7         0.0083182         0.0181554
              60.1        0.00829216         0.0179081
              60.5        0.00839404         0.0193137
              60.9        0.00793739         0.0182034
              61.3        0.00791652         0.0178396
              61.7        0.00777362         0.0172232
              62.1        0.00729079         0.0160598
              62.5        0.00738356         0.0177178
              62.9        0.00703132         0.0155122
              63.3        0.00690466          0.016594
              63.7         0.0071135         0.0169099
              64.1        0.00703701         0.0167259
              64.5        0.00651641         0.0149428
              64.9        0.00649853         0.0165736
              65.3        0.00671389          0.016273
              65.7        0.00639676         0.0152263
              66.1        0.00611803         0.0152228
              66.5        0.00577589         0.0143361
              66.9        0.00578193         0.0139102
              67.3        0.00598789         0.0148531
              67.7        0.00557691         0.0129284
              68.1        0.00559701         0.0134674
              68.5        0.00522244         0.0131377
              68.9        0.00560225         0.0153281
              69.3        0.00539607         0.0139537
              69.7        0.00515749         0.0138258
              70.1         0.0047097         0.0110878
              70.5        0.00494151         0.0121433
              70.9        0.00521457         0.0144723
              71.3        0.00470721         0.0115823
              71.7        0.00461103         0.0119042
              72.1        0.00483982          0.012365
              72.5        0.00453962         0.0120292
              72.9        0.00429793         0.0107654
              73.3        0.00439786         0.0117968
              73.7        0.00437456         0.0112244
              74.1         0.0043821         0.0135244
              74.5        0.00445536         0.0120703
              74.9        0.00391831         0.0108824
              75.3        0.00418025          0.011661
              75.7        0.00397983         0.0115211
              76.1        0.00410142          0.010985
              76.5        0.00385368         0.0109024
              76.9        0.00393393          0.011477
              77.3        0.00386194         0.0110897
              77.7        0.00374676         0.0116773
              78.1        0.00369622         0.0108215
              78.5        0.00362817         0.0104681
              78.9        0.00371415         0.0110129
              79.3        0.00327288        0.00935202
              79.7        0.00334555        0.00937299
              80.1        0.00328588         0.0101424
              80.5        0.00335383         0.0107083
              80.9        0.00354931          0.011049
              81.3        0.00315872        0.00968248
              81.7        0.00337089          0.010843
              82.1        0.00301792         0.0090546
              82.5        0.00300494         0.0105036
              82.9        0.00311991        0.00991414
              83.3          0.002723        0.00791298
              83.7        0.00284165         0.0092415
              84.1        0.00294347        0.00952931
              84.5        0.00276864        0.00887204
              84.9        0.00255555        0.00776497
              85.3        0.00273285        0.00898347
              85.7        0.00268891        0.00799096
              86.1        0.00260874        0.00787825
              86.5        0.00252759          0.008585
              86.9        0.00246265        0.00790458
              87.3        0.00254373         0.0085954
              87.7          0.002418        0.00808527
              88.1        0.00233408        0.00780692
              88.5        0.00244116        0.00805046
              88.9        0.00246255        0.00927005
              89.3        0.00234661        0.00760131
              89.7        0.00226338        0.00807805
              90.1        0.00220444        0.00801209
              90.5        0.00202972        0.00688904
              90.9        0.00215775         0.0071967
              91.3        0.00227801        0.00806229
              91.7        0.00221074        0.00815486
              92.1        0.00208965        0.00723962
              92.5        0.00212619        0.00830753
              92.9        0.00199504        0.00693784
              93.3        0.00201494        0.00690945
              93.7        0.00193765        0.00703029
              94.1        0.00186545        0.00703061
              94.5        0.00178037        0.00615235
              94.9        0.00209337          0.008464
              95.3          0.001952        0.00694619
              95.7        0.00174482        0.00598886
              96.1        0.00176609        0.00665704
              96.5        0.00180237        0.00659861
              96.9        0.00169521        0.00653055
              97.3        0.00161483        0.00605225
              97.7        0.00168312        0.00635417
              98.1         0.0015547        0.00627634
              98.5        0.00166209        0.00641325
              98.9        0.00168526        0.00603236
              99.3        0.00160698        0.00616051
              99.7        0.00163409         0.0066336
             100.1        0.00155151        0.00602611
             100.5        0.00148044        0.00604262
             100.9        0.00160247         0.0067323
             101.3         0.0014673         0.0056093
             101.7        0.00144254         0.0063285
             102.1        0.00133456        0.00501436
             102.5        0.00155911        0.00664779
             102.9        0.00148506        0.00687081
             103.3        0.00144694        0.00657018
             103.7         0.0013299          0.005389
             104.1        0.00140175           0.00641
             104.5        0.00128535         0.0055683
             104.9        0.00133091        0.00512409
             105.3        0.00136294        0.00604131
             105.7        0.00126534        0.00527811
             106.1        0.00123068        0.00586519
             106.5        0.00137984        0.00623906
             106.9        0.00125085        0.00526402
             107.3        0.00111573        0.00486429
             107.7        0.00124849        0.00545876
             108.1        0.00109909         0.0047109
             108.5        0.00112668        0.00483447
             108.9        0.00106941        0.00455029
             109.3        0.00120919        0.00512712
             109.7        0.00120474        0.00600053
             110.1        0.00112299        0.00510994
             110.5        0.00115322        0.00521225
             110.9        0.00116548        0.00526462
             111.3        0.00123162        0.00607694
             111.7        0.00105587        0.00535007
             112.1       0.000985095        0.00407976
             112.5       0.000963846        0.00419399
             112.9       0.000906391        0.00389288
             113.3         0.0010355        0.00486277
             113.7       0.000991643        0.00490129
             114.1        0.00101456        0.00476145
             114.5       0.000963323        0.00539908
             114.9       0.000973942        0.00558656
             115.3       0.000963238        0.00502514
             115.7       0.000946643        0.00458693
             116.1       0.000888512        0.00476231
             116.5       0.000822504         0.0041184
             116.9        0.00099377        0.00495578
             117.3       0.000914144        0.00447662
             117.7       0.000931425        0.00475395
             118.1       0.000894185        0.00465032
             118.5        0.00081077        0.00410704
             118.9       0.000757918        0.00347329
             119.3        0.00076991        0.00397629
             119.7       0.000687655          0.003459
             120.1       0.000831384        0.00409594
             120.5       0.000818766        0.00457776
             120.9        0.00072705        0.00375019
             121.3       0.000803498        0.00475554
             121.7       0.000718899        0.00383114
             122.1       0.000802861        0.00489628
             122.5       0.000796071        0.00450347
             122.9       0.000773643        0.00438032
             123.3       0.000636832        0.00334205
             123.7       0.000736683        0.00457641
             124.1       0.000719597         0.0045334
             124.5       0.000706274         0.0039067
             124.9       0.000669986        0.00393207
             125.3       0.000689634        0.00365311
             125.7        0.00070023         0.0037275
             126.1       0.000686365        0.00374093
             126.5       0.000641636        0.00343729
             126.9       0.000702422        0.00495375
             127.3       0.000609252        0.00345651
             127.7       0.000627161        0.00370703
             128.1       0.000608567        0.00338454
             128.5       0.000627983        0.00342016
             128.9        0.00060045        0.00351803
             129.3       0.000566125        0.00351357
             129.7       0.000606204        0.00337416
             130.1       0.000605472        0.00312921
             130.5       0.000661957        0.00386904
             130.9       0.000579153        0.00346439
             131.3       0.000553415        0.00294666
             131.7       0.000507751        0.00340052
             132.1       0.000543152         0.0030973
             132.5       0.000610209        0.00357415
             132.9       0.000574419        0.00342876
             133.3        0.00059326        0.00366876
             133.7       0.000528163        0.00349927
             134.1       0.000475546        0.00290971
             134.5       0.000533148        0.00347292
             134.9       0.000480556        0.00330465
             135.3       0.000435994        0.00260462
             135.7       0.000511677        0.00326909
             136.1       0.000579469        0.00366321
             136.5       0.000503288        0.00364232
             136.9       0.000457987        0.00282179
             137.3       0.000473539        0.00338705
             137.7        0.00050413        0.00333433
             138.1       0.000447336        0.00281058
             138.5         0.0004013        0.00257006
             138.9       0.000511449        0.00361842
             139.3       0.000406099        0.00246457
             139.7       0.000429124        0.00269536
             140.1       0.000393301        0.00237543
             140.5       0.000475026        0.00371083
             140.9       0.000452624        0.00303745
             141.3       0.000401801        0.00285983
             141.7       0.000407473         0.0028625
             142.1       0.000456292        0.00316284
             142.5       0.000409239        0.00301779
             142.9       0.000502721        0.00376632
             143.3         0.0003813         0.0025566
             143.7       0.000441154        0.00338978
             144.1       0.000415367        0.00278181
             144.5       0.000394441        0.00279813
             144.9        0.00034489         0.0023401
             145.3       0.000361199         0.0025026
             145.7       0.000395747        0.00309721
             146.1       0.000392453         0.0026636
             146.5       0.000376941        0.00253658
             146.9       0.000330469        0.00232966
             147.3       0.000365018        0.00304299
             147.7        0.00036472        0.00269738
             148.1       0.000324821         0.0022269
             148.5       0.000375538        0.00296756
             148.9       0.000394885        0.00304794
             149.3       0.000435875        0.00335586
             149.7       0.000387664        0.00263696
             150.1       0.000321532        0.00209276
             150.5       0.000344637        0.00235518
             150.9       0.000281087        0.00219642
             151.3       0.000321088         0.0022331
             151.7       0.000359885        0.00269806
             152.1       0.000327228        0.00246514
             152.5       0.000364262         0.0026403
             152.9       0.000320031        0.00253159
             153.3       0.000332085        0.00275113
             153.7       0.000275489        0.00223581
             154.1       0.000330588        0.00234151
             154.5       0.000330361        0.00240161
             154.9       0.000269701         0.0019475
             155.3       0.000350149         0.0027684
             155.7       0.000317791        0.00245777
             156.1       0.000328792        0.00277016
             156.5       0.000327075        0.00248415
             156.9       0.000267079        0.00221859
             157.3       0.000289188        0.00218073
             157.7       0.000255441        0.00201784
             158.1       0.000299901        0.00231406
             158.5       0.000310436        0.00245598
             158.9       0.000303471        0.00253609
             159.3       0.000258257        0.00244507
             159.7        0.00023523        0.00195426
             160.1       0.000279695        0.00235732
             160.5       0.000313743        0.00251939
             160.9        0.00023828        0.00188744
             161.3       0.000258723        0.00192442
             161.7       0.000256872        0.00248166
             162.1       0.000244892        0.00193114
             162.5       0.000249583        0.00178127
             162.9       0.000236196        0.00218235
             163.3       0.000240643        0.00189419
             163.7       0.000224922        0.00190146
             164.1       0.000221971         0.0021062
             164.5       0.000196953        0.00175302
             164.9       0.000223394         0.0021958
             165.3       0.000219372        0.00182424
             165.7        0.00023123        0.00196537
             166.1       0.000193263        0.00160316
             166.5       0.000215963        0.00221329
             166.9       0.000228346        0.00192532
             167.3       0.000178522        0.00152254
             167.7       0.000234128          0.002222
             168.1        0.00018685         0.0015625
             168.5       0.000180646        0.00149848
             168.9       0.000160099        0.00156723
             169.3       0.000167623        0.00144289
             169.7       0.000170098        0.00156619
             170.1       0.000188967        0.00189693
             170.5       0.000210817        0.00194105
             170.9       0.000174648        0.00155258
             171.3       0.000208334        0.00181972
             171.7       0.000194283        0.00169387
             172.1        0.00018584        0.00170618
             172.5       0.000190808         0.0024781
             172.9        0.00017479        0.00148207
             173.3       0.000231844        0.00214824
             173.7       0.000121572        0.00123594
             174.1       0.000131458         0.0012617
             174.5       0.000160481        0.00139844
             174.9       0.000175951        0.00213491
             175.3       0.000162808        0.00175802
             175.7       0.000152101        0.00160777
             176.1       0.000210616        0.00231365
             176.5       0.000161141        0.00141878
             176.9       0.000184254        0.00183215
             177.3       0.000141082        0.00167721
             177.7       0.000121602        0.00113212
             178.1       0.000179317        0.00197904
             178.5       0.000161465        0.00183712
             178.9       0.000162677        0.00138631
             179.3       0.000150575        0.00159523
