               0.1          0.764296         0.0325967
               0.5          0.747941         0.0327346
               0.9          0.761793         0.0444048
               1.3          0.762115         0.0341243
               1.7           0.76729         0.0361985
               2.1          0.756539         0.0386918
               2.5          0.757742         0.0388139
               2.9          0.763991         0.0378168
               3.3          0.757891         0.0402879
               3.7          0.760281         0.0385352
               4.1          0.756683         0.0463242
               4.5          0.754412         0.0422655
               4.9          0.755608         0.0388102
               5.3          0.753707         0.0392758
               5.7          0.754505         0.0395565
               6.1          0.750432         0.0412457
               6.5          0.747138         0.0399287
               6.9          0.743857         0.0430974
               7.3          0.744268          0.040362
               7.7          0.745152         0.0440492
               8.1          0.739996         0.0435566
               8.5          0.738988          0.040913
               8.9          0.733651         0.0464098
               9.3            0.7298         0.0467009
               9.7          0.726288         0.0476115
              10.1          0.721151         0.0482176
              10.5          0.716037         0.0500012
              10.9          0.716801         0.0518509
              11.3          0.714037         0.0497088
              11.7          0.705914         0.0516209
              12.1          0.700345          0.052631
              12.5          0.689756         0.0562742
              12.9          0.691019          0.059437
              13.3          0.682789         0.0623995
              13.7          0.679215         0.0581577
              14.1          0.670767         0.0642816
              14.5          0.663734         0.0645453
              14.9          0.651334         0.0706519
              15.3          0.644566         0.0684229
              15.7          0.638583          0.069924
              16.1          0.628243         0.0788048
              16.5          0.617132         0.0792226
              16.9          0.606825         0.0805912
              17.3          0.593084         0.0873033
              17.7          0.577858         0.0881592
              18.1          0.565877         0.0942423
              18.5          0.549137          0.103019
              18.9          0.523797          0.111164
              19.3          0.493938          0.122815
              19.7          0.467511          0.132202
              20.1          0.439306          0.140089
              20.5          0.417713          0.142911
              20.9          0.398006          0.144813
              21.3          0.366272          0.142668
              21.7          0.347365          0.143064
              22.1          0.329331          0.145558
              22.5          0.306474          0.138246
              22.9          0.279425          0.133533
              23.3          0.269557           0.12822
              23.7          0.250294          0.126045
              24.1           0.23433          0.117538
              24.5          0.219909            0.1143
              24.9          0.201942          0.107567
              25.3          0.184661         0.0988919
              25.7            0.1782         0.0919756
              26.1          0.164949         0.0848491
              26.5          0.148794         0.0747456
              26.9           0.13907         0.0716763
              27.3           0.13116         0.0638518
              27.7          0.121725         0.0610477
              28.1          0.113793         0.0549684
              28.5          0.106379         0.0526942
              28.9          0.100334         0.0484539
              29.3          0.095968         0.0480794
              29.7         0.0900659          0.046413
              30.1         0.0855301          0.044861
              30.5         0.0796105         0.0394046
              30.9         0.0771868          0.040609
              31.3         0.0749941         0.0405024
              31.7         0.0698243         0.0371363
              32.1         0.0669402         0.0366045
              32.5         0.0635219         0.0336019
              32.9         0.0600647         0.0331958
              33.3          0.056543         0.0313408
              33.7         0.0559241          0.030485
              34.1         0.0536305         0.0306287
              34.5         0.0504551         0.0286754
              34.9         0.0482985         0.0261142
              35.3         0.0464584         0.0261484
              35.7         0.0434662         0.0247321
              36.1         0.0421185         0.0246183
              36.5         0.0407581         0.0236418
              36.9         0.0395647         0.0246611
              37.3         0.0382379         0.0214925
              37.7         0.0370206         0.0219731
              38.1         0.0356582         0.0216077
              38.5         0.0343701         0.0213458
              38.9         0.0327246         0.0204601
              39.3          0.031254         0.0190257
              39.7         0.0309306         0.0187663
              40.1         0.0294631         0.0182213
              40.5         0.0286725         0.0171227
              40.9         0.0276403         0.0170166
              41.3         0.0266538         0.0175554
              41.7         0.0261622          0.016576
              42.1         0.0250647         0.0157629
              42.5         0.0249558         0.0155463
              42.9         0.0232232         0.0149892
              43.3         0.0229084         0.0150764
              43.7         0.0217827         0.0138136
              44.1             0.021         0.0137139
              44.5         0.0210131         0.0138394
              44.9         0.0209163         0.0133968
              45.3         0.0198796         0.0128866
              45.7         0.0194726         0.0134232
              46.1         0.0186199         0.0125686
              46.5         0.0178904         0.0122898
              46.9         0.0175733         0.0120203
              47.3         0.0170507         0.0117283
              47.7         0.0170131         0.0118911
              48.1         0.0161537         0.0116041
              48.5         0.0157615         0.0104537
              48.9         0.0154096         0.0108006
              49.3         0.0149046         0.0111224
              49.7         0.0145318         0.0101533
              50.1         0.0144154         0.0102429
              50.5         0.0139178        0.00983363
              50.9         0.0136409         0.0100614
              51.3         0.0132076        0.00970797
              51.7         0.0130651        0.00948922
              52.1         0.0129716         0.0102579
              52.5         0.0121128        0.00881265
              52.9         0.0121348         0.0093161
              53.3         0.0117167        0.00881554
              53.7          0.011505        0.00851981
              54.1         0.0109316        0.00824446
              54.5         0.0110118        0.00841264
              54.9         0.0107363        0.00789988
              55.3         0.0105159         0.0081417
              55.7         0.0104707        0.00838292
              56.1         0.0102538        0.00816729
              56.5        0.00968016        0.00756868
              56.9        0.00955618        0.00755041
              57.3        0.00939352        0.00779291
              57.7        0.00902365        0.00715854
              58.1        0.00883942        0.00735343
              58.5        0.00892354        0.00720072
              58.9        0.00873904         0.0069816
              59.3        0.00861943        0.00717202
              59.7        0.00829882        0.00691088
              60.1        0.00790004        0.00655113
              60.5        0.00794551        0.00683239
              60.9        0.00789776        0.00663366
              61.3        0.00764334        0.00646842
              61.7        0.00755442        0.00677673
              62.1        0.00727619        0.00622223
              62.5        0.00716402         0.0061949
              62.9        0.00692074        0.00571507
              63.3        0.00676823        0.00571001
              63.7        0.00679505        0.00601331
              64.1         0.0065641        0.00558963
              64.5        0.00640657        0.00568336
              64.9        0.00637117        0.00572647
              65.3        0.00633041        0.00579938
              65.7        0.00605749        0.00567507
              66.1        0.00582699        0.00533159
              66.5        0.00580552        0.00520705
              66.9        0.00577053        0.00530094
              67.3        0.00567407         0.0054683
              67.7        0.00559835        0.00540971
              68.1        0.00544279        0.00514056
              68.5        0.00535277         0.0050718
              68.9        0.00517762        0.00468879
              69.3        0.00514582        0.00525068
              69.7         0.0049834        0.00469853
              70.1        0.00489678        0.00470782
              70.5        0.00506481        0.00486324
              70.9        0.00480511        0.00482877
              71.3         0.0047644        0.00484556
              71.7        0.00464246        0.00465197
              72.1           0.00454        0.00463567
              72.5        0.00445946        0.00454872
              72.9        0.00436523        0.00445017
              73.3        0.00434685        0.00433496
              73.7        0.00422789        0.00433047
              74.1        0.00414979        0.00422698
              74.5        0.00415161        0.00423821
              74.9        0.00396177         0.0040436
              75.3        0.00396307        0.00404299
              75.7        0.00388884        0.00411164
              76.1         0.0037727        0.00409101
              76.5        0.00376804        0.00408041
              76.9        0.00369627        0.00394721
              77.3        0.00362393        0.00378502
              77.7        0.00351744        0.00403469
              78.1         0.0034462        0.00379501
              78.5        0.00341389        0.00376482
              78.9        0.00333806        0.00361869
              79.3        0.00330078        0.00369708
              79.7        0.00329579        0.00365889
              80.1        0.00329028         0.0037064
              80.5        0.00323731        0.00364175
              80.9        0.00319341         0.0037082
              81.3        0.00314292        0.00354223
              81.7        0.00307013        0.00356628
              82.1         0.0029974        0.00352203
              82.5         0.0029759        0.00350531
              82.9        0.00295566        0.00358413
              83.3        0.00287023        0.00342469
              83.7        0.00281712        0.00338909
              84.1        0.00275769        0.00318514
              84.5        0.00272895          0.003186
              84.9        0.00265899        0.00314746
              85.3        0.00260397        0.00312971
              85.7        0.00262279        0.00319297
              86.1        0.00262936        0.00318183
              86.5        0.00251073        0.00302267
              86.9        0.00244199        0.00311339
              87.3        0.00243525        0.00305598
              87.7        0.00245622        0.00302043
              88.1        0.00234851        0.00285592
              88.5        0.00243401        0.00310737
              88.9        0.00223899         0.0029578
              89.3        0.00224249        0.00291118
              89.7        0.00221506        0.00285473
              90.1        0.00216606        0.00286941
              90.5        0.00214269        0.00266908
              90.9        0.00210599        0.00273248
              91.3        0.00212261        0.00294162
              91.7        0.00205442        0.00281438
              92.1        0.00204975        0.00283621
              92.5        0.00204808        0.00265988
              92.9        0.00197122        0.00269672
              93.3        0.00191889        0.00258705
              93.7        0.00186127        0.00252466
              94.1        0.00185961        0.00255194
              94.5        0.00183805        0.00253994
              94.9        0.00182356        0.00254599
              95.3        0.00177385         0.0025029
              95.7        0.00180081          0.002582
              96.1        0.00174829        0.00245833
              96.5        0.00175945        0.00251558
              96.9        0.00171076        0.00247617
              97.3        0.00166954        0.00233594
              97.7        0.00164866        0.00245133
              98.1         0.0015984        0.00238456
              98.5        0.00157593        0.00233163
              98.9         0.0016501        0.00251313
              99.3        0.00155185         0.0022973
              99.7        0.00154253        0.00227348
             100.1        0.00149617        0.00238681
             100.5        0.00151128        0.00225983
             100.9        0.00148239        0.00231083
             101.3        0.00146241        0.00234365
             101.7        0.00141516        0.00219672
             102.1        0.00140298        0.00213507
             102.5        0.00140458        0.00218836
             102.9        0.00137649        0.00208913
             103.3        0.00135732        0.00213626
             103.7        0.00130097        0.00205411
             104.1        0.00129648         0.0020323
             104.5        0.00128379         0.0020666
             104.9        0.00126148        0.00202626
             105.3        0.00126614        0.00209018
             105.7         0.0012676         0.0021186
             106.1        0.00123843        0.00199643
             106.5        0.00123643         0.0019563
             106.9        0.00119841        0.00192712
             107.3        0.00114308        0.00182312
             107.7        0.00117358        0.00189283
             108.1        0.00118515        0.00207338
             108.5        0.00116832        0.00213623
             108.9        0.00114387        0.00195739
             109.3        0.00113587        0.00208482
             109.7        0.00108211        0.00189366
             110.1        0.00109171        0.00189128
             110.5        0.00109946        0.00182852
             110.9         0.0010393        0.00183865
             111.3        0.00105995        0.00181487
             111.7        0.00100615        0.00171463
             112.1        0.00102881        0.00180747
             112.5       0.000992355        0.00177139
             112.9       0.000971588        0.00169976
             113.3       0.000952865         0.0016561
             113.7       0.000967009        0.00168037
             114.1       0.000922906        0.00162761
             114.5       0.000935787        0.00169016
             114.9       0.000940874        0.00171451
             115.3       0.000896951        0.00163573
             115.7        0.00090335        0.00169527
             116.1       0.000887684        0.00160155
             116.5       0.000866049        0.00159154
             116.9       0.000894728         0.0016526
             117.3       0.000873511        0.00166026
             117.7       0.000829006        0.00160314
             118.1       0.000857541        0.00172916
             118.5       0.000815234        0.00156547
             118.9        0.00080626        0.00151472
             119.3       0.000803038        0.00153856
             119.7       0.000805841        0.00157059
             120.1       0.000781161        0.00151827
             120.5       0.000773356        0.00147743
             120.9       0.000746793        0.00155887
             121.3       0.000764204        0.00153707
             121.7       0.000743877        0.00148281
             122.1       0.000730814        0.00155575
             122.5       0.000742634        0.00146003
             122.9       0.000704031        0.00140567
             123.3       0.000715269        0.00146887
             123.7       0.000713579        0.00159595
             124.1       0.000702516        0.00139203
             124.5       0.000677343         0.0014038
             124.9       0.000691949        0.00144548
             125.3       0.000682227         0.0014827
             125.7       0.000681805        0.00142023
             126.1        0.00067964        0.00144421
             126.5       0.000634652         0.0013662
             126.9       0.000675973         0.0015022
             127.3       0.000631804         0.0012895
             127.7        0.00063552        0.00141376
             128.1       0.000609412        0.00143518
             128.5       0.000592332        0.00135386
             128.9        0.00059972        0.00126659
             129.3       0.000589353        0.00136788
             129.7       0.000592483        0.00133281
             130.1       0.000607865        0.00134763
             130.5       0.000577852        0.00138376
             130.9       0.000540363        0.00115738
             131.3       0.000575125         0.0012904
             131.7       0.000568802        0.00126622
             132.1       0.000567354        0.00132116
             132.5       0.000549758        0.00134032
             132.9       0.000525561        0.00117419
             133.3       0.000521629        0.00122474
             133.7       0.000515514          0.001218
             134.1       0.000547627        0.00127292
             134.5       0.000517288        0.00120735
             134.9       0.000505554        0.00119054
             135.3       0.000485091        0.00116636
             135.7       0.000499593        0.00123512
             136.1       0.000485124        0.00116131
             136.5       0.000489922        0.00119397
             136.9       0.000469829        0.00115932
             137.3       0.000463611        0.00107139
             137.7       0.000442854         0.0011217
             138.1       0.000441487        0.00108091
             138.5       0.000430443        0.00103677
             138.9       0.000436838        0.00110553
             139.3        0.00043149        0.00104861
             139.7       0.000427875        0.00110707
             140.1       0.000424313        0.00111356
             140.5       0.000426164        0.00102555
             140.9        0.00043691        0.00109127
             141.3       0.000411131        0.00102445
             141.7       0.000440229        0.00112684
             142.1       0.000407127        0.00108966
             142.5       0.000395721        0.00104188
             142.9       0.000402414       0.000995251
             143.3       0.000394292        0.00105719
             143.7       0.000404588        0.00105151
             144.1       0.000394985         0.0010664
             144.5       0.000370226       0.000987573
             144.9       0.000380706        0.00102298
             145.3       0.000379574        0.00102284
             145.7       0.000367712        0.00100663
             146.1       0.000380981        0.00102336
             146.5       0.000356134        0.00101497
             146.9       0.000376696       0.000992516
             147.3       0.000364853        0.00107427
             147.7       0.000353418       0.000960358
             148.1       0.000344145        0.00100292
             148.5        0.00034542       0.000982784
             148.9       0.000350011        0.00102147
             149.3       0.000315365       0.000907133
             149.7       0.000327592       0.000936433
             150.1       0.000322416       0.000967315
             150.5       0.000326313       0.000922585
             150.9       0.000343219         0.0010469
             151.3       0.000299977       0.000865304
             151.7        0.00029685       0.000897193
             152.1        0.00033646       0.000980372
             152.5       0.000345129        0.00101913
             152.9       0.000295637       0.000815922
             153.3       0.000302856       0.000908742
             153.7       0.000311516       0.000911557
             154.1       0.000285942       0.000825739
             154.5       0.000296171       0.000853924
             154.9        0.00028749       0.000909154
             155.3       0.000273002       0.000831515
             155.7       0.000284979       0.000854006
             156.1       0.000280199       0.000852731
             156.5       0.000280517       0.000854798
             156.9       0.000278283       0.000860787
             157.3       0.000259991       0.000777758
             157.7       0.000263359       0.000861177
             158.1       0.000255379       0.000795733
             158.5       0.000266736       0.000801422
             158.9        0.00028215        0.00100369
             159.3        0.00026022       0.000840205
             159.7       0.000255071       0.000822738
             160.1       0.000254502       0.000790459
             160.5       0.000242499       0.000863574
             160.9       0.000235241       0.000729692
             161.3       0.000242583       0.000767427
             161.7       0.000255743       0.000835934
             162.1       0.000246839       0.000826926
             162.5       0.000217748       0.000739277
             162.9       0.000234959       0.000781746
             163.3       0.000236625       0.000853801
             163.7       0.000223088       0.000738094
             164.1       0.000236809       0.000797696
             164.5       0.000226985       0.000747996
             164.9       0.000217926       0.000780853
             165.3       0.000237485       0.000810957
             165.7       0.000214548       0.000714884
             166.1       0.000210477       0.000720815
             166.5        0.00020813        0.00072436
             166.9       0.000196995       0.000713268
             167.3       0.000219136       0.000824862
             167.7        0.00020364       0.000737412
             168.1       0.000204817       0.000718498
             168.5       0.000231176       0.000868512
             168.9       0.000201829       0.000741602
             169.3       0.000194039       0.000695927
             169.7       0.000189251       0.000659196
             170.1       0.000192745       0.000712926
             170.5       0.000189485       0.000702211
             170.9       0.000190118       0.000690934
             171.3       0.000180727       0.000672621
             171.7       0.000186167       0.000699606
             172.1       0.000174969       0.000621211
             172.5       0.000173264       0.000604697
             172.9       0.000196439       0.000763943
             173.3       0.000190897       0.000727818
             173.7       0.000160349       0.000602791
             174.1       0.000170581       0.000680507
             174.5       0.000185458        0.00062865
             174.9       0.000174318       0.000725785
             175.3       0.000193873       0.000754794
             175.7       0.000172802       0.000621672
             176.1       0.000166293       0.000711914
             176.5       0.000177062       0.000618743
             176.9       0.000156228       0.000593401
             177.3       0.000165306       0.000622319
             177.7       0.000155837       0.000612273
             178.1       0.000174081       0.000663815
             178.5       0.000174032       0.000693782
             178.9       0.000158412       0.000616545
             179.3       0.000152749       0.000560417
