               0.1          0.653839          0.113309
               0.5           0.74418         0.0492582
               0.9          0.760306         0.0437872
               1.3          0.754925         0.0465757
               1.7          0.758228         0.0577276
               2.1          0.750763          0.048951
               2.5          0.755998         0.0481284
               2.9          0.754115         0.0515655
               3.3           0.76179         0.0480887
               3.7          0.752349         0.0507182
               4.1          0.759859         0.0450682
               4.5           0.75386         0.0500918
               4.9          0.755653         0.0467389
               5.3          0.753591         0.0507451
               5.7          0.743632         0.0546905
               6.1          0.747907         0.0542652
               6.5          0.740708         0.0537284
               6.9          0.746075          0.052921
               7.3          0.742257          0.052051
               7.7          0.742367         0.0505465
               8.1          0.736788         0.0533321
               8.5          0.734204         0.0570187
               8.9          0.731667         0.0573456
               9.3          0.730409         0.0574866
               9.7          0.722669         0.0610774
              10.1          0.721959         0.0573576
              10.5          0.716218         0.0643085
              10.9          0.717403          0.059737
              11.3          0.708942         0.0628444
              11.7          0.706279           0.06688
              12.1          0.702812         0.0665906
              12.5           0.69138         0.0687533
              12.9          0.686407         0.0711244
              13.3          0.684171          0.070492
              13.7          0.669127         0.0760437
              14.1          0.671026         0.0726475
              14.5          0.664674         0.0774625
              14.9          0.659054          0.078269
              15.3          0.645753         0.0836069
              15.7          0.640595         0.0892377
              16.1           0.62828         0.0871489
              16.5           0.61484         0.0955689
              16.9          0.603604         0.0944903
              17.3          0.587665          0.100493
              17.7          0.576865           0.10915
              18.1            0.5662           0.10927
              18.5            0.5423          0.120764
              18.9          0.519798          0.127839
              19.3          0.496376          0.140866
              19.7          0.470152          0.146857
              20.1          0.448539          0.155018
              20.5          0.413485          0.153454
              20.9           0.39409          0.159981
              21.3          0.372972          0.158924
              21.7           0.35625          0.160298
              22.1          0.325001          0.155702
              22.5          0.306384          0.152339
              22.9          0.289118           0.14852
              23.3          0.269154          0.144058
              23.7          0.253152          0.140852
              24.1          0.231367          0.130612
              24.5          0.208875          0.120911
              24.9          0.201156          0.118472
              25.3          0.186157           0.10698
              25.7          0.169981         0.0960308
              26.1          0.160461         0.0953915
              26.5           0.14767         0.0868011
              26.9          0.140508         0.0835334
              27.3          0.130567         0.0783648
              27.7           0.12283          0.072326
              28.1          0.113596         0.0680332
              28.5          0.110205         0.0672939
              28.9          0.101658         0.0618622
              29.3         0.0932593         0.0595278
              29.7          0.091952         0.0561048
              30.1         0.0868367         0.0540296
              30.5         0.0815419         0.0511476
              30.9         0.0744303         0.0469876
              31.3         0.0723248         0.0458186
              31.7         0.0692285         0.0439965
              32.1         0.0672683         0.0465245
              32.5         0.0632035         0.0421632
              32.9         0.0608334         0.0419206
              33.3         0.0584415         0.0378971
              33.7          0.056855         0.0397625
              34.1           0.05289         0.0373731
              34.5         0.0513821          0.035381
              34.9         0.0477935         0.0328711
              35.3         0.0479134         0.0331183
              35.7         0.0446412         0.0309916
              36.1         0.0434043         0.0301854
              36.5         0.0409125         0.0286371
              36.9         0.0399765         0.0281828
              37.3         0.0395002         0.0284681
              37.7         0.0371441         0.0272552
              38.1         0.0357439         0.0260386
              38.5         0.0343408         0.0257467
              38.9         0.0338817         0.0254327
              39.3         0.0320573         0.0240021
              39.7         0.0312381         0.0240827
              40.1          0.029615         0.0224603
              40.5         0.0282718         0.0218496
              40.9         0.0280809         0.0212904
              41.3         0.0264385         0.0205105
              41.7         0.0264216           0.02062
              42.1         0.0253429         0.0191448
              42.5         0.0241687         0.0187391
              42.9         0.0235159         0.0194674
              43.3         0.0240453         0.0204681
              43.7          0.022636         0.0183053
              44.1         0.0215995          0.017383
              44.5         0.0202361         0.0171839
              44.9         0.0206324         0.0167413
              45.3         0.0197381         0.0164569
              45.7         0.0190797         0.0155233
              46.1         0.0189194         0.0158856
              46.5         0.0181608         0.0152912
              46.9         0.0176145         0.0150119
              47.3         0.0173295          0.015311
              47.7         0.0163739         0.0139092
              48.1          0.015927         0.0149193
              48.5          0.015431         0.0131984
              48.9         0.0158062           0.01329
              49.3         0.0148795         0.0132085
              49.7         0.0146746         0.0129174
              50.1          0.014391         0.0122637
              50.5         0.0137988          0.012169
              50.9          0.013323         0.0114861
              51.3         0.0131857         0.0118568
              51.7         0.0129956         0.0118136
              52.1         0.0123743         0.0113414
              52.5         0.0123446         0.0116626
              52.9         0.0121645         0.0117863
              53.3         0.0118411         0.0114757
              53.7         0.0112869         0.0109153
              54.1         0.0115471         0.0105241
              54.5         0.0111701          0.010769
              54.9         0.0106046        0.00987583
              55.3         0.0101553        0.00999476
              55.7         0.0102583         0.0101682
              56.1        0.00996388        0.00976056
              56.5        0.00990973         0.0096539
              56.9        0.00936433        0.00920524
              57.3        0.00927078        0.00925948
              57.7        0.00900842        0.00889128
              58.1        0.00914531        0.00993585
              58.5        0.00895646        0.00956177
              58.9        0.00850187        0.00826496
              59.3        0.00853401        0.00920155
              59.7        0.00847746        0.00902412
              60.1        0.00829886        0.00855687
              60.5        0.00779476        0.00795236
              60.9        0.00786824        0.00806282
              61.3        0.00750395        0.00788364
              61.7        0.00761893        0.00839707
              62.1        0.00724745        0.00785811
              62.5        0.00701483        0.00743446
              62.9        0.00688419        0.00744285
              63.3        0.00681787        0.00769272
              63.7        0.00662511        0.00737037
              64.1        0.00657908        0.00740375
              64.5        0.00669285        0.00766673
              64.9        0.00623661        0.00683816
              65.3        0.00637651        0.00733458
              65.7         0.0061641         0.0068864
              66.1        0.00599953        0.00691347
              66.5        0.00595341        0.00696584
              66.9        0.00578313        0.00635613
              67.3        0.00562875        0.00640373
              67.7        0.00554096        0.00645339
              68.1        0.00544879        0.00621006
              68.5        0.00527152        0.00596486
              68.9        0.00528625        0.00611281
              69.3         0.0051987        0.00631689
              69.7        0.00497118        0.00602247
              70.1        0.00502506        0.00602494
              70.5         0.0050093        0.00614943
              70.9        0.00496619        0.00616349
              71.3        0.00486551        0.00578589
              71.7        0.00460676        0.00542182
              72.1        0.00452316        0.00554281
              72.5        0.00441197        0.00543471
              72.9        0.00445269        0.00558365
              73.3        0.00441739        0.00569413
              73.7        0.00425638          0.005355
              74.1        0.00416006         0.0052325
              74.5        0.00408701        0.00514507
              74.9        0.00394828        0.00518105
              75.3        0.00398155        0.00520135
              75.7        0.00379048        0.00488048
              76.1        0.00387902        0.00515283
              76.5        0.00368607        0.00463457
              76.9        0.00371819        0.00479647
              77.3        0.00366067        0.00514301
              77.7        0.00363534        0.00495326
              78.1        0.00357379        0.00492255
              78.5         0.0034309        0.00481837
              78.9        0.00339004         0.0047688
              79.3        0.00332257         0.0045767
              79.7        0.00336561        0.00468299
              80.1        0.00331309          0.004698
              80.5         0.0032067        0.00457759
              80.9        0.00317734        0.00441155
              81.3        0.00320029         0.0045872
              81.7        0.00297391        0.00419822
              82.1        0.00302329        0.00435325
              82.5        0.00293755        0.00438538
              82.9        0.00285992        0.00420518
              83.3        0.00294456        0.00443774
              83.7         0.0028439        0.00433365
              84.1        0.00273699        0.00394571
              84.5        0.00272697         0.0040843
              84.9        0.00271265        0.00409093
              85.3        0.00259112        0.00385148
              85.7         0.0025923        0.00384395
              86.1        0.00259328        0.00420649
              86.5        0.00258271        0.00404109
              86.9        0.00244448        0.00369775
              87.3         0.0025204        0.00451102
              87.7        0.00238565        0.00369642
              88.1        0.00228264        0.00353909
              88.5        0.00228905        0.00366042
              88.9        0.00231456        0.00369634
              89.3        0.00228625        0.00365805
              89.7        0.00225313        0.00371743
              90.1        0.00216482        0.00351239
              90.5        0.00209043        0.00336391
              90.9        0.00205495        0.00326236
              91.3         0.0020992        0.00338638
              91.7        0.00199834        0.00328838
              92.1        0.00215637        0.00354145
              92.5        0.00207128        0.00357846
              92.9        0.00207883        0.00365617
              93.3        0.00197203        0.00337863
              93.7        0.00189212         0.0032967
              94.1         0.0019211        0.00326764
              94.5        0.00179519        0.00323499
              94.9        0.00188283        0.00333205
              95.3        0.00176164        0.00294111
              95.7        0.00173439        0.00303844
              96.1        0.00174835        0.00311265
              96.5        0.00174993        0.00310608
              96.9        0.00176318        0.00314425
              97.3        0.00173346        0.00290701
              97.7        0.00174964        0.00303777
              98.1        0.00166158        0.00293632
              98.5        0.00164421        0.00315963
              98.9        0.00155881         0.0028293
              99.3        0.00158576        0.00286484
              99.7        0.00152528        0.00275824
             100.1        0.00153625        0.00287891
             100.5        0.00149467        0.00274964
             100.9         0.0014521        0.00275919
             101.3        0.00150874        0.00296798
             101.7        0.00145264         0.0028368
             102.1        0.00143066        0.00276746
             102.5        0.00140196        0.00264856
             102.9        0.00137674        0.00267256
             103.3        0.00135026        0.00255296
             103.7        0.00134925        0.00255748
             104.1        0.00126943        0.00242869
             104.5        0.00135039        0.00269772
             104.9        0.00129267        0.00263419
             105.3        0.00127041        0.00252996
             105.7        0.00128192        0.00258653
             106.1        0.00127392        0.00263084
             106.5        0.00122375        0.00253345
             106.9        0.00116795        0.00238796
             107.3        0.00118143        0.00240311
             107.7        0.00114984        0.00236464
             108.1        0.00120777        0.00256085
             108.5        0.00111755        0.00220378
             108.9        0.00113001        0.00233906
             109.3         0.0011756        0.00258072
             109.7        0.00113511          0.002484
             110.1        0.00106822        0.00228123
             110.5        0.00111146        0.00232812
             110.9        0.00105967        0.00240227
             111.3        0.00104741        0.00236841
             111.7        0.00106534        0.00223848
             112.1        0.00108749        0.00235721
             112.5        0.00102384        0.00241404
             112.9        0.00101769        0.00222967
             113.3        0.00103901        0.00250393
             113.7       0.000943369        0.00205479
             114.1       0.000983337        0.00238169
             114.5       0.000912035        0.00198535
             114.9       0.000949949         0.0023219
             115.3       0.000948821        0.00228003
             115.7       0.000893331        0.00207103
             116.1       0.000902451        0.00210299
             116.5        0.00089952          0.002035
             116.9       0.000913047        0.00224225
             117.3       0.000892336        0.00210688
             117.7       0.000863349        0.00201417
             118.1       0.000814419        0.00198865
             118.5       0.000802648        0.00190828
             118.9       0.000811063        0.00198326
             119.3       0.000886141        0.00208461
             119.7       0.000799778        0.00193331
             120.1       0.000805335        0.00192297
             120.5       0.000764905        0.00186987
             120.9        0.00076825        0.00193726
             121.3       0.000762081        0.00187814
             121.7       0.000731614        0.00188272
             122.1       0.000736019        0.00186248
             122.5       0.000727688        0.00191521
             122.9        0.00071201        0.00178688
             123.3        0.00072489        0.00178629
             123.7       0.000705357        0.00181525
             124.1       0.000651216        0.00162667
             124.5       0.000718877        0.00190584
             124.9       0.000658104        0.00170848
             125.3       0.000658841        0.00185744
             125.7       0.000692909        0.00178385
             126.1       0.000661826        0.00176632
             126.5       0.000680572        0.00192228
             126.9        0.00065086        0.00160635
             127.3       0.000657515        0.00177001
             127.7       0.000608718         0.0016611
             128.1       0.000602118        0.00160906
             128.5       0.000626144         0.0017405
             128.9       0.000617114        0.00168718
             129.3        0.00062771         0.0017661
             129.7        0.00061409        0.00175651
             130.1       0.000574171        0.00160756
             130.5       0.000579241        0.00159866
             130.9        0.00055324        0.00147982
             131.3        0.00057566        0.00168618
             131.7       0.000530787        0.00137994
             132.1       0.000562505        0.00161172
             132.5       0.000536698        0.00162372
             132.9       0.000550238        0.00169938
             133.3       0.000530716        0.00152987
             133.7       0.000555313        0.00157607
             134.1       0.000552998        0.00166344
             134.5       0.000480266        0.00139419
             134.9       0.000518542        0.00147947
             135.3       0.000513152        0.00142775
             135.7       0.000448291        0.00147595
             136.1       0.000498274        0.00152007
             136.5       0.000475946        0.00134873
             136.9        0.00043941        0.00137508
             137.3       0.000481276        0.00140847
             137.7       0.000479157        0.00142742
             138.1       0.000495748        0.00154272
             138.5       0.000455634        0.00136249
             138.9       0.000461701        0.00167389
             139.3       0.000463587        0.00143901
             139.7       0.000439083        0.00137921
             140.1       0.000478293        0.00152242
             140.5       0.000424656        0.00134654
             140.9       0.000411628        0.00133236
             141.3       0.000442089        0.00131162
             141.7       0.000373903        0.00116785
             142.1       0.000431547        0.00143712
             142.5       0.000389511        0.00125814
             142.9       0.000400783        0.00121501
             143.3       0.000416993        0.00127705
             143.7       0.000392552        0.00135928
             144.1       0.000424356        0.00138944
             144.5       0.000381184         0.0011972
             144.9       0.000397379        0.00128999
             145.3       0.000359882        0.00126952
             145.7       0.000356469        0.00125374
             146.1       0.000390664        0.00134804
             146.5       0.000366869        0.00129065
             146.9       0.000351039        0.00121853
             147.3       0.000341207        0.00110969
             147.7       0.000364378        0.00128468
             148.1       0.000336104        0.00117369
             148.5       0.000361551        0.00121252
             148.9       0.000358947        0.00121057
             149.3       0.000359516        0.00133111
             149.7       0.000353005         0.0012787
             150.1       0.000344085        0.00134435
             150.5       0.000328068        0.00111858
             150.9       0.000318401        0.00108665
             151.3       0.000325735        0.00115145
             151.7        0.00030332        0.00108002
             152.1       0.000311537         0.0010996
             152.5       0.000319238        0.00114128
             152.9       0.000308255        0.00115174
             153.3       0.000324453        0.00112977
             153.7       0.000312642        0.00110129
             154.1        0.00030836        0.00119728
             154.5       0.000279841       0.000980212
             154.9       0.000295163        0.00107455
             155.3       0.000295512         0.0010473
             155.7       0.000301846        0.00105451
             156.1       0.000288247         0.0011004
             156.5       0.000252665       0.000983468
             156.9       0.000276254        0.00103124
             157.3       0.000253267       0.000941944
             157.7       0.000294342        0.00116855
             158.1       0.000234499       0.000933522
             158.5       0.000288672        0.00112808
             158.9       0.000266941        0.00103869
             159.3       0.000264726        0.00104379
             159.7       0.000242446       0.000947474
             160.1       0.000256201       0.000946214
             160.5       0.000263577        0.00115839
             160.9       0.000264751        0.00105823
             161.3       0.000230708       0.000925004
             161.7       0.000244458       0.000971423
             162.1       0.000230282       0.000929783
             162.5        0.00024563        0.00112135
             162.9       0.000225405       0.000936909
             163.3       0.000224101         0.0011681
             163.7       0.000229601       0.000928741
             164.1       0.000231066       0.000939685
             164.5        0.00021578        0.00084259
             164.9       0.000215409        0.00085848
             165.3       0.000200999       0.000803216
             165.7       0.000252111        0.00112535
             166.1       0.000216066        0.00108099
             166.5       0.000209501       0.000873625
             166.9       0.000225556       0.000949584
             167.3       0.000185984       0.000828578
             167.7        0.00019883       0.000899987
             168.1       0.000214979         0.0010506
             168.5       0.000210756       0.000922498
             168.9       0.000200374        0.00080319
             169.3       0.000210967       0.000943556
             169.7       0.000216264       0.000959542
             170.1       0.000211249       0.000940672
             170.5        0.00020609       0.000933104
             170.9       0.000171988        0.00079048
             171.3       0.000180478       0.000780471
             171.7           0.00019       0.000849171
             172.1       0.000204208        0.00163433
             172.5       0.000175676       0.000824542
             172.9       0.000177204       0.000870749
             173.3       0.000185943       0.000785209
             173.7       0.000171808       0.000767272
             174.1       0.000178672       0.000772356
             174.5       0.000176143       0.000870278
             174.9       0.000180302       0.000833595
             175.3       0.000163472       0.000790536
             175.7       0.000170382       0.000759193
             176.1       0.000161646       0.000820527
             176.5       0.000155027       0.000765079
             176.9       0.000184643       0.000907239
             177.3       0.000181634       0.000909684
             177.7       0.000177289         0.0012539
             178.1       0.000177419       0.000870223
             178.5       0.000153158       0.000753788
             178.9       0.000166707       0.000872818
             179.3       0.000156991       0.000872672
