               0.1          0.760788            0.0269
               0.5          0.771185         0.0359394
               0.9          0.754972         0.0354495
               1.3           0.76252         0.0364301
               1.7          0.764376         0.0363985
               2.1          0.761279         0.0336899
               2.5           0.76114         0.0395742
               2.9          0.758201         0.0377122
               3.3          0.762365         0.0365649
               3.7          0.758302         0.0354481
               4.1          0.758043         0.0371848
               4.5          0.757181         0.0380116
               4.9          0.756628         0.0346008
               5.3          0.756881         0.0372552
               5.7          0.751492         0.0363976
               6.1          0.751761         0.0378594
               6.5          0.747938         0.0373962
               6.9          0.747033         0.0396595
               7.3          0.748824         0.0387947
               7.7          0.742296         0.0418365
               8.1          0.738226         0.0413362
               8.5          0.732329         0.0452724
               8.9          0.732629         0.0453156
               9.3          0.733144         0.0420638
               9.7          0.728615         0.0465072
              10.1          0.723078          0.045479
              10.5           0.71829         0.0473648
              10.9          0.711135         0.0553701
              11.3          0.708056         0.0490444
              11.7          0.704961         0.0499902
              12.1          0.701886         0.0492018
              12.5          0.695305         0.0509937
              12.9          0.688361          0.052562
              13.3          0.686716         0.0517792
              13.7          0.678963         0.0556417
              14.1          0.670396         0.0563924
              14.5          0.664932         0.0610143
              14.9          0.657502         0.0629871
              15.3          0.646523         0.0659476
              15.7           0.63853         0.0688179
              16.1          0.627375         0.0709427
              16.5           0.61798         0.0713086
              16.9          0.603481         0.0763968
              17.3          0.594138         0.0791638
              17.7          0.583265         0.0814821
              18.1          0.564863         0.0897737
              18.5          0.544979         0.0988978
              18.9          0.523418          0.106637
              19.3          0.497399          0.117419
              19.7          0.464462          0.128078
              20.1          0.440731          0.139697
              20.5          0.411375          0.138674
              20.9          0.394702           0.14204
              21.3          0.368865          0.141428
              21.7          0.338381          0.139642
              22.1           0.32908          0.139166
              22.5          0.300473          0.135941
              22.9          0.289004          0.132332
              23.3          0.264073          0.126924
              23.7          0.245443          0.121417
              24.1          0.232593          0.116377
              24.5          0.217054          0.112375
              24.9          0.205795          0.105673
              25.3          0.187748         0.0923916
              25.7          0.172905         0.0865062
              26.1          0.158781         0.0781386
              26.5          0.150098         0.0726857
              26.9          0.142659         0.0709445
              27.3          0.131852         0.0647177
              27.7          0.122936         0.0586347
              28.1          0.113292         0.0517831
              28.5          0.108847         0.0512984
              28.9          0.101415          0.048487
              29.3         0.0979326         0.0469629
              29.7         0.0915073         0.0441362
              30.1         0.0864463         0.0426834
              30.5         0.0808021         0.0390381
              30.9          0.076895         0.0380514
              31.3         0.0744353         0.0362454
              31.7         0.0699275         0.0359243
              32.1         0.0668995         0.0335566
              32.5         0.0642511         0.0319986
              32.9         0.0599431         0.0307361
              33.3         0.0582941         0.0299914
              33.7         0.0557801         0.0309803
              34.1         0.0530975         0.0273854
              34.5         0.0509716         0.0272671
              34.9         0.0489009         0.0254778
              35.3         0.0469949         0.0256629
              35.7         0.0447854         0.0233744
              36.1         0.0423803         0.0222451
              36.5         0.0400899         0.0210923
              36.9         0.0394753         0.0217794
              37.3         0.0379532         0.0207289
              37.7         0.0370674         0.0199972
              38.1         0.0346246         0.0192146
              38.5         0.0349983         0.0207974
              38.9         0.0328347         0.0176841
              39.3         0.0317096         0.0178787
              39.7         0.0308716         0.0174409
              40.1         0.0300443         0.0174869
              40.5         0.0291828         0.0174386
              40.9         0.0284073         0.0166478
              41.3         0.0269593         0.0155376
              41.7         0.0257183         0.0152197
              42.1         0.0252072         0.0149673
              42.5          0.024444         0.0145829
              42.9          0.023521         0.0141019
              43.3          0.023377         0.0143444
              43.7         0.0224566         0.0135243
              44.1         0.0218151         0.0135994
              44.5         0.0213538         0.0133835
              44.9         0.0200572         0.0127516
              45.3         0.0196402         0.0123591
              45.7         0.0193055         0.0125435
              46.1         0.0185904          0.012014
              46.5         0.0179997          0.011646
              46.9         0.0175155         0.0114772
              47.3         0.0169051         0.0110446
              47.7          0.016058         0.0102683
              48.1         0.0162034         0.0106089
              48.5         0.0160682         0.0104466
              48.9         0.0155097         0.0104331
              49.3         0.0153495         0.0102316
              49.7         0.0145498         0.0101807
              50.1         0.0144266        0.00951183
              50.5         0.0138858        0.00952986
              50.9         0.0135371        0.00902419
              51.3         0.0130761        0.00884912
              51.7         0.0126554        0.00850515
              52.1         0.0127998         0.0089041
              52.5         0.0123155        0.00864272
              52.9         0.0120825        0.00845407
              53.3          0.011714        0.00834189
              53.7         0.0115018        0.00793237
              54.1         0.0111904        0.00797222
              54.5         0.0109281        0.00762663
              54.9         0.0107586        0.00794602
              55.3         0.0106076         0.0076275
              55.7         0.0103963        0.00769579
              56.1         0.0101665        0.00756799
              56.5         0.0097733        0.00715798
              56.9         0.0097871        0.00760152
              57.3        0.00922764        0.00668731
              57.7         0.0091058        0.00709605
              58.1        0.00890644        0.00706323
              58.5        0.00876051         0.0069458
              58.9        0.00858836        0.00646994
              59.3        0.00846946        0.00641252
              59.7         0.0083852         0.0065324
              60.1          0.008058        0.00633975
              60.5        0.00780657        0.00595661
              60.9        0.00770507         0.0059456
              61.3        0.00757871        0.00632877
              61.7        0.00762291        0.00616371
              62.1        0.00722466        0.00579094
              62.5        0.00720692        0.00614562
              62.9        0.00713925        0.00579322
              63.3        0.00691277        0.00575276
              63.7        0.00678698        0.00706712
              64.1        0.00648327        0.00524428
              64.5        0.00650406        0.00553267
              64.9        0.00650029        0.00534006
              65.3        0.00616204        0.00506056
              65.7        0.00605709        0.00510255
              66.1        0.00603046        0.00514636
              66.5        0.00572451        0.00495319
              66.9        0.00583008        0.00503106
              67.3        0.00563541        0.00484035
              67.7        0.00542512        0.00462362
              68.1        0.00550429        0.00485738
              68.5        0.00538419        0.00487568
              68.9        0.00515764        0.00461084
              69.3          0.005112        0.00466219
              69.7        0.00508881         0.0047056
              70.1        0.00501748        0.00450491
              70.5        0.00479786        0.00453614
              70.9        0.00481255        0.00427961
              71.3        0.00473395        0.00435628
              71.7        0.00469655         0.0043754
              72.1        0.00449037        0.00416039
              72.5        0.00441542        0.00414524
              72.9        0.00428727        0.00395129
              73.3        0.00423758        0.00412575
              73.7        0.00419134        0.00395559
              74.1        0.00426472        0.00415914
              74.5        0.00418015        0.00418633
              74.9        0.00409673        0.00404095
              75.3        0.00388051        0.00372079
              75.7        0.00388777        0.00375737
              76.1        0.00374817        0.00367476
              76.5        0.00373857        0.00366018
              76.9         0.0036831        0.00362564
              77.3        0.00362487        0.00377552
              77.7        0.00361503        0.00355335
              78.1        0.00347003        0.00350836
              78.5        0.00350872        0.00357714
              78.9        0.00343198        0.00355031
              79.3        0.00327517        0.00329312
              79.7        0.00327029        0.00349263
              80.1        0.00321737        0.00325545
              80.5        0.00319195        0.00335938
              80.9         0.0031377        0.00327454
              81.3        0.00305488        0.00323227
              81.7        0.00305386        0.00324769
              82.1        0.00298751        0.00327381
              82.5        0.00284278        0.00297793
              82.9        0.00293925        0.00323776
              83.3        0.00278812        0.00311514
              83.7        0.00284837        0.00323199
              84.1        0.00270158        0.00293707
              84.5        0.00278465        0.00310638
              84.9        0.00274246        0.00313696
              85.3        0.00261638        0.00301467
              85.7        0.00254755        0.00284581
              86.1        0.00256708        0.00277255
              86.5        0.00248575        0.00287817
              86.9         0.0025112        0.00287147
              87.3        0.00246976        0.00304401
              87.7        0.00241895        0.00286461
              88.1        0.00239398        0.00303494
              88.5        0.00230741        0.00268644
              88.9        0.00227898        0.00274967
              89.3        0.00227844        0.00267881
              89.7        0.00217489        0.00264249
              90.1        0.00222415        0.00278544
              90.5        0.00214996        0.00305218
              90.9        0.00215041         0.0026894
              91.3          0.002038        0.00262878
              91.7        0.00205094        0.00262902
              92.1        0.00209317        0.00263479
              92.5        0.00201188        0.00254021
              92.9         0.0019143        0.00233271
              93.3        0.00192584        0.00237411
              93.7         0.0018918        0.00244284
              94.1        0.00192248         0.0024389
              94.5        0.00186172        0.00233341
              94.9        0.00183779        0.00251673
              95.3        0.00182579        0.00249661
              95.7        0.00179542        0.00243026
              96.1        0.00177959        0.00226271
              96.5        0.00173924        0.00229623
              96.9          0.001679        0.00235089
              97.3        0.00168995        0.00224501
              97.7        0.00164195        0.00221666
              98.1        0.00163463         0.0022152
              98.5        0.00162172        0.00230387
              98.9        0.00161875        0.00225449
              99.3        0.00156026        0.00219895
              99.7        0.00151135        0.00208302
             100.1         0.0015392        0.00223184
             100.5        0.00149564         0.0021618
             100.9        0.00145588        0.00204514
             101.3        0.00147449        0.00208835
             101.7        0.00147992        0.00210582
             102.1        0.00143218        0.00205863
             102.5        0.00135738          0.001895
             102.9        0.00137574        0.00197496
             103.3        0.00137261        0.00199205
             103.7        0.00136254         0.0021639
             104.1        0.00126757        0.00184479
             104.5        0.00134389        0.00204564
             104.9        0.00125707         0.0017719
             105.3        0.00125369        0.00187242
             105.7        0.00127034        0.00193266
             106.1        0.00122107         0.0018694
             106.5        0.00121139         0.0018883
             106.9        0.00122982        0.00190777
             107.3        0.00124823        0.00188192
             107.7        0.00116899        0.00189293
             108.1        0.00118587        0.00187393
             108.5        0.00113826        0.00179669
             108.9        0.00108994        0.00168934
             109.3        0.00109512         0.0017673
             109.7        0.00107971        0.00164882
             110.1        0.00104851        0.00164026
             110.5        0.00109526        0.00180912
             110.9        0.00101126        0.00160066
             111.3        0.00105174         0.0017238
             111.7        0.00100215        0.00166743
             112.1        0.00101876        0.00171869
             112.5         0.0010142        0.00167266
             112.9       0.000973549        0.00161191
             113.3        0.00101669        0.00188277
             113.7       0.000973906        0.00166631
             114.1       0.000973056        0.00164675
             114.5        0.00096766        0.00169569
             114.9       0.000950643        0.00165493
             115.3       0.000919789        0.00159403
             115.7       0.000923524         0.0016166
             116.1       0.000894396        0.00164167
             116.5       0.000888451        0.00158241
             116.9       0.000853411        0.00156279
             117.3        0.00084762        0.00149483
             117.7       0.000823523        0.00148957
             118.1       0.000842581        0.00149195
             118.5       0.000828206        0.00146311
             118.9       0.000814306         0.0015302
             119.3       0.000796058        0.00147786
             119.7        0.00080476        0.00143672
             120.1       0.000757587        0.00137797
             120.5       0.000778987        0.00148335
             120.9       0.000758862        0.00144564
             121.3        0.00076517        0.00142922
             121.7       0.000716717        0.00130926
             122.1       0.000723724         0.0013443
             122.5        0.00073893        0.00135249
             122.9       0.000742948        0.00139434
             123.3       0.000687112        0.00133408
             123.7       0.000729478        0.00145865
             124.1       0.000701709        0.00134767
             124.5       0.000654575         0.0012961
             124.9       0.000688156        0.00135214
             125.3       0.000663208         0.0013283
             125.7         0.0006452        0.00127521
             126.1       0.000627642        0.00123483
             126.5        0.00062851        0.00122715
             126.9        0.00061866        0.00130115
             127.3       0.000626287        0.00134743
             127.7       0.000638961        0.00128409
             128.1       0.000619073        0.00126531
             128.5       0.000584181        0.00114302
             128.9       0.000600342        0.00127942
             129.3       0.000617511        0.00130128
             129.7        0.00057671        0.00123862
             130.1       0.000595252        0.00130183
             130.5       0.000575912        0.00124214
             130.9       0.000561345        0.00113321
             131.3       0.000553239        0.00114436
             131.7       0.000538987        0.00113454
             132.1       0.000534315        0.00111813
             132.5         0.0005409        0.00119875
             132.9       0.000540637        0.00114207
             133.3       0.000548947        0.00115281
             133.7       0.000512394        0.00117804
             134.1       0.000508311        0.00112489
             134.5        0.00049189        0.00104292
             134.9       0.000483604        0.00106902
             135.3       0.000482149        0.00103743
             135.7       0.000466568        0.00103983
             136.1       0.000462992        0.00100407
             136.5       0.000485106        0.00111344
             136.9       0.000492884        0.00113659
             137.3       0.000467989        0.00106586
             137.7       0.000472188        0.00106437
             138.1       0.000447393        0.00102528
             138.5       0.000464584        0.00108745
             138.9       0.000481669        0.00112481
             139.3       0.000435187        0.00101698
             139.7       0.000441021        0.00107238
             140.1       0.000421828        0.00100599
             140.5       0.000446042        0.00108328
             140.9       0.000427446       0.000975498
             141.3       0.000415479        0.00099902
             141.7       0.000425818       0.000990451
             142.1       0.000412013        0.00100097
             142.5       0.000375635       0.000918979
             142.9       0.000394533       0.000985974
             143.3       0.000389085       0.000946528
             143.7       0.000394845       0.000960834
             144.1       0.000384532       0.000970851
             144.5       0.000400151       0.000959545
             144.9       0.000358345       0.000929192
             145.3       0.000377362       0.000983016
             145.7       0.000366388       0.000943193
             146.1       0.000368492       0.000956165
             146.5       0.000359522       0.000981206
             146.9       0.000334872       0.000899717
             147.3        0.00037475        0.00178708
             147.7       0.000352066       0.000879434
             148.1       0.000368379       0.000925203
             148.5       0.000341704       0.000952381
             148.9       0.000337249        0.00090625
             149.3       0.000332314       0.000880797
             149.7       0.000313278       0.000825079
             150.1       0.000331532       0.000881248
             150.5        0.00031073       0.000809354
             150.9         0.0003168       0.000835176
             151.3       0.000297104       0.000816368
             151.7       0.000319776       0.000832666
             152.1       0.000314717       0.000896311
             152.5       0.000313524       0.000844321
             152.9       0.000303401       0.000885523
             153.3       0.000302666       0.000831679
             153.7       0.000295856       0.000772654
             154.1       0.000286932       0.000799027
             154.5       0.000285132       0.000834573
             154.9       0.000266345       0.000728816
             155.3        0.00029217       0.000829774
             155.7       0.000267487       0.000776012
             156.1       0.000284881       0.000832502
             156.5       0.000285035       0.000857237
             156.9        0.00028072       0.000835422
             157.3       0.000279961       0.000902802
             157.7       0.000280339       0.000848017
             158.1       0.000292141       0.000874353
             158.5       0.000268584       0.000774697
             158.9       0.000259093       0.000790475
             159.3       0.000247778       0.000711854
             159.7        0.00025621       0.000992531
             160.1       0.000248085       0.000701892
             160.5       0.000234696       0.000706015
             160.9       0.000247827       0.000731121
             161.3       0.000239707       0.000721996
             161.7       0.000249677       0.000702708
             162.1       0.000256969       0.000751284
             162.5       0.000232629       0.000707953
             162.9       0.000234609         0.0007242
             163.3       0.000249686       0.000849953
             163.7       0.000229422       0.000718818
             164.1       0.000241622       0.000820395
             164.5       0.000217093       0.000757727
             164.9       0.000230335       0.000691134
             165.3       0.000220101       0.000773506
             165.7       0.000221001       0.000718571
             166.1        0.00020021       0.000651416
             166.5       0.000211774       0.000767269
             166.9       0.000223879       0.000763609
             167.3       0.000181974        0.00059219
             167.7        0.00021055       0.000698131
             168.1       0.000206515       0.000658787
             168.5       0.000196057       0.000635841
             168.9       0.000194319       0.000619739
             169.3       0.000200705       0.000672329
             169.7       0.000184008       0.000624635
             170.1       0.000200456       0.000645158
             170.5       0.000199467       0.000664157
             170.9       0.000195246       0.000658232
             171.3       0.000179472       0.000624666
             171.7       0.000191194       0.000666051
             172.1       0.000164714       0.000556322
             172.5       0.000182005       0.000592426
             172.9       0.000183849       0.000698907
             173.3         0.0002056       0.000747728
             173.7       0.000182011       0.000746942
             174.1       0.000189395       0.000661149
             174.5       0.000166505       0.000609739
             174.9       0.000168292       0.000617503
             175.3       0.000162834        0.00057521
             175.7       0.000155119       0.000574964
             176.1       0.000158903       0.000577882
             176.5       0.000163952       0.000640327
             176.9       0.000156732       0.000559292
             177.3       0.000173447       0.000616309
             177.7       0.000165201         0.0006307
             178.1       0.000157821       0.000604625
             178.5       0.000165818        0.00062533
             178.9       0.000140208       0.000492394
             179.3       0.000152295       0.000573856
