               0.1           0.75703         0.0296452
               0.5          0.754631         0.0297926
               0.9          0.760885          0.033813
               1.3          0.751939         0.0414227
               1.7            0.7656         0.0260992
               2.1          0.755207         0.0364789
               2.5          0.760937         0.0344111
               2.9          0.762216         0.0350652
               3.3           0.76166         0.0348059
               3.7          0.759788         0.0380731
               4.1          0.756326          0.035232
               4.5          0.759804         0.0341661
               4.9          0.752796         0.0353572
               5.3          0.753581         0.0368825
               5.7          0.749197         0.0375233
               6.1          0.751174         0.0372409
               6.5          0.747765         0.0399664
               6.9          0.746316         0.0375839
               7.3          0.745776         0.0386406
               7.7          0.742973         0.0390056
               8.1          0.738288         0.0421549
               8.5          0.735101         0.0402923
               8.9          0.736105          0.041255
               9.3          0.730561         0.0424204
               9.7          0.724438         0.0429164
              10.1          0.725255         0.0463712
              10.5          0.714653         0.0466737
              10.9          0.713784         0.0468374
              11.3          0.709337         0.0461334
              11.7          0.709116         0.0506222
              12.1           0.70131         0.0493313
              12.5           0.69563         0.0501674
              12.9          0.687872         0.0525965
              13.3          0.685481         0.0553877
              13.7          0.676263         0.0543979
              14.1          0.676014         0.0595861
              14.5          0.664926         0.0589927
              14.9          0.652277         0.0615911
              15.3          0.645745         0.0649972
              15.7          0.635234         0.0670535
              16.1          0.627618         0.0653448
              16.5          0.615369         0.0698098
              16.9          0.604526         0.0734092
              17.3          0.595493         0.0792916
              17.7          0.577803         0.0820902
              18.1          0.562659         0.0918368
              18.5          0.548248         0.0953123
              18.9           0.52365          0.104676
              19.3          0.496666          0.117966
              19.7          0.471329          0.127374
              20.1          0.444781          0.133022
              20.5           0.41943          0.137181
              20.9          0.393179          0.140495
              21.3          0.367224          0.141254
              21.7          0.341483          0.141049
              22.1          0.326054          0.138949
              22.5          0.303988          0.134478
              22.9          0.289007          0.132027
              23.3          0.261704          0.123967
              23.7          0.245183          0.117073
              24.1          0.236805          0.115772
              24.5          0.213044          0.104972
              24.9          0.200278          0.100454
              25.3          0.188633          0.094691
              25.7          0.177565         0.0883164
              26.1          0.162175         0.0784556
              26.5          0.153479         0.0749411
              26.9          0.141715         0.0671788
              27.3           0.13059         0.0606994
              27.7          0.121309         0.0566986
              28.1           0.11282         0.0508109
              28.5          0.107387         0.0506952
              28.9          0.100654         0.0484984
              29.3         0.0961224         0.0440747
              29.7         0.0883336         0.0402539
              30.1         0.0860804         0.0407913
              30.5         0.0803538          0.037781
              30.9         0.0768404          0.035936
              31.3         0.0749863          0.036083
              31.7         0.0703083         0.0333747
              32.1          0.066181         0.0323681
              32.5         0.0636973         0.0317966
              32.9         0.0598957         0.0293561
              33.3         0.0572529         0.0282144
              33.7         0.0545887         0.0281454
              34.1         0.0537191         0.0273602
              34.5         0.0502659         0.0247805
              34.9         0.0475086         0.0244021
              35.3         0.0471704         0.0246779
              35.7         0.0451059         0.0237496
              36.1         0.0438889         0.0225507
              36.5         0.0413369         0.0218753
              36.9         0.0402741         0.0212383
              37.3         0.0378856         0.0204327
              37.7         0.0368617          0.019771
              38.1         0.0347517         0.0196329
              38.5         0.0341508         0.0181278
              38.9          0.032078         0.0175933
              39.3         0.0321231         0.0173545
              39.7          0.030487         0.0168824
              40.1         0.0295632         0.0163743
              40.5         0.0287509         0.0159104
              40.9         0.0273638          0.015151
              41.3         0.0270669         0.0165504
              41.7         0.0262552         0.0148634
              42.1          0.024845          0.014082
              42.5         0.0245151         0.0147063
              42.9         0.0233713         0.0136016
              43.3         0.0228404         0.0137702
              43.7         0.0222374         0.0139586
              44.1         0.0218952         0.0133171
              44.5         0.0209846         0.0125374
              44.9         0.0201021         0.0124806
              45.3         0.0197899         0.0121557
              45.7         0.0193308         0.0118878
              46.1         0.0185268         0.0112772
              46.5         0.0184615         0.0126383
              46.9         0.0178911         0.0118433
              47.3         0.0170793         0.0107756
              47.7         0.0170665         0.0105772
              48.1         0.0161306        0.00985322
              48.5         0.0153572        0.00989285
              48.9         0.0151733          0.010157
              49.3         0.0150195        0.00972019
              49.7         0.0145801         0.0092211
              50.1         0.0143342        0.00922525
              50.5         0.0139824        0.00908364
              50.9         0.0135154        0.00899239
              51.3         0.0131692        0.00876921
              51.7         0.0130181        0.00900448
              52.1         0.0123775        0.00821881
              52.5         0.0125664        0.00828158
              52.9         0.0121768        0.00826672
              53.3         0.0118246        0.00802976
              53.7         0.0112723        0.00774186
              54.1         0.0113094        0.00777306
              54.5         0.0110493        0.00785228
              54.9         0.0109104        0.00855303
              55.3         0.0104979        0.00764352
              55.7         0.0103305        0.00744014
              56.1        0.00998925        0.00708546
              56.5        0.00995481        0.00750933
              56.9        0.00961105        0.00715577
              57.3        0.00944651        0.00669971
              57.7        0.00912205        0.00683083
              58.1        0.00898113        0.00694743
              58.5        0.00863369        0.00647445
              58.9         0.0084969        0.00627492
              59.3        0.00851445        0.00654836
              59.7        0.00823165        0.00632792
              60.1        0.00810887        0.00612856
              60.5        0.00783524        0.00601121
              60.9        0.00775027        0.00602142
              61.3        0.00769649        0.00613114
              61.7        0.00744084        0.00583035
              62.1        0.00728736        0.00592988
              62.5         0.0071331        0.00551943
              62.9         0.0068694        0.00551458
              63.3        0.00683789        0.00555436
              63.7        0.00670815        0.00542964
              64.1        0.00663281        0.00536546
              64.5        0.00651151         0.0053415
              64.9        0.00635538        0.00573806
              65.3         0.0061747        0.00495153
              65.7        0.00621433         0.0050659
              66.1        0.00600084        0.00515472
              66.5         0.0058447        0.00496224
              66.9        0.00588751        0.00525411
              67.3          0.005801        0.00480607
              67.7        0.00549903        0.00473407
              68.1        0.00545041        0.00460544
              68.5        0.00528155        0.00457088
              68.9        0.00518583        0.00444658
              69.3        0.00506814        0.00453807
              69.7        0.00514937        0.00433662
              70.1        0.00490827        0.00418939
              70.5        0.00493607        0.00442382
              70.9        0.00479848        0.00415652
              71.3        0.00478687        0.00437492
              71.7         0.0046422        0.00409044
              72.1        0.00450077        0.00398587
              72.5        0.00446177        0.00407955
              72.9        0.00447718        0.00403999
              73.3        0.00430058        0.00392993
              73.7        0.00437696        0.00429259
              74.1        0.00419852        0.00383264
              74.5        0.00410754        0.00389619
              74.9        0.00412594        0.00393554
              75.3        0.00407914         0.0042098
              75.7         0.0038316        0.00362172
              76.1        0.00384545        0.00376054
              76.5         0.0037115        0.00348876
              76.9        0.00376479        0.00358545
              77.3        0.00366614        0.00361987
              77.7        0.00349072        0.00339837
              78.1        0.00354756        0.00345885
              78.5        0.00352976        0.00349793
              78.9        0.00345613        0.00337953
              79.3        0.00339796        0.00352475
              79.7        0.00332455        0.00341287
              80.1        0.00325143        0.00332646
              80.5        0.00318851         0.0032365
              80.9        0.00308621         0.0031876
              81.3        0.00311386         0.0032281
              81.7        0.00301312        0.00304194
              82.1        0.00299733        0.00319444
              82.5        0.00285801        0.00296218
              82.9        0.00281096        0.00294144
              83.3        0.00283663        0.00298774
              83.7         0.0027928         0.0030467
              84.1        0.00278135        0.00305113
              84.5        0.00268619        0.00297139
              84.9        0.00267462        0.00296653
              85.3        0.00262769        0.00285307
              85.7        0.00253439        0.00280544
              86.1        0.00253229        0.00286015
              86.5        0.00256157        0.00280877
              86.9        0.00248605        0.00290316
              87.3        0.00248249        0.00282094
              87.7        0.00238049        0.00267185
              88.1        0.00231574        0.00257662
              88.5         0.0023063        0.00275497
              88.9        0.00223921        0.00252572
              89.3        0.00226094        0.00263281
              89.7        0.00225893        0.00268461
              90.1        0.00219061          0.002586
              90.5        0.00208477         0.0024995
              90.9        0.00213608        0.00248758
              91.3        0.00206809        0.00246674
              91.7        0.00202697         0.0024703
              92.1        0.00199597        0.00250222
              92.5        0.00200393        0.00254735
              92.9        0.00199776        0.00242161
              93.3        0.00192647        0.00234577
              93.7        0.00198473        0.00245159
              94.1        0.00188777        0.00251987
              94.5        0.00185612        0.00227499
              94.9        0.00181055         0.0022553
              95.3        0.00177379        0.00221983
              95.7        0.00181053        0.00224038
              96.1        0.00177354        0.00220885
              96.5        0.00175552        0.00241589
              96.9        0.00170787        0.00218012
              97.3        0.00164658        0.00208969
              97.7        0.00163092         0.0021829
              98.1        0.00165436        0.00217624
              98.5        0.00159385        0.00204277
              98.9        0.00161364        0.00205483
              99.3        0.00159868        0.00220726
              99.7        0.00152979        0.00216693
             100.1        0.00152696        0.00211829
             100.5        0.00147297        0.00201409
             100.9        0.00150882        0.00205488
             101.3         0.0014214         0.0019354
             101.7        0.00149701        0.00205833
             102.1         0.0014041        0.00191017
             102.5        0.00140202        0.00203713
             102.9        0.00135954        0.00200408
             103.3        0.00136633        0.00188274
             103.7        0.00133199        0.00194159
             104.1        0.00130898        0.00188145
             104.5        0.00132521        0.00190443
             104.9        0.00128097        0.00186903
             105.3        0.00124261        0.00178812
             105.7        0.00123506        0.00187701
             106.1        0.00122606        0.00177876
             106.5        0.00125189        0.00184385
             106.9        0.00119645        0.00179602
             107.3        0.00117759        0.00176118
             107.7         0.0011981        0.00183179
             108.1        0.00116026        0.00183387
             108.5        0.00114137        0.00180332
             108.9        0.00113869         0.0017964
             109.3        0.00106928         0.0016631
             109.7        0.00110406        0.00164814
             110.1        0.00108405        0.00169656
             110.5        0.00107143         0.0016778
             110.9        0.00106913        0.00171796
             111.3        0.00105933        0.00169414
             111.7        0.00100441        0.00160135
             112.1        0.00100422        0.00162953
             112.5         0.0009853        0.00162873
             112.9       0.000997493        0.00163938
             113.3       0.000978969        0.00162232
             113.7       0.000963795        0.00154455
             114.1       0.000945241        0.00154556
             114.5       0.000953521        0.00163065
             114.9        0.00090491        0.00147611
             115.3       0.000887005        0.00142275
             115.7       0.000910518        0.00149335
             116.1       0.000885533        0.00151997
             116.5       0.000880932        0.00152036
             116.9       0.000883929        0.00153047
             117.3       0.000887499        0.00155203
             117.7       0.000851256        0.00147538
             118.1        0.00081525        0.00140461
             118.5       0.000830867        0.00144581
             118.9       0.000791819          0.001411
             119.3       0.000795896        0.00135829
             119.7       0.000774015        0.00138307
             120.1       0.000765956        0.00135173
             120.5       0.000776973          0.001377
             120.9        0.00078647        0.00141195
             121.3       0.000766012        0.00144115
             121.7       0.000734916        0.00139063
             122.1       0.000759876        0.00131914
             122.5       0.000745094        0.00140025
             122.9       0.000713367        0.00135257
             123.3       0.000681916        0.00130321
             123.7       0.000705038        0.00131635
             124.1       0.000673292         0.0013185
             124.5       0.000657892        0.00124693
             124.9       0.000660627        0.00128934
             125.3       0.000662949        0.00128072
             125.7       0.000667763        0.00129797
             126.1       0.000668773         0.0012795
             126.5       0.000641719        0.00124677
             126.9        0.00062794        0.00121714
             127.3       0.000634244        0.00122233
             127.7       0.000662048        0.00136131
             128.1       0.000615989        0.00120382
             128.5       0.000600513        0.00114046
             128.9       0.000601042        0.00124617
             129.3       0.000580964        0.00110783
             129.7       0.000594854        0.00121783
             130.1       0.000594221        0.00125883
             130.5       0.000591332        0.00125381
             130.9       0.000569991        0.00114298
             131.3       0.000571681        0.00119479
             131.7       0.000542178        0.00112488
             132.1       0.000553406        0.00120625
             132.5       0.000558412         0.0012431
             132.9       0.000535773        0.00114767
             133.3       0.000556818        0.00117614
             133.7       0.000521919        0.00112261
             134.1       0.000529474        0.00120676
             134.5       0.000498081        0.00110453
             134.9       0.000528457        0.00113668
             135.3         0.0005123        0.00110557
             135.7       0.000479376        0.00107695
             136.1        0.00048894        0.00110195
             136.5       0.000481181        0.00103615
             136.9       0.000447256       0.000951044
             137.3       0.000466059       0.000998339
             137.7       0.000496512        0.00112872
             138.1       0.000468936        0.00101138
             138.5       0.000461388        0.00104531
             138.9       0.000460157        0.00102337
             139.3       0.000442712        0.00117582
             139.7       0.000462551        0.00112403
             140.1       0.000432624       0.000941301
             140.5       0.000419432       0.000959496
             140.9       0.000440546       0.000960442
             141.3       0.000418266       0.000991182
             141.7        0.00040929       0.000976342
             142.1       0.000429314        0.00103584
             142.5       0.000406826       0.000962615
             142.9       0.000423129         0.0010232
             143.3         0.0004043        0.00102311
             143.7       0.000392783       0.000960432
             144.1       0.000360842       0.000876488
             144.5       0.000406887        0.00100045
             144.9       0.000364542       0.000875888
             145.3       0.000378379       0.000924613
             145.7       0.000371718       0.000948357
             146.1       0.000354112       0.000867208
             146.5       0.000341896       0.000838613
             146.9       0.000351529        0.00089558
             147.3       0.000354125       0.000905592
             147.7       0.000358635       0.000899586
             148.1       0.000346758       0.000903001
             148.5       0.000358311       0.000893055
             148.9       0.000337078       0.000864244
             149.3       0.000329304         0.0008363
             149.7       0.000330967       0.000803697
             150.1       0.000340675        0.00083531
             150.5       0.000319905       0.000822236
             150.9       0.000322298       0.000866573
             151.3       0.000326767       0.000899334
             151.7        0.00031047       0.000819112
             152.1       0.000324169       0.000903477
             152.5       0.000298154       0.000728558
             152.9       0.000301862       0.000766965
             153.3       0.000297621       0.000790292
             153.7       0.000306196       0.000871396
             154.1       0.000299164       0.000810263
             154.5       0.000291503       0.000779515
             154.9       0.000301251       0.000812248
             155.3       0.000289062       0.000799166
             155.7       0.000295267       0.000850439
             156.1       0.000276857       0.000794214
             156.5       0.000272185       0.000748894
             156.9       0.000282371       0.000823105
             157.3        0.00028816       0.000799348
             157.7       0.000257436       0.000738199
             158.1       0.000272336       0.000789019
             158.5        0.00024299       0.000671818
             158.9       0.000245407        0.00077563
             159.3       0.000247294       0.000706786
             159.7       0.000270724       0.000776826
             160.1       0.000252729       0.000739467
             160.5       0.000255967       0.000759292
             160.9       0.000257196       0.000797891
             161.3       0.000244359       0.000720448
             161.7       0.000243012       0.000767919
             162.1       0.000260508       0.000757578
             162.5       0.000238614       0.000694921
             162.9       0.000203962       0.000615108
             163.3       0.000231103       0.000699711
             163.7       0.000234338       0.000736013
             164.1       0.000228632        0.00064613
             164.5       0.000225207       0.000772094
             164.9       0.000237077        0.00074032
             165.3       0.000237603       0.000785658
             165.7       0.000204206       0.000615488
             166.1       0.000213188       0.000692717
             166.5       0.000193879       0.000623492
             166.9       0.000212864       0.000715572
             167.3       0.000214715        0.00064981
             167.7       0.000207812       0.000682137
             168.1       0.000216407       0.000743157
             168.5       0.000207688        0.00064971
             168.9        0.00019845        0.00065487
             169.3       0.000209594        0.00070848
             169.7       0.000194389       0.000676137
             170.1       0.000194963       0.000644115
             170.5       0.000193694        0.00065529
             170.9       0.000201413        0.00067387
             171.3       0.000179857       0.000617751
             171.7       0.000200205       0.000734086
             172.1       0.000193067       0.000631372
             172.5       0.000175068       0.000590497
             172.9       0.000188282        0.00063541
             173.3       0.000179127       0.000577752
             173.7       0.000158865       0.000519301
             174.1       0.000167112       0.000564175
             174.5       0.000176843       0.000609187
             174.9       0.000164488        0.00060189
             175.3       0.000171492       0.000611802
             175.7       0.000161564       0.000550381
             176.1       0.000150677       0.000522748
             176.5       0.000169749       0.000593363
             176.9       0.000152592       0.000546693
             177.3        0.00015124       0.000531515
             177.7       0.000173844       0.000646102
             178.1        0.00017457       0.000674783
             178.5       0.000169491       0.000612487
             178.9       0.000145447       0.000468062
             179.3       0.000143455       0.000549291
