               0.1          0.781836         0.0587688
               0.5          0.777116         0.0781736
               0.9          0.757811         0.0767908
               1.3          0.759148         0.0674185
               1.7          0.760816          0.068226
               2.1          0.751378         0.0752293
               2.5          0.758382         0.0726456
               2.9           0.75333         0.0760513
               3.3          0.759763         0.0818866
               3.7          0.753253         0.0802792
               4.1          0.759717         0.0702885
               4.5          0.754977         0.0770221
               4.9          0.751913         0.0739427
               5.3          0.757423         0.0728108
               5.7          0.745068         0.0804044
               6.1          0.747592         0.0751896
               6.5          0.749739         0.0754247
               6.9          0.735936         0.0824463
               7.3           0.73441         0.0859973
               7.7           0.73195         0.0850348
               8.1          0.733145         0.0842005
               8.5          0.732099          0.084688
               8.9          0.726983         0.0854012
               9.3          0.724195         0.0914574
               9.7          0.723901         0.0893199
              10.1          0.723456         0.0895814
              10.5          0.715305          0.084176
              10.9           0.71409         0.0865272
              11.3          0.703721         0.0944531
              11.7          0.704759         0.0982817
              12.1          0.697452          0.098126
              12.5          0.694505          0.101317
              12.9          0.687017          0.102373
              13.3          0.680568          0.100898
              13.7          0.675226           0.10255
              14.1          0.666192          0.109292
              14.5          0.667134          0.107704
              14.9          0.649756          0.114918
              15.3          0.641465          0.118139
              15.7          0.637462          0.118532
              16.1          0.622687          0.126465
              16.5          0.611569          0.133045
              16.9          0.606534          0.130828
              17.3          0.582891          0.140331
              17.7          0.570529          0.142148
              18.1          0.558706          0.152563
              18.5          0.539632          0.160695
              18.9          0.509783          0.164768
              19.3          0.483869          0.171924
              19.7          0.466127          0.183601
              20.1          0.442766          0.184024
              20.5           0.41492          0.184944
              20.9          0.386941          0.188633
              21.3          0.368948          0.186421
              21.7          0.350145          0.187155
              22.1          0.324456           0.18218
              22.5          0.300599          0.177081
              22.9          0.285383           0.17964
              23.3          0.255962          0.163257
              23.7          0.247612          0.163231
              24.1          0.234511          0.157657
              24.5          0.218164           0.15167
              24.9          0.200734          0.136807
              25.3          0.185827          0.138124
              25.7           0.17405           0.12896
              26.1          0.166147          0.124025
              26.5          0.151018          0.114996
              26.9          0.139808          0.111169
              27.3          0.130734          0.103595
              27.7          0.122451         0.0981632
              28.1          0.115879         0.0977778
              28.5          0.105925         0.0877892
              28.9          0.103276         0.0910846
              29.3         0.0978804         0.0848128
              29.7         0.0923141         0.0816413
              30.1         0.0865907         0.0755307
              30.5         0.0816795         0.0755838
              30.9         0.0790055         0.0716063
              31.3         0.0750952         0.0694994
              31.7         0.0717947         0.0673305
              32.1         0.0683147         0.0632694
              32.5         0.0625706         0.0596399
              32.9         0.0611359         0.0593726
              33.3         0.0580475         0.0579073
              33.7         0.0549969          0.056201
              34.1         0.0544645          0.052767
              34.5         0.0513059         0.0512752
              34.9          0.049229         0.0518206
              35.3         0.0468673           0.04569
              35.7         0.0456937         0.0471883
              36.1          0.045831         0.0500218
              36.5         0.0416869         0.0429699
              36.9         0.0406434         0.0442246
              37.3         0.0390728         0.0437364
              37.7         0.0369197         0.0419028
              38.1         0.0361227         0.0393814
              38.5         0.0337346         0.0373954
              38.9         0.0347348         0.0394515
              39.3         0.0329048         0.0351567
              39.7         0.0311897         0.0371208
              40.1         0.0292421         0.0339174
              40.5         0.0297549         0.0349613
              40.9         0.0276241         0.0317047
              41.3         0.0270859         0.0316956
              41.7         0.0250123         0.0289981
              42.1         0.0249638         0.0301758
              42.5         0.0245222         0.0295191
              42.9         0.0242252          0.028244
              43.3         0.0229286         0.0280781
              43.7         0.0209509         0.0266721
              44.1         0.0212779         0.0254032
              44.5         0.0223631         0.0281548
              44.9         0.0208861          0.025036
              45.3         0.0199683         0.0250315
              45.7         0.0198872         0.0258502
              46.1         0.0185665         0.0233913
              46.5         0.0187819         0.0247969
              46.9           0.01709         0.0219248
              47.3         0.0170205         0.0223873
              47.7         0.0169008          0.021451
              48.1         0.0164923         0.0214262
              48.5          0.016341         0.0220576
              48.9         0.0153865         0.0208852
              49.3          0.014815         0.0194704
              49.7         0.0147381         0.0207281
              50.1         0.0144314         0.0198005
              50.5         0.0149787         0.0210906
              50.9         0.0135297          0.017865
              51.3         0.0135158         0.0185022
              51.7         0.0134162         0.0185889
              52.1         0.0127663         0.0178177
              52.5         0.0124213         0.0176961
              52.9         0.0119704         0.0166194
              53.3         0.0122874         0.0180391
              53.7         0.0115736         0.0162209
              54.1         0.0111371         0.0157178
              54.5         0.0111212         0.0165072
              54.9         0.0107318         0.0162408
              55.3         0.0102072         0.0150069
              55.7          0.010507         0.0158919
              56.1         0.0101317         0.0148707
              56.5         0.0103008         0.0151665
              56.9        0.00956525         0.0155861
              57.3        0.00955507         0.0140739
              57.7        0.00939704          0.013553
              58.1        0.00897874         0.0132597
              58.5        0.00907319         0.0154208
              58.9        0.00878888         0.0134987
              59.3        0.00874308         0.0131367
              59.7         0.0084145         0.0134789
              60.1        0.00828583         0.0123241
              60.5         0.0078308         0.0123486
              60.9        0.00782949         0.0118239
              61.3        0.00795783         0.0129806
              61.7        0.00718339          0.011175
              62.1        0.00729091         0.0116855
              62.5        0.00728489         0.0110646
              62.9        0.00694283         0.0115546
              63.3         0.0072758         0.0124524
              63.7        0.00679923         0.0107525
              64.1        0.00678538         0.0117743
              64.5        0.00636556         0.0108575
              64.9        0.00620892         0.0107579
              65.3        0.00623366         0.0104099
              65.7        0.00638741         0.0108845
              66.1        0.00610753         0.0105871
              66.5        0.00597639         0.0100778
              66.9        0.00585361          0.010015
              67.3        0.00597738         0.0104879
              67.7         0.0055397        0.00962968
              68.1        0.00559041        0.00954248
              68.5        0.00552902        0.00981014
              68.9         0.0053176        0.00960547
              69.3        0.00504209        0.00916001
              69.7        0.00519141        0.00947973
              70.1        0.00506048        0.00926125
              70.5        0.00471731        0.00836614
              70.9        0.00505907        0.00900232
              71.3        0.00467782        0.00836268
              71.7        0.00476703        0.00876911
              72.1        0.00469517        0.00904831
              72.5        0.00474947        0.00888679
              72.9        0.00433461          0.008368
              73.3        0.00438206        0.00812271
              73.7        0.00421986        0.00788424
              74.1        0.00408101        0.00786147
              74.5        0.00416667        0.00782782
              74.9        0.00400897        0.00789517
              75.3        0.00378283        0.00752913
              75.7        0.00400933        0.00810797
              76.1        0.00394487        0.00777707
              76.5        0.00381042        0.00761991
              76.9        0.00382679        0.00711339
              77.3        0.00373311        0.00814906
              77.7        0.00360204        0.00680966
              78.1         0.0036463        0.00742728
              78.5        0.00334511        0.00680722
              78.9        0.00359402        0.00723386
              79.3        0.00334105        0.00660389
              79.7         0.0033974        0.00697082
              80.1        0.00338484        0.00705071
              80.5         0.0030633        0.00625582
              80.9        0.00322575         0.0064607
              81.3        0.00323407        0.00701601
              81.7        0.00297472        0.00650002
              82.1        0.00303358        0.00642829
              82.5        0.00300254        0.00630532
              82.9        0.00283924        0.00620782
              83.3        0.00274064        0.00611254
              83.7        0.00293927        0.00645231
              84.1        0.00276558        0.00670618
              84.5         0.0028314        0.00620176
              84.9        0.00271837        0.00608107
              85.3        0.00274034        0.00641526
              85.7        0.00262949        0.00607728
              86.1        0.00245551        0.00551828
              86.5        0.00248649        0.00573901
              86.9         0.0025654        0.00580055
              87.3        0.00243074        0.00616027
              87.7        0.00240884        0.00535809
              88.1        0.00238111        0.00561234
              88.5        0.00227104        0.00548698
              88.9        0.00241222        0.00602561
              89.3        0.00226184        0.00567934
              89.7        0.00233707        0.00527674
              90.1        0.00218822         0.0052352
              90.5           0.00222        0.00563758
              90.9        0.00216442        0.00540452
              91.3        0.00229745         0.0058386
              91.7        0.00201013        0.00488177
              92.1        0.00214273         0.0057497
              92.5        0.00201759        0.00494494
              92.9        0.00205153        0.00520217
              93.3        0.00176212        0.00496497
              93.7         0.0019175        0.00491442
              94.1        0.00203576        0.00498968
              94.5        0.00190824        0.00498094
              94.9        0.00181055        0.00467098
              95.3        0.00183648        0.00512639
              95.7        0.00186708        0.00520647
              96.1        0.00175299        0.00444106
              96.5        0.00175779        0.00460098
              96.9        0.00173595         0.0045217
              97.3        0.00165495        0.00450314
              97.7        0.00171955        0.00449852
              98.1        0.00170036        0.00448837
              98.5        0.00165053        0.00430121
              98.9        0.00147148        0.00376779
              99.3        0.00166817         0.0047722
              99.7        0.00151931        0.00415156
             100.1        0.00158914        0.00463274
             100.5        0.00162406        0.00520786
             100.9        0.00153734        0.00420612
             101.3        0.00152883        0.00438174
             101.7        0.00142047        0.00391555
             102.1        0.00141381        0.00416619
             102.5        0.00145099        0.00424998
             102.9        0.00136786        0.00396014
             103.3        0.00144795        0.00425361
             103.7         0.0012758        0.00405378
             104.1        0.00134592         0.0040169
             104.5         0.0013584        0.00399177
             104.9        0.00127897        0.00403625
             105.3        0.00135469        0.00454404
             105.7        0.00128258        0.00392714
             106.1        0.00133318         0.0040836
             106.5        0.00126459         0.0038424
             106.9        0.00122396        0.00344141
             107.3        0.00121934        0.00380068
             107.7        0.00125762        0.00426165
             108.1        0.00120983        0.00383698
             108.5        0.00118309        0.00360769
             108.9        0.00122738        0.00422883
             109.3        0.00107106        0.00341179
             109.7        0.00112914        0.00375658
             110.1        0.00107237        0.00345725
             110.5        0.00114613        0.00378412
             110.9        0.00100971          0.003262
             111.3        0.00102089        0.00328379
             111.7       0.000940348        0.00296644
             112.1        0.00102508        0.00323583
             112.5        0.00104468         0.0033462
             112.9        0.00101923        0.00348255
             113.3        0.00101431        0.00333477
             113.7       0.000939481        0.00304997
             114.1       0.000896615         0.0029621
             114.5        0.00093002         0.0032012
             114.9       0.000933855        0.00309238
             115.3       0.000956878        0.00366235
             115.7       0.000901759        0.00312215
             116.1       0.000947294        0.00346983
             116.5       0.000890107        0.00293083
             116.9       0.000854862        0.00303463
             117.3       0.000839331        0.00298286
             117.7       0.000801916        0.00258582
             118.1        0.00082198        0.00311262
             118.5       0.000836591        0.00296705
             118.9       0.000852545         0.0030188
             119.3       0.000794597        0.00292207
             119.7       0.000827629         0.0032478
             120.1        0.00078553        0.00296743
             120.5       0.000787512        0.00286377
             120.9       0.000813885        0.00312487
             121.3       0.000749626        0.00281279
             121.7       0.000737268        0.00294378
             122.1       0.000730563        0.00287065
             122.5       0.000740431         0.0027684
             122.9       0.000714937        0.00258078
             123.3       0.000740854        0.00269447
             123.7       0.000730333        0.00259904
             124.1       0.000677055        0.00259271
             124.5       0.000700644        0.00258045
             124.9        0.00071447        0.00282941
             125.3       0.000703942        0.00279785
             125.7       0.000618364         0.0023774
             126.1       0.000702298        0.00272392
             126.5       0.000652398        0.00257776
             126.9       0.000698527        0.00283329
             127.3       0.000608628        0.00232383
             127.7       0.000621164        0.00250891
             128.1       0.000678199        0.00258814
             128.5       0.000617912        0.00226642
             128.9       0.000648959        0.00272898
             129.3       0.000600334        0.00244857
             129.7       0.000593978         0.0024898
             130.1       0.000560304        0.00213263
             130.5       0.000603899        0.00254349
             130.9       0.000609825        0.00261541
             131.3        0.00055958        0.00229187
             131.7        0.00054372        0.00236578
             132.1       0.000594051        0.00269269
             132.5        0.00049159         0.0018712
             132.9       0.000538899        0.00221392
             133.3       0.000512281        0.00208242
             133.7       0.000548753        0.00226481
             134.1       0.000513102        0.00212856
             134.5       0.000498027         0.0020793
             134.9       0.000545946        0.00237718
             135.3       0.000523682        0.00239158
             135.7       0.000494678        0.00218747
             136.1       0.000490059        0.00233291
             136.5       0.000491202        0.00225702
             136.9       0.000499406        0.00224923
             137.3       0.000530715        0.00233258
             137.7       0.000478774        0.00222382
             138.1       0.000436661         0.0020215
             138.5        0.00045921        0.00228184
             138.9        0.00048623        0.00229555
             139.3       0.000514679         0.0023652
             139.7       0.000480043        0.00239398
             140.1       0.000442486        0.00222107
             140.5       0.000416537        0.00188508
             140.9       0.000428491        0.00208875
             141.3       0.000429043        0.00189234
             141.7       0.000403839        0.00194869
             142.1       0.000427945        0.00209145
             142.5       0.000409478        0.00192285
             142.9       0.000443461        0.00227368
             143.3        0.00040411        0.00212166
             143.7       0.000389967        0.00182349
             144.1       0.000335478        0.00180942
             144.5       0.000400068         0.0020183
             144.9       0.000395832        0.00192255
             145.3       0.000399476        0.00190335
             145.7       0.000320255        0.00161078
             146.1       0.000380948        0.00184969
             146.5       0.000336048        0.00174491
             146.9       0.000393139        0.00195768
             147.3       0.000341061        0.00188105
             147.7       0.000368972        0.00169796
             148.1       0.000382654        0.00197996
             148.5        0.00033426        0.00179121
             148.9       0.000356694        0.00203895
             149.3       0.000331722        0.00176243
             149.7       0.000356665        0.00183453
             150.1       0.000409311        0.00295182
             150.5       0.000323744        0.00173306
             150.9        0.00033609        0.00196976
             151.3       0.000321977        0.00175204
             151.7       0.000341793         0.0020116
             152.1       0.000302411        0.00162394
             152.5       0.000290353        0.00169943
             152.9       0.000321427        0.00165302
             153.3       0.000304723        0.00168614
             153.7       0.000317327        0.00174711
             154.1       0.000295597        0.00184103
             154.5       0.000292589        0.00166302
             154.9       0.000315869        0.00196486
             155.3       0.000351277        0.00335825
             155.7        0.00029757        0.00173041
             156.1       0.000284753        0.00150625
             156.5        0.00026045        0.00137842
             156.9       0.000267293        0.00149494
             157.3       0.000274269        0.00153781
             157.7       0.000280826        0.00156138
             158.1       0.000241099        0.00125563
             158.5       0.000264301        0.00153417
             158.9       0.000268709        0.00170074
             159.3       0.000275439        0.00173265
             159.7       0.000287243        0.00196696
             160.1       0.000249179        0.00150505
             160.5       0.000242785        0.00140345
             160.9       0.000247565        0.00157495
             161.3       0.000243395        0.00137749
             161.7       0.000268707        0.00147833
             162.1       0.000285068        0.00198351
             162.5       0.000215883        0.00126271
             162.9       0.000245176        0.00159407
             163.3       0.000243837        0.00147987
             163.7        0.00023658        0.00132796
             164.1       0.000218047        0.00128296
             164.5       0.000212413        0.00131361
             164.9       0.000195124        0.00115774
             165.3       0.000201609        0.00132883
             165.7       0.000215391        0.00145774
             166.1       0.000228419         0.0014083
             166.5       0.000228229        0.00162956
             166.9       0.000210512        0.00137988
             167.3       0.000202483        0.00145806
             167.7        0.00021431        0.00134724
             168.1       0.000227705        0.00160324
             168.5       0.000214637         0.0014809
             168.9       0.000224456        0.00153425
             169.3       0.000219952        0.00149179
             169.7       0.000253117        0.00159551
             170.1       0.000207328        0.00131777
             170.5         0.0002118        0.00137249
             170.9       0.000184671         0.0011336
             171.3       0.000201946        0.00132818
             171.7       0.000172009        0.00115522
             172.1       0.000184017        0.00130336
             172.5       0.000201993        0.00149529
             172.9       0.000167133        0.00113556
             173.3       0.000199344        0.00136073
             173.7       0.000173029        0.00116399
             174.1       0.000179282        0.00119145
             174.5       0.000172214        0.00104279
             174.9       0.000161169        0.00147093
             175.3       0.000185903        0.00133148
             175.7       0.000164821        0.00116347
             176.1        0.00018781        0.00186543
             176.5       0.000165342        0.00114295
             176.9       0.000171746        0.00131606
             177.3       0.000202096        0.00148301
             177.7       0.000135915        0.00103558
             178.1       0.000147405       0.000977663
             178.5       0.000174359        0.00129291
             178.9       0.000157719        0.00107405
             179.3        0.00015412        0.00129847
