               0.1          0.685913         0.0939983
               0.5          0.769808         0.0402317
               0.9          0.762113         0.0529074
               1.3          0.759691         0.0569958
               1.7          0.755035         0.0578853
               2.1          0.766935         0.0572045
               2.5          0.755752         0.0754161
               2.9          0.755506         0.0574824
               3.3          0.761178         0.0608053
               3.7          0.756698          0.057687
               4.1          0.755458         0.0594981
               4.5          0.750271         0.0619555
               4.9          0.752881         0.0612321
               5.3          0.751711         0.0628064
               5.7          0.751419         0.0620979
               6.1          0.748143         0.0651002
               6.5          0.744373         0.0628299
               6.9          0.746781         0.0606012
               7.3          0.743906         0.0648402
               7.7          0.741197         0.0629518
               8.1          0.734026         0.0675189
               8.5          0.737636         0.0683322
               8.9          0.730227         0.0692785
               9.3          0.729041         0.0682855
               9.7          0.725735         0.0713276
              10.1          0.722012         0.0716697
              10.5          0.717546         0.0721258
              10.9           0.70933         0.0732517
              11.3          0.708927         0.0824433
              11.7          0.703254         0.0792956
              12.1          0.697554          0.082241
              12.5          0.695803         0.0832678
              12.9          0.683589         0.0822803
              13.3          0.681732         0.0905514
              13.7          0.672746          0.087066
              14.1          0.672245         0.0924576
              14.5          0.659264         0.0954958
              14.9          0.655472         0.0951469
              15.3          0.645116         0.0971194
              15.7          0.635887          0.102739
              16.1          0.622351          0.104579
              16.5          0.612723          0.112412
              16.9          0.597991          0.118264
              17.3           0.58765          0.117675
              17.7          0.581084          0.126279
              18.1           0.55901          0.133679
              18.5          0.543686          0.134527
              18.9          0.520936          0.145205
              19.3           0.48425          0.160144
              19.7           0.46723          0.166025
              20.1          0.438577          0.168462
              20.5          0.419754          0.172531
              20.9          0.381932          0.175467
              21.3          0.365975          0.173266
              21.7          0.350201           0.17213
              22.1          0.322133          0.170918
              22.5          0.292356          0.164887
              22.9          0.283936          0.160028
              23.3          0.266235          0.153301
              23.7          0.250586          0.145893
              24.1          0.232681          0.142813
              24.5           0.21695           0.13546
              24.9          0.199913           0.12426
              25.3          0.186738           0.11858
              25.7          0.175913          0.115965
              26.1          0.159933          0.107249
              26.5          0.147382          0.101855
              26.9          0.136148         0.0942208
              27.3          0.130491         0.0882829
              27.7          0.123841          0.085402
              28.1          0.114323         0.0831787
              28.5          0.107896         0.0734969
              28.9          0.103138         0.0741289
              29.3         0.0954864         0.0660546
              29.7         0.0922678         0.0673198
              30.1         0.0884355         0.0665822
              30.5         0.0812713         0.0628424
              30.9         0.0771119         0.0571818
              31.3         0.0715848         0.0542628
              31.7         0.0677167         0.0526459
              32.1         0.0667506         0.0532449
              32.5          0.065643         0.0517225
              32.9         0.0604248         0.0488239
              33.3         0.0584621         0.0462621
              33.7         0.0567111         0.0466377
              34.1         0.0535079         0.0458916
              34.5         0.0504961         0.0411574
              34.9         0.0501842         0.0433163
              35.3         0.0486567         0.0425414
              35.7         0.0440757         0.0382373
              36.1         0.0433761         0.0384889
              36.5          0.041312         0.0351286
              36.9         0.0408496         0.0382728
              37.3         0.0386967         0.0348271
              37.7         0.0361946         0.0307157
              38.1         0.0358386         0.0332365
              38.5         0.0346234           0.03063
              38.9         0.0336131         0.0300987
              39.3          0.032148         0.0291534
              39.7         0.0311859         0.0290552
              40.1         0.0305492         0.0292624
              40.5         0.0290105         0.0284731
              40.9         0.0282408          0.026014
              41.3         0.0268208         0.0262038
              41.7         0.0254877         0.0255745
              42.1          0.024947          0.024686
              42.5         0.0242656          0.024247
              42.9         0.0237695         0.0238485
              43.3          0.023381         0.0224418
              43.7         0.0219422         0.0216459
              44.1         0.0214547         0.0213938
              44.5         0.0213567         0.0223558
              44.9         0.0209852         0.0216326
              45.3         0.0193195         0.0200312
              45.7         0.0195581         0.0204222
              46.1         0.0187579         0.0192447
              46.5         0.0181794         0.0187344
              46.9         0.0174994         0.0186863
              47.3         0.0169437         0.0182023
              47.7         0.0165614          0.017502
              48.1         0.0165472         0.0173848
              48.5          0.015762         0.0171898
              48.9         0.0154207         0.0164724
              49.3         0.0150133         0.0169373
              49.7         0.0146884         0.0156956
              50.1         0.0140442         0.0150416
              50.5         0.0142926         0.0166793
              50.9          0.013987         0.0154693
              51.3         0.0136491         0.0158406
              51.7         0.0130719         0.0151779
              52.1         0.0127854         0.0145201
              52.5         0.0119757         0.0146696
              52.9         0.0123052         0.0141583
              53.3         0.0117166           0.01321
              53.7         0.0114376         0.0135272
              54.1         0.0114311         0.0144261
              54.5         0.0110973         0.0127974
              54.9         0.0109085         0.0125441
              55.3         0.0104879         0.0123924
              55.7         0.0105961         0.0126418
              56.1        0.00999107         0.0121838
              56.5          0.010023         0.0131607
              56.9        0.00978128          0.011447
              57.3        0.00948659          0.011566
              57.7        0.00938768         0.0113555
              58.1        0.00910879          0.011676
              58.5        0.00868547         0.0108612
              58.9        0.00875478         0.0107327
              59.3        0.00870986         0.0110488
              59.7        0.00835846         0.0104796
              60.1        0.00817527         0.0109733
              60.5        0.00800673         0.0107112
              60.9        0.00790641         0.0108245
              61.3        0.00776232         0.0102389
              61.7        0.00740557        0.00959657
              62.1        0.00738172        0.00951244
              62.5          0.007309        0.00968302
              62.9        0.00706242        0.00923785
              63.3        0.00682299        0.00868208
              63.7        0.00696055        0.00985573
              64.1         0.0062599        0.00849953
              64.5        0.00667233         0.0089033
              64.9        0.00638857        0.00912153
              65.3        0.00625606        0.00843333
              65.7        0.00602325        0.00843359
              66.1        0.00617159        0.00887984
              66.5        0.00616545        0.00853906
              66.9        0.00574625        0.00789089
              67.3        0.00582153        0.00846852
              67.7        0.00548774        0.00750022
              68.1        0.00555872        0.00803754
              68.5        0.00534469        0.00778106
              68.9        0.00526201        0.00737256
              69.3        0.00503173        0.00713581
              69.7        0.00506677        0.00753848
              70.1        0.00506787        0.00744703
              70.5        0.00482143        0.00722888
              70.9        0.00492223        0.00732335
              71.3        0.00472807        0.00710421
              71.7        0.00452545        0.00666256
              72.1        0.00470671         0.0073661
              72.5        0.00439272        0.00673897
              72.9        0.00450309        0.00683039
              73.3        0.00444061        0.00686623
              73.7        0.00434687        0.00672643
              74.1        0.00412317        0.00619121
              74.5        0.00437775        0.00759417
              74.9        0.00407177        0.00654387
              75.3         0.0039221        0.00623178
              75.7        0.00379104        0.00607667
              76.1        0.00390756         0.0063013
              76.5        0.00375204        0.00571803
              76.9        0.00363766        0.00579487
              77.3        0.00376495        0.00705313
              77.7        0.00350649        0.00579686
              78.1        0.00362202        0.00619264
              78.5        0.00359254        0.00609853
              78.9        0.00343616        0.00576956
              79.3        0.00349079        0.00576998
              79.7        0.00337801        0.00581532
              80.1        0.00338312        0.00595859
              80.5        0.00329475        0.00591074
              80.9        0.00323096        0.00553329
              81.3        0.00303081        0.00567401
              81.7        0.00313232        0.00556275
              82.1        0.00304524        0.00540487
              82.5        0.00286681        0.00491496
              82.9        0.00306462         0.0055469
              83.3        0.00295088        0.00514736
              83.7        0.00284644        0.00529543
              84.1        0.00286142        0.00496879
              84.5        0.00271452        0.00480226
              84.9        0.00247165        0.00443841
              85.3        0.00264468        0.00478134
              85.7        0.00265364        0.00497212
              86.1         0.0027956        0.00518006
              86.5        0.00246137        0.00435716
              86.9        0.00256528        0.00485362
              87.3        0.00246151        0.00466748
              87.7        0.00240224        0.00473779
              88.1        0.00238766         0.0046089
              88.5        0.00232427         0.0046919
              88.9        0.00230253        0.00453996
              89.3        0.00234139        0.00473166
              89.7        0.00219776         0.0044058
              90.1        0.00226085        0.00460282
              90.5        0.00214554        0.00423044
              90.9        0.00223292        0.00451066
              91.3        0.00197669        0.00411202
              91.7        0.00202158        0.00395842
              92.1        0.00209889        0.00427259
              92.5        0.00190824         0.0038159
              92.9         0.0019571        0.00408455
              93.3        0.00193071        0.00400236
              93.7        0.00196648        0.00410672
              94.1        0.00186769        0.00410682
              94.5        0.00191226        0.00396347
              94.9        0.00179022        0.00362604
              95.3        0.00181515        0.00379048
              95.7        0.00177924        0.00389307
              96.1         0.0017501        0.00371889
              96.5         0.0017503         0.0039087
              96.9         0.0017152        0.00365057
              97.3         0.0016948        0.00354472
              97.7        0.00168449        0.00362727
              98.1        0.00176656        0.00411466
              98.5        0.00155523        0.00343711
              98.9        0.00164624          0.003567
              99.3        0.00159782        0.00368897
              99.7        0.00155655        0.00341897
             100.1        0.00160158        0.00375666
             100.5        0.00155681        0.00365038
             100.9        0.00150223        0.00361292
             101.3        0.00145757        0.00328432
             101.7        0.00147408         0.0034606
             102.1         0.0013884         0.0031525
             102.5        0.00146899        0.00366438
             102.9        0.00142092        0.00347699
             103.3         0.0014093         0.0034506
             103.7        0.00135479        0.00312228
             104.1        0.00139459         0.0034457
             104.5         0.0013311        0.00315085
             104.9        0.00128245        0.00295275
             105.3        0.00134766        0.00335333
             105.7        0.00126196        0.00312688
             106.1        0.00126404          0.003023
             106.5        0.00122132        0.00299966
             106.9        0.00121822        0.00309024
             107.3        0.00120754        0.00312919
             107.7        0.00114594        0.00290409
             108.1        0.00116398        0.00301446
             108.5        0.00110587        0.00276486
             108.9        0.00115441         0.0030265
             109.3         0.0010933        0.00308109
             109.7        0.00109798         0.0028199
             110.1       0.000993975        0.00263855
             110.5        0.00112294        0.00302635
             110.9        0.00108304        0.00323926
             111.3        0.00113268        0.00318624
             111.7        0.00106988        0.00282072
             112.1        0.00108157        0.00295254
             112.5       0.000999069        0.00263226
             112.9       0.000952684        0.00259938
             113.3       0.000993449        0.00277608
             113.7       0.000967162        0.00264342
             114.1        0.00100744        0.00314407
             114.5        0.00091173        0.00254384
             114.9       0.000901684        0.00266498
             115.3       0.000922909         0.0026819
             115.7       0.000917711        0.00264275
             116.1       0.000920792        0.00264349
             116.5       0.000852439        0.00238536
             116.9       0.000889675        0.00248612
             117.3       0.000872339        0.00251247
             117.7       0.000911227        0.00253775
             118.1       0.000820581        0.00235445
             118.5       0.000801336        0.00243653
             118.9       0.000830757         0.0025293
             119.3       0.000818076        0.00237382
             119.7       0.000850514        0.00248877
             120.1       0.000797464        0.00246129
             120.5       0.000791231        0.00260915
             120.9       0.000819137         0.0025893
             121.3        0.00079566        0.00234975
             121.7       0.000746812        0.00225035
             122.1       0.000740304        0.00227537
             122.5       0.000785138        0.00248435
             122.9       0.000702324        0.00216522
             123.3       0.000727744        0.00220551
             123.7       0.000734615        0.00226577
             124.1       0.000692937        0.00206247
             124.5       0.000636695        0.00180718
             124.9       0.000691933        0.00223352
             125.3       0.000664591        0.00215361
             125.7       0.000707465        0.00225229
             126.1       0.000618584        0.00201608
             126.5       0.000673424        0.00230265
             126.9       0.000646663        0.00208343
             127.3       0.000646398        0.00207872
             127.7       0.000644699         0.0020659
             128.1       0.000627274        0.00215835
             128.5       0.000584223        0.00188787
             128.9       0.000583586        0.00200926
             129.3       0.000632704         0.0021886
             129.7       0.000581532        0.00205476
             130.1       0.000560664        0.00200788
             130.5       0.000570022        0.00187111
             130.9       0.000555385        0.00181245
             131.3        0.00060123        0.00217052
             131.7         0.0005392        0.00186762
             132.1       0.000579777        0.00203138
             132.5       0.000571913        0.00202821
             132.9       0.000533565        0.00184627
             133.3       0.000530832        0.00200822
             133.7       0.000493956        0.00182579
             134.1       0.000565086        0.00202894
             134.5       0.000535555        0.00187594
             134.9        0.00055141        0.00195899
             135.3       0.000518647        0.00187598
             135.7       0.000522001        0.00197176
             136.1        0.00048149        0.00174958
             136.5       0.000515983        0.00198715
             136.9       0.000445793         0.0017087
             137.3       0.000510039        0.00195657
             137.7       0.000433567        0.00165445
             138.1       0.000466979         0.0016855
             138.5       0.000439435        0.00157184
             138.9       0.000463707        0.00180369
             139.3       0.000444153        0.00169927
             139.7       0.000436705        0.00170775
             140.1       0.000447344        0.00167741
             140.5       0.000461594        0.00191555
             140.9       0.000408419         0.0015685
             141.3       0.000394702        0.00159992
             141.7       0.000446113        0.00163025
             142.1       0.000427795        0.00162963
             142.5       0.000449484        0.00174105
             142.9       0.000394783        0.00149456
             143.3       0.000437945        0.00182268
             143.7       0.000398705        0.00152278
             144.1       0.000390065         0.0016339
             144.5       0.000398386        0.00187085
             144.9       0.000424515        0.00166636
             145.3       0.000359303        0.00160926
             145.7       0.000367098        0.00166389
             146.1       0.000360304        0.00147554
             146.5       0.000371442        0.00154043
             146.9       0.000322711        0.00132219
             147.3       0.000391199        0.00166828
             147.7       0.000346075        0.00144994
             148.1       0.000345405        0.00154327
             148.5       0.000339758        0.00145471
             148.9       0.000349614        0.00144669
             149.3       0.000370037        0.00165129
             149.7        0.00033567        0.00137132
             150.1       0.000345843        0.00147307
             150.5       0.000285566        0.00121169
             150.9       0.000318498        0.00134228
             151.3       0.000344641        0.00146822
             151.7       0.000337322        0.00141863
             152.1       0.000318698         0.0012816
             152.5       0.000293848        0.00124724
             152.9       0.000313515        0.00151498
             153.3       0.000296842        0.00135689
             153.7       0.000314084        0.00137384
             154.1       0.000326215        0.00150368
             154.5        0.00029064        0.00127817
             154.9       0.000284053        0.00125467
             155.3       0.000307149          0.001288
             155.7       0.000277198        0.00140578
             156.1       0.000304492        0.00142132
             156.5       0.000263168        0.00117956
             156.9        0.00026662        0.00113763
             157.3       0.000264818        0.00121981
             157.7       0.000274069        0.00122869
             158.1       0.000298118         0.0014584
             158.5       0.000263007        0.00144752
             158.9       0.000245165        0.00115463
             159.3        0.00023214       0.000991269
             159.7       0.000282421        0.00137155
             160.1       0.000276093         0.0014148
             160.5       0.000271749        0.00125418
             160.9       0.000266691         0.0013704
             161.3       0.000235505        0.00139236
             161.7       0.000291071        0.00172351
             162.1       0.000227095        0.00114448
             162.5       0.000242316        0.00118037
             162.9       0.000220083        0.00110289
             163.3       0.000224159        0.00121173
             163.7       0.000224092        0.00106671
             164.1       0.000241477        0.00122644
             164.5       0.000236786        0.00116398
             164.9       0.000223007        0.00112881
             165.3       0.000209314        0.00110475
             165.7       0.000216917        0.00109998
             166.1       0.000234724        0.00115113
             166.5       0.000200892        0.00107695
             166.9       0.000210005       0.000984299
             167.3       0.000221205        0.00116342
             167.7       0.000205342        0.00100243
             168.1       0.000223573        0.00118987
             168.5       0.000220927         0.0011671
             168.9       0.000201649        0.00105709
             169.3       0.000198303        0.00106763
             169.7       0.000206687        0.00108163
             170.1       0.000185338        0.00102821
             170.5       0.000182913        0.00115186
             170.9       0.000206767        0.00127436
             171.3       0.000176795        0.00088119
             171.7        0.00019512        0.00108608
             172.1       0.000183555        0.00102828
             172.5       0.000197677         0.0011185
             172.9       0.000184281        0.00100121
             173.3       0.000189995        0.00146629
             173.7       0.000188585       0.000960516
             174.1       0.000184745         0.0010334
             174.5       0.000170038        0.00103493
             174.9       0.000202569        0.00115739
             175.3       0.000176578       0.000931669
             175.7       0.000162846       0.000956474
             176.1       0.000192431        0.00108322
             176.5       0.000193635        0.00118054
             176.9       0.000159473       0.000935849
             177.3       0.000163914       0.000887883
             177.7        0.00017038       0.000939362
             178.1       0.000184967        0.00117451
             178.5       0.000177762        0.00123638
             178.9       0.000182246        0.00112883
             179.3       0.000157506        0.00108239
