               0.1          0.763274         0.0577153
               0.5          0.770858         0.0564815
               0.9          0.756944         0.0754545
               1.3          0.756285         0.0617986
               1.7            0.7569         0.0593081
               2.1          0.751484         0.0632841
               2.5          0.759019         0.0668074
               2.9          0.756965         0.0671653
               3.3          0.759627         0.0617578
               3.7          0.758287         0.0687655
               4.1          0.753304         0.0667231
               4.5          0.756132         0.0609738
               4.9          0.751086          0.072052
               5.3          0.753685         0.0678959
               5.7          0.744744         0.0672962
               6.1          0.750143         0.0708336
               6.5          0.744296         0.0688984
               6.9          0.742853         0.0697526
               7.3          0.738663         0.0744204
               7.7          0.736772         0.0704944
               8.1           0.73543         0.0819777
               8.5          0.736006         0.0757284
               8.9          0.734839          0.075016
               9.3             0.735         0.0733462
               9.7          0.726207         0.0784899
              10.1          0.719563         0.0783422
              10.5           0.71863         0.0835022
              10.9           0.71626         0.0787931
              11.3          0.703351         0.0850458
              11.7          0.701214         0.0860123
              12.1          0.705301         0.0840069
              12.5          0.696429         0.0886461
              12.9          0.685856         0.0894141
              13.3          0.676382         0.0899446
              13.7          0.680358          0.100236
              14.1          0.663962          0.100801
              14.5          0.663749          0.103196
              14.9          0.651805          0.105867
              15.3          0.644185          0.106331
              15.7          0.632283          0.108431
              16.1          0.623117          0.117083
              16.5           0.61294          0.114556
              16.9          0.602562          0.122449
              17.3          0.585494          0.126182
              17.7          0.584184          0.131579
              18.1          0.563507          0.135747
              18.5          0.542001          0.143722
              18.9          0.521026          0.151503
              19.3          0.497625          0.164446
              19.7          0.459645          0.168413
              20.1          0.443657          0.172123
              20.5          0.411262          0.175461
              20.9          0.383502          0.174875
              21.3          0.363499          0.177751
              21.7          0.350655          0.177537
              22.1          0.331283          0.174433
              22.5          0.299945          0.170179
              22.9          0.288063          0.165662
              23.3          0.260593          0.160368
              23.7          0.252358           0.15544
              24.1          0.232272          0.148634
              24.5          0.215022          0.141783
              24.9          0.198998          0.134183
              25.3          0.189667          0.128259
              25.7          0.171234          0.122784
              26.1          0.161546          0.116385
              26.5          0.149878           0.10731
              26.9          0.140806          0.102355
              27.3          0.129458         0.0956926
              27.7          0.123481         0.0908451
              28.1          0.114909          0.085191
              28.5          0.111749         0.0872112
              28.9          0.100892          0.078777
              29.3         0.0969257         0.0761051
              29.7         0.0898068         0.0711447
              30.1         0.0857837         0.0676876
              30.5         0.0819899         0.0660634
              30.9         0.0761759         0.0641324
              31.3         0.0763429         0.0660419
              31.7         0.0696822         0.0609358
              32.1         0.0661195         0.0542479
              32.5         0.0632045         0.0535166
              32.9         0.0617361         0.0531344
              33.3         0.0572335         0.0505456
              33.7         0.0549777         0.0488606
              34.1         0.0528759         0.0482434
              34.5         0.0510197         0.0449121
              34.9          0.049963         0.0453638
              35.3         0.0475252          0.043785
              35.7         0.0449879         0.0424813
              36.1         0.0437314         0.0419789
              36.5         0.0430256         0.0417249
              36.9         0.0403618          0.038728
              37.3         0.0403447         0.0403338
              37.7         0.0365614         0.0343863
              38.1         0.0344621         0.0334621
              38.5         0.0352562         0.0354791
              38.9         0.0334517         0.0319151
              39.3         0.0319329         0.0308999
              39.7         0.0308871         0.0325608
              40.1         0.0294274         0.0314066
              40.5         0.0276151          0.027289
              40.9         0.0272997         0.0294357
              41.3         0.0271758         0.0279578
              41.7         0.0258981         0.0280026
              42.1         0.0259998         0.0285392
              42.5          0.024117         0.0249254
              42.9         0.0238226         0.0255726
              43.3         0.0227683         0.0235978
              43.7         0.0225427         0.0251118
              44.1         0.0217346          0.023487
              44.5         0.0204565         0.0232801
              44.9         0.0205325         0.0236875
              45.3         0.0206604         0.0224281
              45.7         0.0198003         0.0225195
              46.1         0.0187086         0.0214226
              46.5         0.0188714         0.0238004
              46.9         0.0172151         0.0197425
              47.3         0.0166745         0.0193446
              47.7          0.016084         0.0186019
              48.1          0.016823         0.0194964
              48.5          0.015806         0.0182251
              48.9         0.0153537         0.0179207
              49.3         0.0154401          0.018225
              49.7         0.0147696         0.0170954
              50.1           0.01436         0.0179475
              50.5         0.0148121         0.0175861
              50.9         0.0130875          0.016285
              51.3         0.0136397         0.0183058
              51.7         0.0133974         0.0168779
              52.1         0.0129596         0.0163628
              52.5         0.0125328          0.015518
              52.9         0.0124459         0.0159329
              53.3         0.0119716         0.0143412
              53.7         0.0116288         0.0141739
              54.1         0.0111295         0.0142708
              54.5          0.010893          0.014354
              54.9         0.0106268         0.0137478
              55.3         0.0107592         0.0141263
              55.7         0.0100907         0.0123922
              56.1         0.0100204         0.0129103
              56.5        0.00977601         0.0137242
              56.9         0.0095065         0.0126436
              57.3        0.00968413         0.0131073
              57.7        0.00937378         0.0127221
              58.1        0.00886006         0.0124984
              58.5        0.00896489         0.0120594
              58.9        0.00903586         0.0130931
              59.3        0.00857427          0.011611
              59.7        0.00826001         0.0113448
              60.1        0.00811379         0.0111216
              60.5        0.00783938         0.0110683
              60.9        0.00755295         0.0104459
              61.3        0.00780714          0.011415
              61.7        0.00793359         0.0117391
              62.1        0.00750459         0.0108267
              62.5        0.00737182         0.0112177
              62.9        0.00716377          0.010276
              63.3        0.00676817         0.0100824
              63.7        0.00692445         0.0104589
              64.1        0.00667471          0.010179
              64.5        0.00640936        0.00926688
              64.9        0.00641367        0.00988473
              65.3        0.00639728        0.00960957
              65.7        0.00606448        0.00935626
              66.1        0.00595717        0.00893157
              66.5        0.00574193        0.00881814
              66.9        0.00571273        0.00875856
              67.3        0.00566868        0.00877502
              67.7        0.00553278        0.00888248
              68.1          0.005518        0.00857085
              68.5        0.00544314        0.00822106
              68.9        0.00517321        0.00798169
              69.3        0.00511331        0.00794878
              69.7        0.00516169        0.00803277
              70.1        0.00508316        0.00820584
              70.5        0.00491315        0.00799676
              70.9        0.00482517        0.00771247
              71.3        0.00464634         0.0075933
              71.7        0.00451854        0.00754619
              72.1        0.00480618        0.00792662
              72.5        0.00469641        0.00837436
              72.9        0.00433586        0.00721691
              73.3        0.00447246        0.00839477
              73.7        0.00430561        0.00796441
              74.1        0.00420345        0.00692664
              74.5        0.00422525        0.00748497
              74.9        0.00431025        0.00752314
              75.3        0.00408659        0.00710692
              75.7        0.00390132        0.00696439
              76.1        0.00397247        0.00691861
              76.5        0.00403683        0.00800933
              76.9        0.00386879         0.0069057
              77.3         0.0036113        0.00655844
              77.7        0.00355597         0.0066833
              78.1        0.00361452         0.0064291
              78.5        0.00363383        0.00678911
              78.9        0.00350228        0.00715271
              79.3        0.00343922        0.00650896
              79.7         0.0033389        0.00624638
              80.1        0.00328195        0.00608873
              80.5        0.00325678        0.00616492
              80.9        0.00310044        0.00572072
              81.3        0.00307614        0.00582056
              81.7        0.00306735         0.0057729
              82.1         0.0028815        0.00544579
              82.5        0.00310788        0.00643603
              82.9        0.00295156        0.00599977
              83.3        0.00303134        0.00597008
              83.7        0.00282728        0.00548489
              84.1        0.00287683        0.00592375
              84.5        0.00278945        0.00593697
              84.9        0.00271169        0.00539202
              85.3        0.00265323        0.00549474
              85.7        0.00258319        0.00578955
              86.1        0.00260864        0.00542688
              86.5        0.00259923        0.00547771
              86.9        0.00248338        0.00500559
              87.3        0.00253068        0.00536409
              87.7         0.0023556        0.00474072
              88.1        0.00236025        0.00498247
              88.5        0.00217521         0.0048004
              88.9        0.00236523        0.00500455
              89.3        0.00227305        0.00481953
              89.7        0.00218618        0.00473113
              90.1        0.00223868        0.00468986
              90.5        0.00224509        0.00520262
              90.9        0.00210123        0.00474351
              91.3        0.00207405        0.00426882
              91.7        0.00212264        0.00466441
              92.1        0.00201889        0.00459588
              92.5        0.00203982        0.00491111
              92.9        0.00193929        0.00433035
              93.3        0.00182967        0.00401584
              93.7        0.00186861        0.00448798
              94.1        0.00182363        0.00445011
              94.5        0.00189779        0.00456192
              94.9        0.00189691        0.00434593
              95.3        0.00184257        0.00439352
              95.7        0.00172662        0.00426034
              96.1        0.00191633         0.0046555
              96.5        0.00175099        0.00444849
              96.9        0.00166609        0.00378554
              97.3        0.00166684        0.00375811
              97.7        0.00165882         0.0038899
              98.1        0.00159687         0.0038138
              98.5        0.00155166        0.00366129
              98.9         0.0016406        0.00393598
              99.3        0.00158462        0.00393733
              99.7        0.00155378        0.00399069
             100.1        0.00151986        0.00367886
             100.5        0.00154714        0.00399641
             100.9        0.00144596        0.00371034
             101.3        0.00156155        0.00385884
             101.7        0.00138765        0.00334469
             102.1        0.00146616        0.00368062
             102.5        0.00141566        0.00382304
             102.9        0.00144031        0.00361017
             103.3        0.00138725        0.00360613
             103.7        0.00137058        0.00363683
             104.1        0.00138912        0.00371121
             104.5        0.00131249        0.00346435
             104.9        0.00130227        0.00340363
             105.3        0.00126516        0.00342567
             105.7        0.00124588         0.0033927
             106.1        0.00128141        0.00339374
             106.5        0.00130887        0.00355388
             106.9        0.00120583        0.00328893
             107.3        0.00120214        0.00332602
             107.7        0.00114327        0.00309731
             108.1        0.00112778        0.00306329
             108.5        0.00118144        0.00316262
             108.9        0.00115953        0.00336922
             109.3        0.00104255        0.00293956
             109.7        0.00113465         0.0032844
             110.1        0.00113412        0.00337471
             110.5        0.00103949          0.002918
             110.9        0.00107381        0.00332025
             111.3        0.00109544        0.00326152
             111.7        0.00100237        0.00292284
             112.1        0.00100865        0.00294222
             112.5        0.00102158        0.00303305
             112.9        0.00105114        0.00333791
             113.3       0.000945593        0.00288386
             113.7        0.00101533        0.00306006
             114.1       0.000965621        0.00278188
             114.5       0.000928648        0.00288147
             114.9       0.000937186        0.00302678
             115.3       0.000939161        0.00319735
             115.7       0.000863973        0.00267241
             116.1         0.0008597        0.00249556
             116.5       0.000852519        0.00279453
             116.9       0.000883911        0.00274998
             117.3       0.000928017        0.00298313
             117.7       0.000847435        0.00254891
             118.1       0.000793101        0.00235984
             118.5       0.000826702        0.00279264
             118.9       0.000794769        0.00248654
             119.3       0.000793557        0.00250611
             119.7       0.000822764        0.00280921
             120.1       0.000781288         0.0026362
             120.5        0.00074349        0.00235606
             120.9        0.00078928        0.00251901
             121.3       0.000790717          0.002538
             121.7       0.000783819        0.00255757
             122.1       0.000758197        0.00280953
             122.5       0.000756847        0.00252978
             122.9       0.000728291        0.00220124
             123.3       0.000809016        0.00283419
             123.7       0.000690597        0.00250408
             124.1        0.00072145        0.00260644
             124.5       0.000673131        0.00236732
             124.9       0.000682891        0.00233103
             125.3       0.000663558        0.00248041
             125.7        0.00067721        0.00257575
             126.1       0.000681523        0.00222925
             126.5       0.000641104        0.00227281
             126.9        0.00066817        0.00241669
             127.3       0.000665715        0.00242814
             127.7        0.00061621        0.00214187
             128.1       0.000629819        0.00223599
             128.5       0.000620552        0.00225285
             128.9       0.000620376        0.00244751
             129.3       0.000579138        0.00205819
             129.7       0.000633589         0.0024341
             130.1        0.00056433        0.00215855
             130.5       0.000624088        0.00237927
             130.9        0.00057793        0.00217529
             131.3       0.000575765        0.00216928
             131.7       0.000574231        0.00217755
             132.1       0.000572728        0.00228255
             132.5       0.000547072        0.00205704
             132.9       0.000574354        0.00216693
             133.3       0.000496619        0.00180396
             133.7       0.000523527        0.00191204
             134.1       0.000502105        0.00196043
             134.5       0.000497969         0.0019329
             134.9       0.000533043        0.00196847
             135.3       0.000512257        0.00197659
             135.7       0.000475688        0.00179349
             136.1       0.000463023        0.00185137
             136.5       0.000501552         0.0020713
             136.9       0.000504529        0.00204576
             137.3       0.000452557        0.00180944
             137.7       0.000510444        0.00219004
             138.1       0.000468473        0.00195028
             138.5       0.000485377        0.00180048
             138.9       0.000464729        0.00193466
             139.3        0.00048296        0.00214363
             139.7       0.000442471        0.00185108
             140.1       0.000439463        0.00180019
             140.5       0.000435477        0.00182682
             140.9       0.000409223        0.00170746
             141.3       0.000379504        0.00152877
             141.7       0.000386536        0.00160197
             142.1       0.000442119        0.00207375
             142.5       0.000402579        0.00179393
             142.9       0.000425033        0.00184338
             143.3       0.000383873        0.00163717
             143.7       0.000421362        0.00188946
             144.1       0.000369803        0.00174246
             144.5       0.000386845        0.00168714
             144.9       0.000425246         0.0017999
             145.3       0.000376075         0.0016697
             145.7       0.000365477        0.00203475
             146.1       0.000362708        0.00163541
             146.5       0.000378537        0.00159684
             146.9       0.000377005        0.00177994
             147.3       0.000389085        0.00185461
             147.7       0.000376911        0.00178718
             148.1       0.000316233        0.00145527
             148.5       0.000338806        0.00154748
             148.9       0.000314483        0.00142853
             149.3       0.000386874        0.00178545
             149.7       0.000308487        0.00145948
             150.1        0.00034146        0.00156997
             150.5        0.00032394        0.00154845
             150.9       0.000360254        0.00178844
             151.3       0.000317929        0.00157335
             151.7       0.000316707        0.00149577
             152.1       0.000323951        0.00157619
             152.5        0.00034935        0.00154362
             152.9       0.000346296        0.00180819
             153.3       0.000313852        0.00152749
             153.7       0.000288638        0.00143687
             154.1        0.00030318        0.00156734
             154.5       0.000277632        0.00137511
             154.9       0.000252303            0.0014
             155.3       0.000295162        0.00141323
             155.7       0.000266373         0.0013074
             156.1       0.000264858        0.00129755
             156.5       0.000295656        0.00146968
             156.9       0.000293895        0.00154474
             157.3        0.00029058        0.00146593
             157.7       0.000255611        0.00121708
             158.1       0.000278165        0.00168703
             158.5       0.000253159        0.00133334
             158.9       0.000227681        0.00118385
             159.3       0.000263099        0.00137543
             159.7        0.00023501        0.00117528
             160.1       0.000239013        0.00122647
             160.5       0.000284536        0.00141474
             160.9       0.000239649        0.00133844
             161.3        0.00026042        0.00140907
             161.7       0.000271014        0.00148472
             162.1       0.000233217        0.00123849
             162.5       0.000265188        0.00137573
             162.9        0.00021431         0.0011237
             163.3       0.000260561          0.001525
             163.7       0.000236614        0.00117623
             164.1        0.00023901        0.00134266
             164.5       0.000235728        0.00132561
             164.9       0.000209454        0.00109909
             165.3       0.000236578        0.00131813
             165.7       0.000200969        0.00126509
             166.1       0.000210448        0.00117402
             166.5       0.000218273        0.00134528
             166.9       0.000249811        0.00153967
             167.3       0.000193892        0.00105734
             167.7       0.000213268        0.00126307
             168.1       0.000213045        0.00120457
             168.5       0.000190118       0.000994498
             168.9       0.000196856        0.00121215
             169.3       0.000199204         0.0012145
             169.7       0.000199144        0.00116854
             170.1       0.000194679        0.00110436
             170.5       0.000184429        0.00117853
             170.9       0.000201943        0.00118671
             171.3       0.000174949        0.00103378
             171.7       0.000182266        0.00116783
             172.1       0.000201541        0.00116707
             172.5        0.00017619        0.00117633
             172.9       0.000183153         0.0011416
             173.3       0.000177164        0.00126202
             173.7       0.000185615        0.00122971
             174.1       0.000204714         0.0013782
             174.5       0.000172545        0.00102903
             174.9       0.000162261         0.0010413
             175.3       0.000181491        0.00115634
             175.7       0.000168527        0.00109792
             176.1       0.000162126       0.000964522
             176.5       0.000170958        0.00119824
             176.9       0.000158515        0.00105452
             177.3       0.000159577       0.000992932
             177.7       0.000154466       0.000955653
             178.1       0.000150335        0.00101625
             178.5       0.000152177        0.00104697
             178.9       0.000157914        0.00105294
             179.3       0.000124919       0.000827199
