               0.1          0.780985         0.0385236
               0.3          0.781031         0.0307068
               0.5          0.771043         0.0386505
               0.7          0.770467          0.034622
               0.9          0.776479         0.0349407
               1.1          0.776163         0.0331573
               1.3           0.77391         0.0324171
               1.5          0.777564         0.0337114
               1.7          0.775235         0.0330675
               1.9          0.772078         0.0340829
               2.1          0.774222          0.035049
               2.3          0.769628         0.0345752
               2.5          0.767512          0.035049
               2.7          0.769138         0.0367877
               2.9           0.76993         0.0339491
               3.1          0.767702         0.0364386
               3.3           0.76544         0.0364377
               3.5          0.765899         0.0364417
               3.7           0.76134         0.0372542
               3.9          0.759311         0.0396273
               4.1          0.758087         0.0377937
               4.3            0.7534         0.0387398
               4.5          0.753676         0.0407064
               4.7          0.750331         0.0401537
               4.9          0.748759         0.0410138
               5.1          0.747673         0.0415529
               5.3          0.742051         0.0406401
               5.5          0.741156         0.0432783
               5.7          0.736733         0.0435584
               5.9          0.733019         0.0453534
               6.1          0.729253         0.0453376
               6.3          0.727896         0.0461048
               6.5          0.722693         0.0481238
               6.7          0.716112         0.0491877
               6.9          0.711874         0.0517742
               7.1          0.706743         0.0549033
               7.3          0.701212         0.0567596
               7.5          0.696801         0.0534702
               7.7          0.687505         0.0572553
               7.9          0.680488         0.0602113
               8.1          0.674771         0.0602952
               8.3          0.667717         0.0629739
               8.5          0.658054         0.0650286
               8.7          0.648756         0.0681185
               8.9          0.640325         0.0713478
               9.1          0.630607         0.0755318
               9.3          0.616206         0.0801394
               9.5          0.604443         0.0824492
               9.7          0.592088          0.087171
               9.9          0.576032         0.0933213
              10.1          0.557313          0.102125
              10.3          0.538305          0.111342
              10.5          0.507652          0.122772
              10.7          0.480821          0.131709
              10.9          0.453516          0.142184
              11.1           0.43525           0.14659
              11.3          0.408415          0.149534
              11.5          0.381214          0.151711
              11.7          0.361533          0.151315
              11.9          0.339521          0.150913
              12.1          0.321599          0.145645
              12.3          0.299182          0.143288
              12.5          0.282538          0.139286
              12.7          0.264728          0.134371
              12.9          0.242891          0.124966
              13.1          0.229644           0.12232
              13.3          0.213512          0.114507
              13.5          0.204655          0.112111
              13.7          0.187319          0.103632
              13.9          0.173012         0.0928844
              14.1          0.160517          0.085494
              14.3          0.150655         0.0774956
              14.5          0.140543         0.0701778
              14.7          0.128945            0.0639
              14.9          0.121706         0.0607147
              15.1          0.112926         0.0566781
              15.3          0.108061         0.0543826
              15.5          0.102583         0.0508346
              15.7         0.0961452         0.0470295
              15.9         0.0918287         0.0452299
              16.1         0.0872498          0.042555
              16.3         0.0816445         0.0397777
              16.5         0.0774327         0.0377893
              16.7         0.0736523          0.036192
              16.9         0.0705802           0.03491
              17.1         0.0668514         0.0344939
              17.3         0.0644302         0.0327669
              17.5         0.0610912         0.0310199
              17.7          0.058462         0.0296901
              17.9         0.0560493         0.0295123
              18.1         0.0537109          0.027772
              18.3         0.0516805         0.0269745
              18.5         0.0496387         0.0254841
              18.7         0.0475283         0.0251807
              18.9         0.0461879         0.0244617
              19.1         0.0435931         0.0235327
              19.3         0.0425888         0.0228463
              19.5         0.0405752         0.0213418
              19.7         0.0397404         0.0220964
              19.9         0.0379227         0.0203947
              20.1         0.0366334         0.0202911
              20.3         0.0356653         0.0205249
              20.5         0.0342753         0.0186038
              20.7         0.0331197         0.0183874
              20.9          0.032276         0.0184241
              21.1         0.0311723         0.0174861
              21.3         0.0297622         0.0165094
              21.5         0.0293793         0.0162004
              21.7         0.0278283         0.0159635
              21.9         0.0273033         0.0156008
              22.1         0.0263944          0.015255
              22.3          0.026176          0.015506
              22.5         0.0251281         0.0146412
              22.7         0.0243331         0.0144877
              22.9         0.0237117         0.0139758
              23.1         0.0228519         0.0134673
              23.3         0.0225581         0.0134105
              23.5         0.0218118         0.0133806
              23.7         0.0208644         0.0126895
              23.9         0.0207758         0.0122297
              24.1         0.0200755         0.0123836
              24.3         0.0195863         0.0120344
              24.5         0.0193008         0.0118134
              24.7         0.0184987         0.0115318
              24.9         0.0180305         0.0112283
              25.1         0.0174725         0.0108815
              25.3         0.0171939         0.0108988
              25.5         0.0166749           0.01071
              25.7         0.0166239         0.0116133
              25.9         0.0161785         0.0110442
              26.1         0.0155441         0.0100575
              26.3         0.0152683          0.010228
              26.5         0.0145777        0.00957408
              26.7         0.0144787        0.00941891
              26.9         0.0139691        0.00908194
              27.1         0.0135955         0.0092187
              27.3         0.0133371        0.00901179
              27.5          0.013235        0.00880014
              27.7         0.0128938        0.00882374
              27.9         0.0126933        0.00871415
              28.1         0.0123348        0.00856711
              28.3         0.0121398        0.00865048
              28.5         0.0117002        0.00791839
              28.7         0.0114971        0.00821205
              28.9         0.0113783        0.00816754
              29.1         0.0110903        0.00798022
              29.3         0.0109163        0.00783341
              29.5         0.0106206        0.00759791
              29.7         0.0101607        0.00723604
              29.9         0.0100668        0.00731592
              30.1        0.00987712        0.00742008
              30.3        0.00973511         0.0071694
              30.5        0.00944194        0.00709068
              30.7        0.00917597        0.00692381
              30.9        0.00918751        0.00698284
              31.1        0.00889803        0.00681066
              31.3        0.00869302        0.00643562
              31.5        0.00864314        0.00656592
              31.7        0.00834259        0.00637781
              31.9        0.00824233        0.00632096
              32.1        0.00814776        0.00644162
              32.3         0.0078855        0.00603359
              32.5        0.00774181        0.00612587
              32.7        0.00749992        0.00585235
              32.9         0.0074279        0.00596199
              33.1        0.00733418        0.00594025
              33.3        0.00713041        0.00582898
              33.5        0.00716675        0.00593447
              33.7         0.0068941        0.00564686
              33.9         0.0068909        0.00572653
              34.1          0.006596        0.00546412
              34.3        0.00649767        0.00587263
              34.5        0.00641362         0.0053251
              34.7        0.00620631        0.00535868
              34.9        0.00612494        0.00523471
              35.1        0.00609134        0.00514027
              35.3        0.00597953        0.00527877
              35.5         0.0058521        0.00510497
              35.7        0.00581514        0.00506967
              35.9        0.00570945        0.00511374
              36.1        0.00556032        0.00490005
              36.3        0.00552771        0.00489108
              36.5        0.00531675        0.00475272
              36.7        0.00526669        0.00485872
              36.9        0.00513662         0.0045428
              37.1        0.00502166        0.00460868
              37.3        0.00498977        0.00467726
              37.5        0.00493842        0.00466211
              37.7        0.00482895        0.00453809
              37.9        0.00471757        0.00435099
              38.1        0.00467808         0.0044302
              38.3        0.00450616        0.00422855
              38.5         0.0044567        0.00423218
              38.7        0.00439975        0.00425044
              38.9        0.00433867        0.00421647
              39.1        0.00423408        0.00406222
              39.3        0.00416369        0.00419458
              39.5        0.00412259         0.0041117
              39.7        0.00401861        0.00403957
              39.9        0.00396029        0.00404442
              40.1        0.00384607        0.00402788
              40.3        0.00381276         0.0039336
              40.5        0.00373367        0.00379482
              40.7        0.00377063        0.00386647
              40.9        0.00366303        0.00375597
              41.1        0.00353422        0.00364555
              41.3         0.0035965        0.00376075
              41.5        0.00344876        0.00354919
              41.7        0.00341564        0.00353219
              41.9        0.00334799        0.00356619
              42.1        0.00332875        0.00357601
              42.3        0.00327783        0.00361662
              42.5        0.00327153        0.00361734
              42.7        0.00311699        0.00341504
              42.9        0.00306573        0.00328686
              43.1        0.00299605        0.00328279
              43.3        0.00298654        0.00331612
              43.5        0.00295604        0.00331087
              43.7        0.00289544        0.00328924
              43.9        0.00288869        0.00320773
              44.1        0.00283575        0.00328972
              44.3        0.00278712        0.00316357
              44.5        0.00272654        0.00318652
              44.7        0.00274253        0.00336014
              44.9        0.00271773        0.00319531
              45.1        0.00260987        0.00303504
              45.3        0.00258689        0.00313219
              45.5        0.00254773        0.00304263
              45.7        0.00247298        0.00296358
              45.9        0.00247213        0.00294511
              46.1        0.00239552        0.00284615
              46.3        0.00242846        0.00297967
              46.5         0.0023169        0.00286362
              46.7        0.00230839        0.00278543
              46.9        0.00226864        0.00282041
              47.1        0.00223027        0.00271935
              47.3        0.00220553        0.00277812
              47.5        0.00219095        0.00279905
              47.7        0.00214124        0.00269884
              47.9        0.00214917        0.00270048
              48.1        0.00210904        0.00274642
              48.3        0.00205958        0.00266893
              48.5         0.0020096        0.00256693
              48.7        0.00199305        0.00266977
              48.9        0.00197486        0.00262378
              49.1        0.00192094        0.00262197
              49.3        0.00189056        0.00248465
              49.5        0.00190929        0.00258341
              49.7         0.0018867        0.00247571
              49.9        0.00184348        0.00253116
              50.1        0.00179798        0.00250838
              50.3        0.00178123        0.00243479
              50.5        0.00178455         0.0025148
              50.7        0.00171994        0.00239412
              50.9         0.0017099        0.00241931
              51.1        0.00162374         0.0022487
              51.3        0.00166582        0.00230626
              51.5        0.00161763        0.00230841
              51.7        0.00157558        0.00224407
              51.9        0.00160873        0.00235599
              52.1        0.00153739        0.00218522
              52.3        0.00153766        0.00226705
              52.5        0.00150305         0.0021844
              52.7        0.00147385        0.00219646
              52.9         0.0015051        0.00223725
              53.1        0.00143266        0.00208139
              53.3        0.00141516        0.00220171
              53.5        0.00142104        0.00212173
              53.7        0.00140793        0.00213817
              53.9        0.00135864        0.00206866
              54.1        0.00136022        0.00203291
              54.3        0.00133944        0.00207678
              54.5        0.00130623        0.00208314
              54.7        0.00127962        0.00199372
              54.9        0.00130304        0.00205118
              55.1        0.00126055        0.00192015
              55.3         0.0012471        0.00193864
              55.5        0.00121935         0.0019934
              55.7        0.00123498        0.00197221
              55.9         0.0012005        0.00197145
              56.1        0.00119062        0.00193127
              56.3        0.00115707        0.00187983
              56.5        0.00115202        0.00188637
              56.7        0.00114342        0.00191667
              56.9        0.00111494         0.0018484
              57.1        0.00109411        0.00181064
              57.3        0.00108624        0.00184539
              57.5        0.00107119        0.00185969
              57.7         0.0010706         0.0018292
              57.9        0.00102364        0.00175216
              58.1        0.00106768        0.00182165
              58.3        0.00103275        0.00181076
              58.5       0.000993578        0.00170483
              58.7       0.000983823        0.00175395
              58.9        0.00096999        0.00165955
              59.1       0.000956861        0.00170399
              59.3       0.000961036        0.00169708
              59.5       0.000928997         0.0016863
              59.7       0.000943277        0.00166097
              59.9       0.000901589        0.00159242
              60.1       0.000929835         0.0016755
              60.3       0.000918069        0.00168159
              60.5       0.000885659        0.00161203
              60.7       0.000911713        0.00171861
              60.9       0.000868279        0.00162177
              61.1       0.000866261        0.00157958
              61.3       0.000826194        0.00152498
              61.5       0.000839353        0.00152929
              61.7       0.000810199        0.00151773
              61.9       0.000817986        0.00156382
              62.1       0.000803459         0.0015573
              62.3       0.000792851        0.00155418
              62.5       0.000785728         0.0015418
              62.7       0.000788435        0.00154429
              62.9        0.00074156        0.00145691
              63.1       0.000751829        0.00150813
              63.3       0.000729087         0.0014508
              63.5       0.000728731        0.00151004
              63.7        0.00073531        0.00155816
              63.9        0.00073885        0.00151405
              64.1       0.000711379        0.00142146
              64.3       0.000696587        0.00140449
              64.5       0.000691482        0.00140587
              64.7       0.000692672        0.00143337
              64.9       0.000673928        0.00148442
              65.1       0.000662228        0.00136442
              65.3       0.000666669        0.00140373
              65.5       0.000665917        0.00139844
              65.7       0.000643772        0.00134123
              65.9       0.000652747        0.00139223
              66.1        0.00062917        0.00132809
              66.3       0.000607693        0.00131463
              66.5       0.000619766        0.00135361
              66.7       0.000591015        0.00123891
              66.9       0.000588829        0.00127915
              67.1       0.000587585        0.00135553
              67.3       0.000579622        0.00129637
              67.5       0.000587681        0.00130639
              67.7       0.000563157        0.00127816
              67.9       0.000564813        0.00126777
              68.1       0.000554626         0.0012824
              68.3       0.000538775        0.00122114
              68.5        0.00052893         0.0011992
              68.7       0.000523732        0.00120714
              68.9       0.000512363        0.00116176
              69.1       0.000519695        0.00118752
              69.3       0.000523864        0.00121718
              69.5        0.00049858        0.00115765
              69.7       0.000513365        0.00123858
              69.9       0.000508202        0.00121563
              70.1        0.00048868        0.00117961
              70.3       0.000489249        0.00114531
              70.5       0.000473243        0.00116122
              70.7       0.000483872        0.00114806
              70.9       0.000464739        0.00113123
              71.1       0.000460496        0.00115775
              71.3       0.000461084        0.00113311
              71.5       0.000440834        0.00110764
              71.7       0.000431398         0.0010654
              71.9       0.000448736        0.00113611
              72.1       0.000435365        0.00109655
              72.3       0.000440403        0.00111977
              72.5        0.00043392        0.00109523
              72.7       0.000422595         0.0010715
              72.9       0.000409729        0.00107342
              73.1         0.0004073        0.00104443
              73.3       0.000408072        0.00103367
              73.5       0.000395377        0.00101479
              73.7       0.000408967        0.00110031
              73.9       0.000386325       0.000992146
              74.1       0.000383824        0.00100419
              74.3       0.000382261        0.00101036
              74.5       0.000374686        0.00100725
              74.7       0.000381049        0.00101205
              74.9       0.000371629        0.00100932
              75.1       0.000381188        0.00103888
              75.3       0.000361916       0.000999163
              75.5       0.000360835       0.000998268
              75.7       0.000343664       0.000971892
              75.9        0.00034107       0.000947411
              76.1       0.000341282       0.000991737
              76.3       0.000345264        0.00096578
              76.5       0.000324185       0.000903918
              76.7        0.00033502       0.000931607
              76.9       0.000321895       0.000914564
              77.1       0.000324617       0.000922359
              77.3       0.000318171       0.000923543
              77.5        0.00032265       0.000925668
              77.7       0.000325125       0.000921154
              77.9       0.000312254       0.000902347
              78.1       0.000319713       0.000944327
              78.3       0.000294782       0.000888558
              78.5       0.000310194       0.000911603
              78.7       0.000289138        0.00084984
              78.9       0.000289059       0.000855674
              79.1        0.00028882       0.000851367
              79.3       0.000292304       0.000866874
              79.5       0.000289334       0.000871402
              79.7       0.000284673       0.000871711
              79.9         0.0002826       0.000851996
              80.1       0.000287802       0.000847684
              80.3       0.000270445       0.000834301
              80.5       0.000265155       0.000808654
              80.7       0.000272635        0.00082179
              80.9        0.00026379       0.000819723
              81.1       0.000265028       0.000841731
              81.3        0.00026065       0.000842021
              81.5       0.000254794       0.000822716
              81.7         0.0002408       0.000753895
              81.9       0.000258094       0.000836726
              82.1       0.000245255       0.000778346
              82.3       0.000247948       0.000805618
              82.5       0.000252755       0.000831159
              82.7       0.000241295       0.000814541
              82.9       0.000230049       0.000741598
              83.1       0.000229788       0.000775756
              83.3       0.000231628       0.000761197
              83.5       0.000236773       0.000787431
              83.7       0.000228701       0.000818359
              83.9       0.000230939       0.000764568
              84.1       0.000219743       0.000751685
              84.3       0.000222122       0.000772538
              84.5       0.000213679       0.000728785
              84.7       0.000219871       0.000750484
              84.9       0.000213104       0.000721515
              85.1       0.000201907       0.000733863
              85.3       0.000204534       0.000716786
              85.5       0.000196086        0.00073504
              85.7       0.000204229       0.000728021
              85.9       0.000194854       0.000684676
              86.1       0.000205132       0.000711301
              86.3       0.000191329        0.00071436
              86.5       0.000195884       0.000716225
              86.7       0.000193115        0.00068869
              86.9       0.000193859        0.00070062
              87.1       0.000189385       0.000719905
              87.3        0.00018653       0.000725481
              87.5       0.000181998       0.000693086
              87.7       0.000184631        0.00067848
              87.9       0.000172456        0.00064189
              88.1       0.000183313       0.000686263
              88.3       0.000179487       0.000691312
              88.5       0.000178758       0.000664196
              88.7       0.000177775       0.000686874
              88.9       0.000169341       0.000646852
              89.1       0.000164903       0.000622496
              89.3       0.000167024       0.000640707
              89.5       0.000162332       0.000676684
              89.7       0.000168965          0.000645
              89.9       0.000163168       0.000634559
              90.1        0.00015688       0.000600463
              90.3       0.000157306       0.000639753
              90.5       0.000153011       0.000586883
              90.7       0.000166494       0.000694526
              90.9       0.000162078       0.000662572
              91.1       0.000155508        0.00062724
              91.3       0.000148644       0.000621286
              91.5       0.000148212       0.000590349
              91.7       0.000146945       0.000600994
              91.9       0.000140412          0.000559
              92.1       0.000155508       0.000674996
              92.3       0.000137893       0.000600209
              92.5       0.000141271       0.000593395
              92.7        0.00014336       0.000600437
              92.9       0.000144737       0.000601326
              93.1       0.000136926       0.000581038
              93.3       0.000138161       0.000593316
              93.5       0.000138295       0.000565123
              93.7       0.000130902       0.000551285
              93.9       0.000133172       0.000547316
              94.1       0.000133352        0.00056246
              94.3       0.000131265       0.000585383
              94.5       0.000122102       0.000536955
              94.7        0.00012637       0.000553803
              94.9       0.000131354        0.00056898
              95.1       0.000123601       0.000554096
              95.3       0.000119483       0.000526496
              95.5       0.000117774       0.000512057
              95.7        0.00011405       0.000525472
              95.9       0.000113962       0.000525649
              96.1       0.000112934       0.000503859
              96.3       0.000113624       0.000528855
              96.5       0.000120444       0.000532055
              96.7        0.00011437       0.000513512
              96.9       0.000111632        0.00050726
              97.1       0.000108287        0.00053273
              97.3       0.000110847       0.000554481
              97.5        0.00010685       0.000474526
              97.7       0.000110646       0.000525947
              97.9       0.000109527       0.000550331
              98.1       0.000112848       0.000545793
              98.3       0.000110039       0.000518095
              98.5       0.000103643       0.000519419
              98.7        0.00010376        0.00050833
              98.9       0.000103201       0.000519428
              99.1       9.72911e-05       0.000483536
              99.3       0.000102851       0.000513832
              99.5       0.000101102       0.000500566
              99.7       9.43449e-05        0.00047579
              99.9       0.000100376        0.00050767
             100.1       0.000100749       0.000496994
             100.3        8.8309e-05       0.000440122
             100.5       9.68507e-05       0.000470583
             100.7        9.6607e-05       0.000494491
             100.9       8.99306e-05       0.000463251
             101.1       8.99201e-05       0.000486502
             101.3       9.44036e-05       0.000467267
             101.5       8.64463e-05        0.00045422
             101.7       9.29262e-05       0.000474526
             101.9       8.77181e-05       0.000470438
             102.1       8.48611e-05       0.000434705
             102.3       8.49229e-05       0.000441035
             102.5       8.35695e-05       0.000432133
             102.7       8.87615e-05       0.000478316
             102.9       7.68553e-05       0.000399832
             103.1       8.81479e-05       0.000453288
             103.3       8.34457e-05       0.000458207
             103.5       7.94928e-05       0.000415808
             103.7       8.14795e-05       0.000416758
             103.9       8.47265e-05       0.000449936
             104.1        8.1905e-05       0.000453702
             104.3       7.85322e-05         0.0004189
             104.5       7.61182e-05       0.000415044
             104.7       7.73569e-05       0.000439322
             104.9       7.72888e-05       0.000422113
             105.1       7.21848e-05       0.000417834
             105.3       7.73727e-05       0.000436724
             105.5       6.99091e-05       0.000409566
             105.7        7.3432e-05       0.000423274
             105.9       7.02614e-05       0.000403386
             106.1       7.55282e-05        0.00042124
             106.3       6.61784e-05       0.000381005
             106.5       7.15258e-05        0.00040764
             106.7       7.04174e-05       0.000420355
             106.9        6.8335e-05       0.000398821
             107.1       6.86863e-05       0.000390615
             107.3       7.11297e-05       0.000408605
             107.5       6.97221e-05       0.000396459
             107.7       6.48181e-05       0.000385403
             107.9       6.85181e-05       0.000400501
             108.1       6.31642e-05       0.000396246
             108.3       6.84883e-05        0.00040634
             108.5       6.30278e-05         0.0003895
             108.7       6.18455e-05       0.000389275
             108.9       6.07508e-05       0.000367911
             109.1       6.11308e-05       0.000379744
             109.3       5.91169e-05       0.000384786
             109.5       5.99982e-05       0.000355537
             109.7         5.827e-05       0.000376138
             109.9       5.48804e-05       0.000346102
             110.1       6.03141e-05       0.000364677
             110.3       5.58474e-05       0.000361065
             110.5       5.70741e-05       0.000367528
             110.7       5.65663e-05       0.000357019
             110.9       5.32667e-05       0.000360598
             111.1       5.88867e-05       0.000380374
             111.3         5.584e-05       0.000369221
             111.5       5.62196e-05       0.000365886
             111.7        5.1973e-05       0.000348988
             111.9       5.16312e-05       0.000346451
             112.1         5.049e-05       0.000343449
             112.3       4.88967e-05       0.000324874
             112.5       5.10582e-05       0.000316876
             112.7        5.2498e-05       0.000337337
             112.9       5.22027e-05        0.00034075
             113.1       5.23847e-05       0.000352628
             113.3       4.77247e-05       0.000336483
             113.5       4.65472e-05       0.000320539
             113.7       4.81856e-05       0.000346932
             113.9       4.73227e-05       0.000314257
             114.1       4.36658e-05       0.000307406
             114.3       4.90859e-05         0.0003505
             114.5       4.79864e-05       0.000323511
             114.7       4.59136e-05       0.000326098
             114.9       4.52666e-05       0.000300293
             115.1       5.05071e-05       0.000363364
             115.3        4.6613e-05       0.000326255
             115.5       4.30392e-05       0.000350399
             115.7       4.42029e-05       0.000313491
             115.9        4.8012e-05       0.000353998
             116.1       4.49214e-05       0.000328947
             116.3       4.27943e-05       0.000337456
             116.5       4.45424e-05       0.000325302
             116.7        4.6745e-05       0.000323362
             116.9       4.43632e-05       0.000342389
             117.1       4.10368e-05       0.000322575
             117.3       4.23425e-05       0.000308807
             117.5       4.21785e-05       0.000314845
             117.7        4.4859e-05       0.000340551
             117.9        3.9329e-05       0.000298594
             118.1       3.89389e-05        0.00028656
             118.3       3.82459e-05       0.000284372
             118.5       3.89002e-05       0.000287796
             118.7       3.93786e-05       0.000310644
             118.9        4.2302e-05       0.000328938
             119.1       3.94849e-05       0.000303862
             119.3       4.08957e-05       0.000338713
             119.5        3.6942e-05         0.0002768
             119.7       3.81394e-05       0.000292418
             119.9       3.56579e-05       0.000271839
             120.1       3.38128e-05       0.000264204
             120.3        3.4685e-05       0.000284536
             120.5       3.90444e-05       0.000311756
             120.7        3.7868e-05       0.000315499
             120.9       3.65105e-05       0.000298299
             121.1       3.47895e-05       0.000288699
             121.3       3.59476e-05       0.000300546
             121.5       3.78198e-05       0.000332108
             121.7       3.41707e-05        0.00028309
             121.9       3.27495e-05       0.000280143
             122.1       3.27629e-05       0.000276144
             122.3       3.47661e-05        0.00027404
             122.5       3.04696e-05       0.000260063
             122.7         3.337e-05       0.000286756
             122.9       3.19401e-05       0.000286577
             123.1        3.4226e-05       0.000280669
             123.3       2.95338e-05        0.00025589
             123.5       3.13964e-05        0.00028775
             123.7       3.19682e-05       0.000266488
             123.9       3.23787e-05       0.000276533
             124.1        2.9078e-05       0.000244483
             124.3       3.10431e-05       0.000256259
             124.5       3.13898e-05         0.0002654
             124.7       2.97402e-05       0.000260401
             124.9        2.9834e-05       0.000266194
             125.1       2.86835e-05       0.000257024
             125.3       2.65665e-05       0.000246017
             125.5       2.84074e-05        0.00025289
             125.7       2.61081e-05       0.000227273
             125.9       2.66107e-05       0.000233652
             126.1       2.90951e-05       0.000255935
             126.3       2.69872e-05       0.000270637
             126.5        2.7285e-05       0.000229663
             126.7       2.54236e-05       0.000226262
             126.9       2.80348e-05       0.000254401
             127.1       2.75334e-05       0.000250969
             127.3       2.60507e-05       0.000232337
             127.5       2.33946e-05       0.000206751
             127.7        2.4624e-05       0.000224757
             127.9       2.43138e-05       0.000232379
             128.1       2.20506e-05       0.000219272
             128.3       2.62747e-05       0.000244032
             128.5       2.58202e-05       0.000244522
             128.7       2.32965e-05       0.000220133
             128.9       2.55282e-05       0.000240056
             129.1       2.60052e-05       0.000264407
             129.3       2.46974e-05       0.000254522
             129.5       2.50685e-05       0.000257524
             129.7       2.25817e-05       0.000217531
             129.9       2.51568e-05       0.000264154
             130.1       2.38667e-05         0.0002356
             130.3       2.51362e-05       0.000239054
             130.5       2.30865e-05       0.000228424
             130.7       2.11862e-05       0.000219327
             130.9       2.31602e-05       0.000229949
             131.1       2.14282e-05       0.000219038
             131.3       2.02384e-05       0.000207781
             131.5       2.20432e-05       0.000236876
             131.7       2.29251e-05       0.000219147
             131.9       1.98324e-05       0.000221076
             132.1       2.02805e-05       0.000217191
             132.3       2.13052e-05       0.000208169
             132.5       2.00879e-05       0.000214769
             132.7       2.03475e-05       0.000199866
             132.9       2.27891e-05        0.00022455
             133.1       1.94116e-05       0.000199786
             133.3       1.83651e-05       0.000185128
             133.5       1.98602e-05       0.000211736
             133.7       1.96445e-05       0.000207734
             133.9       1.83292e-05        0.00021068
             134.1       2.16162e-05       0.000213403
             134.3        2.0458e-05       0.000213163
             134.5       1.89861e-05       0.000195593
             134.7       1.71038e-05       0.000188921
             134.9       1.72916e-05       0.000201303
             135.1       1.98554e-05       0.000214945
             135.3       1.92693e-05       0.000212652
             135.5       1.93291e-05       0.000199371
             135.7        1.8423e-05       0.000193109
             135.9       1.81281e-05       0.000178495
             136.1       1.67991e-05       0.000183082
             136.3       1.61674e-05        0.00017703
             136.5       1.58015e-05       0.000180828
             136.7       1.73042e-05       0.000204276
             136.9       1.57668e-05       0.000180235
             137.1       1.70249e-05        0.00019345
             137.3       1.61312e-05       0.000194996
             137.5       1.55893e-05       0.000191635
             137.7       1.63974e-05       0.000182279
             137.9       1.51293e-05       0.000177674
             138.1       1.55355e-05       0.000189451
             138.3       1.54753e-05       0.000185749
             138.5       1.54891e-05       0.000187431
             138.7       1.56452e-05       0.000182578
             138.9       1.57277e-05        0.00020715
             139.1       1.52185e-05       0.000187269
             139.3       1.45257e-05       0.000169822
             139.5       1.53117e-05       0.000206096
             139.7       1.57002e-05       0.000188354
             139.9       1.41015e-05       0.000172435
             140.1       1.46132e-05       0.000183578
             140.3       1.55985e-05       0.000179097
             140.5       1.36971e-05       0.000168119
             140.7       1.12384e-05       0.000139562
             140.9       1.41606e-05       0.000179845
             141.1       1.31111e-05        0.00015867
             141.3       1.52917e-05       0.000202278
             141.5       1.45996e-05       0.000174516
             141.7        1.5156e-05       0.000195515
             141.9       1.23748e-05       0.000159162
             142.1       1.50197e-05       0.000198245
             142.3       1.29152e-05       0.000159571
             142.5       1.41789e-05       0.000178678
             142.7         1.197e-05       0.000156698
             142.9       1.16908e-05       0.000156524
             143.1       1.08567e-05       0.000139085
             143.3       1.24738e-05       0.000164941
             143.5       1.51606e-05       0.000184898
             143.7       1.17881e-05       0.000147371
             143.9       1.19261e-05       0.000154405
             144.1       1.25181e-05       0.000168264
             144.3       1.22242e-05       0.000152635
             144.5       1.25369e-05        0.00017854
             144.7       1.18759e-05       0.000163158
             144.9       1.18126e-05       0.000151252
             145.1       1.30737e-05       0.000159687
             145.3       1.17011e-05       0.000160194
             145.5       1.01927e-05       0.000139593
             145.7       1.09967e-05       0.000144458
             145.9       1.10506e-05       0.000150179
             146.1       1.03258e-05       0.000144106
             146.3       1.16612e-05       0.000163747
             146.5       1.14497e-05       0.000152644
             146.7       1.18272e-05       0.000169956
             146.9       1.09208e-05       0.000157621
             147.1       1.07747e-05       0.000155759
             147.3       1.07954e-05       0.000148318
             147.5       1.12967e-05       0.000174103
             147.7       1.12949e-05       0.000156962
             147.9       1.06918e-05       0.000139601
             148.1       1.11693e-05       0.000159558
             148.3       1.05127e-05       0.000149093
             148.5       9.75711e-06       0.000143663
             148.7       1.06482e-05       0.000140549
             148.9       8.91628e-06       0.000129495
             149.1       1.02995e-05       0.000154545
             149.3       1.06388e-05       0.000176335
             149.5       9.06569e-06       0.000128142
             149.7       9.67824e-06       0.000147302
             149.9       1.01066e-05        0.00015149
             150.1        9.9397e-06        0.00014718
             150.3       6.69051e-06       0.000105005
             150.5       1.01183e-05       0.000149824
             150.7       8.62096e-06       0.000134187
             150.9       9.99827e-06       0.000146496
             151.1        8.7583e-06       0.000127863
             151.3       9.03181e-06       0.000155784
             151.5       9.01064e-06       0.000137859
             151.7       9.46842e-06       0.000151223
             151.9       8.61513e-06       0.000145166
             152.1       9.02062e-06       0.000134635
             152.3       9.23266e-06       0.000133347
             152.5       9.82687e-06       0.000154713
             152.7       8.83899e-06       0.000129516
             152.9       7.95655e-06       0.000127173
             153.1       8.22067e-06       0.000124177
             153.3       8.27402e-06       0.000123877
             153.5       8.00624e-06       0.000123817
             153.7        8.3517e-06       0.000142037
             153.9       6.64272e-06       0.000106569
             154.1       7.56667e-06       0.000119156
             154.3       8.08264e-06       0.000126997
             154.5       7.69176e-06       0.000136413
             154.7       6.62941e-06       0.000108374
             154.9       7.42687e-06       0.000119633
             155.1       7.19753e-06       0.000123182
             155.3       7.39662e-06       0.000145921
             155.5       8.44013e-06       0.000139079
             155.7       8.75052e-06       0.000149941
             155.9       7.80086e-06       0.000136494
             156.1       7.45776e-06       0.000121461
             156.3       7.53577e-06       0.000120017
             156.5       7.74083e-06       0.000134262
             156.7       6.83793e-06       0.000117325
             156.9       6.87941e-06       0.000107722
             157.1       8.01643e-06       0.000127219
             157.3       6.84913e-06        0.00011329
             157.5       7.19257e-06       0.000125034
             157.7       8.27653e-06       0.000136596
             157.9       8.05294e-06       0.000137327
             158.1       5.54378e-06       0.000102874
             158.3        7.3978e-06       0.000125265
             158.5       7.03629e-06       0.000141412
             158.7       6.44074e-06       0.000108698
             158.9       5.97908e-06       0.000115543
             159.1       6.06645e-06       0.000102179
             159.3       7.22585e-06       0.000143166
             159.5       6.64794e-06       0.000126265
             159.7       5.71756e-06       0.000105852
             159.9       6.73603e-06       0.000120096
             160.1       5.59724e-06       0.000107911
             160.3       4.93611e-06       8.45128e-05
             160.5       5.47625e-06       9.92936e-05
             160.7       6.41942e-06        0.00011753
             160.9       6.19933e-06       0.000102834
             161.1       6.34001e-06       0.000124383
             161.3       5.63965e-06       0.000107809
             161.5       6.63609e-06       0.000128811
             161.7       5.38792e-06       0.000102771
             161.9       6.11122e-06       0.000123054
             162.1       5.61202e-06       0.000115427
             162.3        6.0979e-06       0.000124096
             162.5       5.68723e-06       0.000111082
             162.7       5.22655e-06        0.00010559
             162.9       5.25454e-06       0.000111801
             163.1       6.35801e-06       0.000128836
             163.3        5.3201e-06       0.000106762
             163.5       5.80573e-06       0.000108955
             163.7       6.03941e-06       0.000111362
             163.9       4.76093e-06       8.67874e-05
             164.1        5.4809e-06        0.00010545
             164.3       5.68864e-06        0.00010943
             164.5       4.75948e-06       9.27852e-05
             164.7       4.59024e-06       8.78567e-05
             164.9       4.56449e-06       9.50882e-05
             165.1       4.41987e-06       9.07803e-05
             165.3        4.1084e-06       8.43745e-05
             165.5       4.50394e-06       9.95604e-05
             165.7        4.5953e-06        0.00010002
             165.9        4.2872e-06       9.07679e-05
             166.1       5.15123e-06       9.85678e-05
             166.3        4.8198e-06       9.26253e-05
             166.5       4.02086e-06       8.66008e-05
             166.7       4.74554e-06       9.33836e-05
             166.9       4.74673e-06       0.000102369
             167.1        5.2894e-06         0.0001007
             167.3       4.58973e-06       9.43143e-05
             167.5       5.22056e-06       0.000113957
             167.7        3.8899e-06        8.4891e-05
             167.9       4.82242e-06       0.000102093
             168.1       5.23988e-06       0.000117514
             168.3       3.98732e-06       8.93161e-05
             168.5       3.81775e-06       8.48732e-05
             168.7       4.76852e-06       0.000127971
             168.9       4.46857e-06       9.76972e-05
             169.1       4.70266e-06       0.000107861
             169.3       3.59402e-06       7.90505e-05
             169.5       4.03853e-06       8.98767e-05
             169.7         4.114e-06       8.80581e-05
             169.9       3.87131e-06       9.35871e-05
             170.1       3.87097e-06       8.81596e-05
             170.3       3.89665e-06       8.21398e-05
             170.5       3.68976e-06       8.17724e-05
             170.7        3.7625e-06       8.77774e-05
             170.9       4.39259e-06        9.5532e-05
             171.1       3.74199e-06       8.95016e-05
             171.3       4.54388e-06       0.000103763
             171.5       4.17188e-06       9.08277e-05
             171.7       3.19827e-06       7.51662e-05
             171.9       3.41058e-06       7.82194e-05
             172.1       3.74904e-06       8.47859e-05
             172.3        3.9463e-06        9.1896e-05
             172.5       3.49605e-06       8.72072e-05
             172.7       3.34909e-06       7.44153e-05
             172.9       3.54698e-06       8.13229e-05
             173.1       3.35893e-06       8.25029e-05
             173.3       3.64897e-06       9.48501e-05
             173.5       3.78622e-06       8.57578e-05
             173.7        3.3817e-06         7.478e-05
             173.9       3.80205e-06       7.99394e-05
             174.1       3.18028e-06       6.88362e-05
             174.3       2.44989e-06       6.13248e-05
             174.5       3.63268e-06       9.74375e-05
             174.7       2.92418e-06       7.86482e-05
             174.9       3.25504e-06        8.6537e-05
             175.1       2.77351e-06       6.85308e-05
             175.3       3.14468e-06       7.97079e-05
             175.5       3.31356e-06       8.00834e-05
             175.7       3.30245e-06       9.22884e-05
             175.9       3.55664e-06       9.63162e-05
             176.1       3.10843e-06       8.17942e-05
             176.3       2.91273e-06       8.00737e-05
             176.5       2.77735e-06       6.66497e-05
             176.7       2.60364e-06       6.54592e-05
             176.9       3.20664e-06       7.87853e-05
             177.1       2.68613e-06       6.46319e-05
             177.3       2.86759e-06       7.70949e-05
             177.5       3.10805e-06       7.99813e-05
             177.7       2.90699e-06       7.24227e-05
             177.9       2.99708e-06       7.16144e-05
             178.1       3.11237e-06       7.39815e-05
             178.3       2.86534e-06       6.40868e-05
             178.5       2.79455e-06       7.28963e-05
             178.7       2.98175e-06       7.25865e-05
             178.9       2.77721e-06       6.90008e-05
             179.1        2.3045e-06       6.75291e-05
             179.3       2.41381e-06       7.36731e-05
             179.5       2.26024e-06       6.27119e-05
             179.7       2.05999e-06       5.58229e-05
