               0.1          0.772483         0.0419685
               0.3          0.773805         0.0640329
               0.5          0.776856         0.0539356
               0.7          0.775731         0.0444217
               0.9          0.777803         0.0531538
               1.1          0.773574         0.0595061
               1.3          0.770566         0.0548891
               1.5          0.773215         0.0526845
               1.7          0.772902         0.0526083
               1.9          0.768178         0.0519416
               2.1          0.772581         0.0548404
               2.3          0.770236         0.0534495
               2.5          0.766753         0.0546025
               2.7           0.76161         0.0596311
               2.9          0.768643         0.0537052
               3.1          0.763583         0.0589806
               3.3          0.757638         0.0576941
               3.5          0.760121         0.0546151
               3.7          0.758425          0.062254
               3.9          0.761574         0.0590384
               4.1          0.754722         0.0578146
               4.3          0.754551         0.0618922
               4.5          0.751631         0.0637959
               4.7          0.748116          0.062391
               4.9          0.742287         0.0647573
               5.1          0.741983         0.0640674
               5.3          0.743394         0.0630436
               5.5          0.739826         0.0659709
               5.7          0.733658         0.0699282
               5.9          0.732237         0.0689889
               6.1          0.724707         0.0739714
               6.3          0.723736         0.0744977
               6.5          0.718813         0.0734968
               6.7          0.712915         0.0767064
               6.9          0.709906         0.0780224
               7.1          0.702557         0.0824722
               7.3          0.696569         0.0844407
               7.5          0.693295         0.0823629
               7.7          0.682916         0.0863162
               7.9          0.679782         0.0865558
               8.1          0.670751         0.0913915
               8.3          0.664215         0.0922081
               8.5          0.656263         0.0986752
               8.7           0.64548          0.101348
               8.9          0.638422          0.102937
               9.1          0.624929           0.11053
               9.3          0.615948          0.112936
               9.5          0.604521          0.116193
               9.7          0.586945          0.123694
               9.9          0.572271          0.129207
              10.1          0.557998          0.132843
              10.3          0.538448          0.141048
              10.5          0.504988          0.159049
              10.7          0.480814          0.164709
              10.9          0.458899          0.172094
              11.1          0.426905          0.175243
              11.3          0.408654          0.176956
              11.5          0.387527           0.17966
              11.7          0.360579          0.174735
              11.9          0.340961          0.173781
              12.1          0.319745          0.169496
              12.3          0.307174          0.168549
              12.5          0.281483           0.16158
              12.7          0.266143           0.15671
              12.9          0.241936          0.149498
              13.1          0.232833          0.146897
              13.3           0.21794          0.139417
              13.5           0.19499          0.129188
              13.7          0.189027          0.125063
              13.9          0.173707          0.117007
              14.1          0.162607          0.106603
              14.3          0.149202          0.100111
              14.5          0.141095         0.0976724
              14.7          0.130979         0.0900214
              14.9          0.122503         0.0843998
              15.1          0.115697         0.0787241
              15.3          0.107825         0.0758654
              15.5          0.102799         0.0734019
              15.7         0.0989719         0.0703142
              15.9         0.0916368         0.0662507
              16.1         0.0868021         0.0640343
              16.3         0.0830444         0.0593817
              16.5         0.0784247         0.0565783
              16.7          0.074321         0.0546331
              16.9         0.0724386         0.0550125
              17.1         0.0676838         0.0510261
              17.3         0.0653217         0.0500199
              17.5         0.0627667         0.0477514
              17.7         0.0598625         0.0458151
              17.9         0.0576822         0.0456531
              18.1         0.0555089         0.0446159
              18.3         0.0524601         0.0415661
              18.5          0.048955         0.0388242
              18.7         0.0481235         0.0389634
              18.9         0.0468192         0.0389518
              19.1         0.0432372         0.0359911
              19.3         0.0427642         0.0358432
              19.5         0.0410244         0.0343271
              19.7         0.0399534         0.0333198
              19.9          0.039235         0.0329301
              20.1         0.0370052         0.0312299
              20.3         0.0354732          0.030693
              20.5         0.0348943         0.0299703
              20.7         0.0339375         0.0284918
              20.9         0.0320098         0.0269387
              21.1         0.0322205         0.0278484
              21.3         0.0303911         0.0275695
              21.5         0.0293512         0.0255417
              21.7         0.0283699         0.0248219
              21.9         0.0275711         0.0249039
              22.1         0.0265716         0.0236255
              22.3         0.0255751         0.0232659
              22.5         0.0254297         0.0231572
              22.7         0.0246847         0.0223068
              22.9         0.0238326         0.0219557
              23.1         0.0232718         0.0209858
              23.3         0.0226912         0.0215529
              23.5         0.0222454         0.0207931
              23.7         0.0213876         0.0204458
              23.9         0.0207874         0.0196693
              24.1         0.0206341         0.0198834
              24.3         0.0194815         0.0190465
              24.5         0.0195423         0.0189229
              24.7         0.0188586         0.0186244
              24.9         0.0185511         0.0175576
              25.1          0.017707         0.0172932
              25.3         0.0173481          0.016763
              25.5          0.017077         0.0169278
              25.7         0.0167827          0.016468
              25.9         0.0161911          0.016248
              26.1         0.0155709         0.0159492
              26.3          0.015329         0.0153196
              26.5         0.0146688         0.0156878
              26.7         0.0144046         0.0149883
              26.9         0.0144164         0.0149488
              27.1         0.0140075         0.0142275
              27.3         0.0136973         0.0143135
              27.5          0.013235         0.0137848
              27.7          0.012755         0.0133881
              27.9         0.0124933         0.0130531
              28.1         0.0121574         0.0132974
              28.3         0.0122589         0.0129615
              28.5         0.0117733         0.0129979
              28.7         0.0120136         0.0136063
              28.9         0.0114841         0.0126898
              29.1         0.0108118         0.0119862
              29.3         0.0105742         0.0118963
              29.5         0.0105738         0.0114817
              29.7         0.0102887         0.0119676
              29.9        0.00997271         0.0114367
              30.1         0.0101623         0.0116461
              30.3        0.00965768         0.0112343
              30.5        0.00952587         0.0111667
              30.7        0.00942389         0.0113434
              30.9        0.00930149          0.010886
              31.1        0.00896634         0.0105942
              31.3        0.00869327         0.0102637
              31.5        0.00872195         0.0101763
              31.7        0.00840448          0.010252
              31.9         0.0081835         0.0099258
              32.1        0.00814126        0.00995412
              32.3        0.00810788         0.0100531
              32.5        0.00804898        0.00988826
              32.7        0.00773815         0.0095649
              32.9         0.0074579         0.0093375
              33.1        0.00752078        0.00958076
              33.3         0.0072749        0.00904812
              33.5        0.00710409        0.00889931
              33.7        0.00697118        0.00880582
              33.9        0.00679679         0.0094169
              34.1        0.00658329        0.00874984
              34.3         0.0065192        0.00841079
              34.5        0.00655363         0.0084312
              34.7        0.00615146        0.00810626
              34.9        0.00627396        0.00827168
              35.1         0.0061695        0.00849038
              35.3        0.00592026        0.00782039
              35.5        0.00576343        0.00766687
              35.7        0.00577049        0.00768793
              35.9        0.00567595        0.00789438
              36.1        0.00557213         0.0075871
              36.3        0.00530311        0.00741032
              36.5        0.00545261        0.00761235
              36.7        0.00537481        0.00747814
              36.9         0.0050501        0.00714673
              37.1        0.00509187        0.00729453
              37.3        0.00498035        0.00736236
              37.5         0.0049461        0.00716227
              37.7        0.00483686        0.00698421
              37.9        0.00470429        0.00674026
              38.1        0.00470172         0.0069682
              38.3        0.00462007        0.00680545
              38.5        0.00450392        0.00685832
              38.7        0.00450784        0.00695055
              38.9        0.00437175        0.00636438
              39.1         0.0042402          0.006306
              39.3        0.00424837        0.00668263
              39.5        0.00424693        0.00654189
              39.7        0.00401607        0.00597218
              39.9        0.00403792        0.00618688
              40.1        0.00394285        0.00624921
              40.3        0.00390132         0.0061187
              40.5        0.00384941        0.00598523
              40.7        0.00369721        0.00591297
              40.9        0.00354685        0.00555128
              41.1         0.0035801        0.00588736
              41.3        0.00354544        0.00596782
              41.5        0.00353447        0.00579018
              41.7        0.00344592         0.0057419
              41.9        0.00335967        0.00551318
              42.1        0.00346141        0.00599891
              42.3        0.00324899        0.00536694
              42.5        0.00317548         0.0052092
              42.7        0.00316216        0.00525358
              42.9        0.00320711        0.00555238
              43.1        0.00306936         0.0054728
              43.3        0.00304951        0.00524183
              43.5        0.00297508        0.00525862
              43.7        0.00283435        0.00493822
              43.9        0.00295729         0.0051319
              44.1        0.00289066        0.00502059
              44.3        0.00279045        0.00487243
              44.5        0.00274612        0.00479266
              44.7        0.00265862         0.0048824
              44.9        0.00269025        0.00480192
              45.1        0.00262015        0.00478356
              45.3        0.00263405        0.00489095
              45.5        0.00257814        0.00471189
              45.7        0.00251417        0.00449131
              45.9        0.00251378        0.00470974
              46.1        0.00255291        0.00473463
              46.3        0.00238475        0.00445132
              46.5         0.0023955        0.00448561
              46.7        0.00232444        0.00444272
              46.9        0.00233307        0.00457735
              47.1        0.00226652        0.00422634
              47.3        0.00220644        0.00427989
              47.5        0.00216537        0.00425879
              47.7        0.00213131        0.00406618
              47.9        0.00214547        0.00438989
              48.1        0.00222156        0.00451941
              48.3         0.0020806        0.00437465
              48.5         0.0020617        0.00420426
              48.7         0.0019802        0.00412761
              48.9        0.00196965        0.00385138
              49.1        0.00203251        0.00418216
              49.3         0.0019703        0.00410315
              49.5        0.00193393        0.00421311
              49.7        0.00189222        0.00384246
              49.9        0.00185641        0.00392858
              50.1        0.00177821        0.00397173
              50.3         0.0017785        0.00374677
              50.5        0.00173775        0.00363461
              50.7        0.00170587        0.00374089
              50.9        0.00174605        0.00378516
              51.1        0.00169595        0.00368565
              51.3        0.00162801        0.00365251
              51.5        0.00165858        0.00363449
              51.7         0.0016163        0.00348086
              51.9         0.0016149        0.00360435
              52.1        0.00155092        0.00352409
              52.3        0.00148439        0.00331288
              52.5        0.00155977        0.00355599
              52.7        0.00151609        0.00356907
              52.9        0.00150821        0.00352315
              53.1        0.00148503         0.0035781
              53.3        0.00149448        0.00345953
              53.5        0.00138228        0.00330632
              53.7        0.00142964        0.00332321
              53.9        0.00145448        0.00367469
              54.1        0.00132377        0.00318981
              54.3        0.00132633        0.00322452
              54.5        0.00134241        0.00319265
              54.7        0.00138094        0.00325499
              54.9        0.00128118        0.00314589
              55.1        0.00129964        0.00323169
              55.3        0.00120984        0.00297046
              55.5         0.0012321        0.00296577
              55.7        0.00123264         0.0030481
              55.9        0.00122017        0.00325385
              56.1        0.00121396        0.00293707
              56.3        0.00122421        0.00310395
              56.5        0.00113227         0.0028126
              56.7        0.00113031        0.00279895
              56.9        0.00109938        0.00287958
              57.1        0.00112857        0.00291855
              57.3        0.00110206        0.00289003
              57.5        0.00108045        0.00274999
              57.7        0.00103705        0.00263469
              57.9       0.000996009        0.00266719
              58.1        0.00109749        0.00293674
              58.3        0.00102654        0.00289492
              58.5        0.00104622        0.00282037
              58.7       0.000966359        0.00260104
              58.9       0.000991193        0.00271642
              59.1        0.00100004        0.00272954
              59.3       0.000924974        0.00255112
              59.5       0.000937084        0.00252217
              59.7       0.000902035         0.0024762
              59.9       0.000950191        0.00255722
              60.1       0.000922137        0.00258021
              60.3       0.000911987        0.00261678
              60.5       0.000835879        0.00234688
              60.7       0.000894276        0.00270382
              60.9       0.000879075        0.00255558
              61.1       0.000871298        0.00256935
              61.3       0.000885484        0.00262167
              61.5       0.000825307        0.00246202
              61.7       0.000844154        0.00254148
              61.9       0.000840982        0.00256009
              62.1       0.000845504        0.00244165
              62.3       0.000818306           0.00256
              62.5       0.000796156        0.00241559
              62.7       0.000733567        0.00222345
              62.9       0.000754575        0.00223395
              63.1       0.000716352        0.00218727
              63.3       0.000760992        0.00229598
              63.5       0.000720622        0.00232839
              63.7       0.000754272        0.00238856
              63.9       0.000695061        0.00215493
              64.1       0.000713925        0.00225677
              64.3       0.000678031        0.00208334
              64.5       0.000687979         0.0021173
              64.7       0.000668413          0.002097
              64.9       0.000648122        0.00207677
              65.1       0.000664976        0.00203228
              65.3       0.000619091        0.00194666
              65.5       0.000661514        0.00212458
              65.7       0.000633322        0.00205596
              65.9       0.000601444        0.00192857
              66.1       0.000592879        0.00207631
              66.3       0.000614047        0.00195521
              66.5       0.000624038        0.00207409
              66.7       0.000630946        0.00210561
              66.9       0.000608285        0.00197282
              67.1       0.000594558        0.00197654
              67.3       0.000578114        0.00198852
              67.5       0.000593565        0.00196726
              67.7       0.000576639        0.00195437
              67.9       0.000567638        0.00195775
              68.1       0.000545597        0.00192637
              68.3       0.000541845        0.00195377
              68.5       0.000532556        0.00186415
              68.7       0.000534967        0.00201332
              68.9        0.00053502        0.00195507
              69.1       0.000538843         0.0018794
              69.3       0.000522597        0.00178913
              69.5       0.000496878        0.00177845
              69.7       0.000490125        0.00187527
              69.9       0.000484692          0.001717
              70.1       0.000481205        0.00171217
              70.3       0.000515098        0.00187131
              70.5       0.000477098        0.00175797
              70.7       0.000462727        0.00180438
              70.9       0.000469569        0.00181892
              71.1       0.000459335        0.00172696
              71.3       0.000460033        0.00186413
              71.5       0.000454561        0.00178194
              71.7       0.000462541        0.00176338
              71.9       0.000410275        0.00155996
              72.1       0.000429523        0.00163979
              72.3       0.000419201        0.00162715
              72.5       0.000417773        0.00164921
              72.7       0.000424016        0.00169036
              72.9       0.000416438        0.00161254
              73.1       0.000391106        0.00156738
              73.3       0.000431057        0.00169082
              73.5       0.000402568        0.00168273
              73.7       0.000376148         0.0015749
              73.9       0.000408759        0.00168465
              74.1       0.000410313        0.00163602
              74.3       0.000391844        0.00163603
              74.5       0.000375791        0.00153773
              74.7       0.000365415        0.00151914
              74.9       0.000383241        0.00167518
              75.1       0.000380518        0.00165013
              75.3       0.000357237        0.00150899
              75.5       0.000361196        0.00153918
              75.7       0.000339797        0.00145102
              75.9        0.00038225        0.00162157
              76.1       0.000355055        0.00152455
              76.3       0.000346098         0.0015103
              76.5       0.000328355        0.00136367
              76.7       0.000343969         0.0015285
              76.9       0.000319795        0.00140644
              77.1       0.000324943        0.00143306
              77.3       0.000333994        0.00148269
              77.5       0.000318718        0.00139074
              77.7       0.000320936        0.00150176
              77.9       0.000306244        0.00136782
              78.1       0.000317906        0.00145461
              78.3       0.000316168        0.00141856
              78.5       0.000296099        0.00134086
              78.7       0.000277669         0.0012842
              78.9       0.000292134         0.0012752
              79.1       0.000309081        0.00146459
              79.3       0.000294496        0.00139632
              79.5       0.000279451        0.00139163
              79.7       0.000297673        0.00138918
              79.9       0.000283023        0.00129224
              80.1       0.000292729        0.00147913
              80.3       0.000273424        0.00132316
              80.5        0.00026849         0.0012891
              80.7       0.000270879        0.00138836
              80.9       0.000272703        0.00145284
              81.1       0.000265194         0.0012401
              81.3       0.000257119        0.00125101
              81.5       0.000264331        0.00127057
              81.7       0.000247734        0.00123763
              81.9       0.000248939         0.0012338
              82.1       0.000248859        0.00126907
              82.3       0.000228062        0.00113759
              82.5       0.000254155        0.00131757
              82.7       0.000230682        0.00115667
              82.9       0.000245302        0.00127331
              83.1       0.000227252        0.00120439
              83.3       0.000235068        0.00124599
              83.5       0.000242987        0.00124802
              83.7       0.000235769        0.00117078
              83.9         0.0002199        0.00113726
              84.1       0.000233046        0.00122519
              84.3       0.000215835        0.00119362
              84.5       0.000213679        0.00113101
              84.7        0.00020474        0.00107291
              84.9        0.00022261         0.0012966
              85.1       0.000222371        0.00120293
              85.3       0.000196668         0.0010867
              85.5       0.000217091         0.0011867
              85.7       0.000208168        0.00116616
              85.9       0.000209178        0.00115347
              86.1       0.000206722        0.00110334
              86.3        0.00019792        0.00111934
              86.5       0.000188412        0.00105244
              86.7       0.000206774        0.00113046
              86.9       0.000191093        0.00113733
              87.1       0.000181591        0.00100034
              87.3       0.000194021        0.00110678
              87.5       0.000189254         0.0011001
              87.7       0.000180618        0.00100196
              87.9       0.000191572         0.0010815
              88.1       0.000182912        0.00105849
              88.3       0.000186915        0.00114978
              88.5       0.000184601        0.00108953
              88.7       0.000171449       0.000989932
              88.9       0.000157889       0.000931859
              89.1       0.000174849        0.00109027
              89.3       0.000179718        0.00104789
              89.5       0.000168654        0.00100119
              89.7       0.000175746        0.00104285
              89.9       0.000160956       0.000981544
              90.1       0.000160235       0.000951345
              90.3       0.000160868        0.00102184
              90.5       0.000158888        0.00098341
              90.7       0.000154384       0.000919045
              90.9       0.000159444       0.000986519
              91.1        0.00015604        0.00103349
              91.3       0.000152426         0.0010139
              91.5       0.000149304       0.000907578
              91.7       0.000163642        0.00104167
              91.9       0.000136443       0.000886767
              92.1       0.000142536       0.000900346
              92.3       0.000140256       0.000961576
              92.5       0.000134901       0.000832694
              92.7       0.000150731        0.00101469
              92.9       0.000139169       0.000944593
              93.1       0.000132233        0.00092687
              93.3       0.000142561       0.000949768
              93.5       0.000140578       0.000963588
              93.7       0.000126318       0.000849465
              93.9       0.000128466       0.000825627
              94.1       0.000132551       0.000883391
              94.3       0.000127329       0.000857037
              94.5       0.000137376       0.000948351
              94.7        0.00012419       0.000831844
              94.9       0.000130674       0.000851862
              95.1       0.000126637       0.000893693
              95.3       0.000115829       0.000813137
              95.5       0.000115258       0.000776783
              95.7       0.000123963       0.000906482
              95.9       0.000121312       0.000833839
              96.1       0.000126216       0.000908847
              96.3        0.00011152        0.00080044
              96.5       0.000107499       0.000745486
              96.7       0.000118715       0.000970697
              96.9       0.000110553       0.000787178
              97.1       0.000120823       0.000853999
              97.3       0.000105016       0.000800977
              97.5       0.000119468       0.000858737
              97.7        0.00010484       0.000762997
              97.9       0.000104159       0.000801422
              98.1       0.000107746       0.000818813
              98.3       0.000109042       0.000749383
              98.5       0.000107025       0.000811718
              98.7       0.000112834       0.000858216
              98.9       9.73701e-05       0.000709268
              99.1       0.000105899       0.000748725
              99.3       9.91472e-05       0.000752511
              99.5       9.61105e-05       0.000770058
              99.7       9.82513e-05       0.000725688
              99.9       9.25916e-05       0.000702974
             100.1       0.000102365       0.000777213
             100.3       9.31108e-05       0.000731742
             100.5        0.00010064       0.000820089
             100.7          9.76e-05        0.00077484
             100.9       9.07634e-05       0.000766053
             101.1       9.94354e-05       0.000830918
             101.3       8.70449e-05       0.000669271
             101.5       0.000100293       0.000790854
             101.7       8.11437e-05       0.000658065
             101.9       8.65393e-05       0.000726333
             102.1       8.95326e-05       0.000742141
             102.3       8.27452e-05       0.000668152
             102.5        8.8357e-05       0.000729891
             102.7       8.26261e-05       0.000653704
             102.9       8.47797e-05       0.000692385
             103.1       8.24112e-05       0.000710623
             103.3       8.29413e-05       0.000724196
             103.5        7.6313e-05       0.000591275
             103.7       8.24046e-05       0.000677954
             103.9       7.04935e-05       0.000599833
             104.1       8.35183e-05       0.000707247
             104.3       6.89712e-05       0.000597184
             104.5       8.24243e-05       0.000766695
             104.7       7.79759e-05       0.000668611
             104.9       7.86656e-05       0.000677426
             105.1       7.30759e-05       0.000626972
             105.3       8.09603e-05        0.00070422
             105.5       8.21665e-05       0.000736053
             105.7       7.20317e-05       0.000633238
             105.9       7.66932e-05        0.00068747
             106.1       7.34812e-05       0.000676044
             106.3        6.9283e-05       0.000629748
             106.5       6.91407e-05        0.00060787
             106.7       6.71994e-05       0.000591415
             106.9       6.81516e-05       0.000608603
             107.1       6.77464e-05       0.000619723
             107.3       6.79066e-05       0.000636119
             107.5       7.02691e-05       0.000603735
             107.7        5.4817e-05       0.000492594
             107.9       5.99545e-05       0.000537036
             108.1       5.63736e-05        0.00051992
             108.3       6.22104e-05       0.000571203
             108.5       6.04351e-05       0.000584478
             108.7       6.09912e-05       0.000561895
             108.9       6.34892e-05       0.000569355
             109.1       6.03596e-05       0.000543881
             109.3       6.56728e-05       0.000654729
             109.5       6.00674e-05       0.000554274
             109.7       6.07619e-05       0.000571594
             109.9       5.68679e-05       0.000536317
             110.1       5.93771e-05       0.000540955
             110.3       5.93812e-05       0.000566353
             110.5       6.03675e-05       0.000536124
             110.7       6.26392e-05       0.000598272
             110.9       6.00879e-05       0.000628106
             111.1        5.4527e-05       0.000542108
             111.3       6.16451e-05       0.000633527
             111.5       5.02625e-05       0.000523264
             111.7       5.61049e-05       0.000564855
             111.9       5.27596e-05       0.000543623
             112.1       5.12266e-05       0.000549246
             112.3       4.93486e-05       0.000505403
             112.5       5.06755e-05       0.000506662
             112.7       5.08942e-05       0.000526681
             112.9       4.54488e-05       0.000487223
             113.1        4.8864e-05       0.000526326
             113.3       5.16851e-05       0.000518385
             113.5       4.95498e-05       0.000583104
             113.7        4.9073e-05       0.000526562
             113.9       5.18848e-05       0.000518636
             114.1       5.09483e-05       0.000542778
             114.3       4.85259e-05        0.00050495
             114.5       5.17517e-05       0.000591563
             114.7       5.40853e-05       0.000585512
             114.9       5.48658e-05       0.000586617
             115.1        4.3589e-05       0.000498109
             115.3        4.0657e-05        0.00042771
             115.5       5.05563e-05       0.000556076
             115.7       4.09236e-05       0.000425566
             115.9       4.27865e-05       0.000473651
             116.1       4.05759e-05       0.000464847
             116.3       4.38924e-05       0.000510922
             116.5       4.21824e-05        0.00046518
             116.7       3.76863e-05       0.000420209
             116.9       4.12492e-05       0.000458238
             117.1       4.95342e-05       0.000531737
             117.3       4.19387e-05       0.000467519
             117.5       4.07359e-05       0.000493165
             117.7       3.84322e-05       0.000447117
             117.9       3.97405e-05       0.000477118
             118.1       3.75754e-05       0.000440022
             118.3       4.04496e-05       0.000502678
             118.5       4.07559e-05       0.000477587
             118.7       4.03221e-05       0.000442212
             118.9          3.73e-05       0.000425342
             119.1       3.46398e-05       0.000427483
             119.3       3.83155e-05       0.000490637
             119.5        3.6439e-05       0.000435989
             119.7       3.76663e-05       0.000455384
             119.9       3.89948e-05       0.000471553
             120.1       3.87363e-05       0.000465923
             120.3       3.76791e-05       0.000462055
             120.5       3.45582e-05       0.000408599
             120.7       3.60233e-05       0.000445693
             120.9       3.20731e-05       0.000379822
             121.1       3.32993e-05       0.000400946
             121.3       3.52872e-05       0.000450582
             121.5       3.49325e-05       0.000452281
             121.7       3.82033e-05       0.000462132
             121.9       3.33252e-05       0.000464305
             122.1       3.12315e-05       0.000391813
             122.3        3.1152e-05        0.00038644
             122.5        3.2742e-05       0.000428309
             122.7       3.62405e-05       0.000469799
             122.9       3.00785e-05        0.00044008
             123.1       3.00489e-05       0.000403788
             123.3       2.65903e-05       0.000315979
             123.5       2.77739e-05       0.000371568
             123.7       3.24092e-05       0.000446422
             123.9       2.99816e-05       0.000382519
             124.1       3.07875e-05       0.000424056
             124.3       3.00358e-05       0.000376942
             124.5       2.86615e-05       0.000381427
             124.7       2.37412e-05       0.000334185
             124.9       2.99873e-05       0.000377034
             125.1       2.80983e-05       0.000355073
             125.3       2.83075e-05       0.000378021
             125.5       2.92416e-05       0.000410405
             125.7       2.91509e-05       0.000413242
             125.9        2.8283e-05       0.000370017
             126.1       2.77283e-05       0.000374824
             126.3       2.70586e-05       0.000355116
             126.5       2.84102e-05       0.000405242
             126.7       2.70629e-05       0.000354041
             126.9       2.69608e-05       0.000367926
             127.1       2.29686e-05       0.000323877
             127.3       2.61032e-05       0.000421107
             127.5       2.77344e-05        0.00041966
             127.7       2.49407e-05       0.000347639
             127.9       2.64075e-05       0.000355999
             128.1       2.40536e-05       0.000359395
             128.3       2.95015e-05       0.000419662
             128.5       2.31956e-05       0.000354999
             128.7        2.2723e-05       0.000302588
             128.9       2.43637e-05       0.000357622
             129.1       2.48037e-05       0.000346614
             129.3       2.37389e-05        0.00037053
             129.5       2.01112e-05        0.00032361
             129.7       2.35337e-05       0.000369449
             129.9        2.4466e-05       0.000337969
             130.1       2.50755e-05       0.000398368
             130.3       2.77319e-05       0.000459577
             130.5       2.31135e-05       0.000328629
             130.7       2.53548e-05       0.000386319
             130.9       2.32351e-05       0.000326948
             131.1       2.26016e-05       0.000342189
             131.3       2.29587e-05       0.000354589
             131.5         2.076e-05       0.000317318
             131.7       2.41507e-05       0.000377818
             131.9       1.80554e-05       0.000276549
             132.1       2.08396e-05       0.000316673
             132.3       1.96483e-05       0.000321038
             132.5       1.63328e-05           0.00026
             132.7       2.29426e-05       0.000335286
             132.9       2.06868e-05       0.000321226
             133.1       2.25469e-05       0.000358958
             133.3       1.76592e-05       0.000305515
             133.5       2.27222e-05       0.000338123
             133.7        1.7407e-05       0.000278406
             133.9       1.86155e-05       0.000290375
             134.1       2.09943e-05       0.000328836
             134.3       2.11266e-05       0.000363458
             134.5       1.87296e-05       0.000303837
             134.7       1.92624e-05       0.000301658
             134.9       1.96162e-05       0.000362019
             135.1       1.79495e-05       0.000289077
             135.3       1.77722e-05       0.000300744
             135.5       1.37884e-05       0.000231626
             135.7       1.58102e-05       0.000277014
             135.9        1.6666e-05       0.000299271
             136.1       1.73133e-05       0.000277352
             136.3       1.98372e-05       0.000333427
             136.5       1.51231e-05       0.000290479
             136.7       1.74537e-05       0.000288056
             136.9       1.58805e-05       0.000283734
             137.1       1.95237e-05       0.000360063
             137.3       1.37928e-05       0.000240147
             137.5       1.60715e-05       0.000314325
             137.7       1.64078e-05       0.000284971
             137.9       1.91201e-05       0.000402249
             138.1       1.56746e-05       0.000289215
             138.3       1.64921e-05       0.000286836
             138.5       1.79822e-05       0.000341103
             138.7       1.54702e-05       0.000296504
             138.9       1.32863e-05       0.000240592
             139.1       1.67573e-05       0.000294125
             139.3       1.41295e-05        0.00028507
             139.5       1.30171e-05       0.000259548
             139.7        1.1685e-05       0.000209111
             139.9       1.58238e-05       0.000279004
             140.1        1.2313e-05       0.000244401
             140.3       1.51848e-05       0.000271013
             140.5       1.59296e-05       0.000310812
             140.7       1.27901e-05       0.000268453
             140.9       1.47892e-05       0.000305345
             141.1       1.34893e-05       0.000254658
             141.3       1.56987e-05       0.000293967
             141.5       1.65445e-05       0.000303022
             141.7       1.36134e-05       0.000272085
             141.9       1.48921e-05       0.000324557
             142.1       1.21666e-05       0.000229923
             142.3       1.23269e-05       0.000246083
             142.5        1.3082e-05       0.000278944
             142.7       1.37103e-05       0.000268016
             142.9       1.08746e-05       0.000227369
             143.1       1.19349e-05       0.000224845
             143.3        1.2958e-05       0.000279209
             143.5       1.22958e-05       0.000264052
             143.7       1.35923e-05       0.000272239
             143.9        1.0894e-05       0.000229295
             144.1       1.46829e-05       0.000300721
             144.3       1.05104e-05       0.000235868
             144.5       1.25432e-05       0.000253221
             144.7       1.33549e-05         0.0002909
             144.9       1.09275e-05        0.00022085
             145.1       1.05179e-05       0.000259005
             145.3       1.18996e-05       0.000257342
             145.5       1.02913e-05       0.000214427
             145.7       1.29608e-05        0.00028388
             145.9       1.05211e-05        0.00025029
             146.1       1.31379e-05       0.000351504
             146.3       1.13136e-05       0.000223465
             146.5       9.88721e-06       0.000213905
             146.7       1.22513e-05       0.000265333
             146.9         9.192e-06       0.000194028
             147.1       9.68721e-06       0.000208728
             147.3       8.70015e-06       0.000182019
             147.5       1.27446e-05       0.000273772
             147.7       1.35694e-05       0.000276689
             147.9       7.68502e-06       0.000180136
             148.1       8.78845e-06       0.000189338
             148.3       1.20707e-05       0.000249211
             148.5       9.05124e-06       0.000198531
             148.7       9.33779e-06       0.000223949
             148.9       9.41553e-06       0.000195488
             149.1       1.03863e-05       0.000208924
             149.3       1.08849e-05       0.000255137
             149.5         1.067e-05       0.000229753
             149.7       7.85603e-06       0.000169546
             149.9        9.0214e-06       0.000213747
             150.1       8.13121e-06       0.000190319
             150.3       8.51214e-06       0.000199054
             150.5       9.20859e-06       0.000222367
             150.7       9.81807e-06       0.000206166
             150.9       9.96605e-06       0.000246759
             151.1       9.26006e-06       0.000198925
             151.3       7.58091e-06       0.000185997
             151.5       7.97695e-06       0.000187318
             151.7       9.44442e-06       0.000225635
             151.9       7.69358e-06       0.000197654
             152.1       9.87505e-06       0.000225048
             152.3       7.78817e-06       0.000179401
             152.5       9.91621e-06       0.000248355
             152.7       7.83388e-06       0.000172302
             152.9       8.68441e-06       0.000190791
             153.1       9.13991e-06       0.000213884
             153.3       8.73766e-06       0.000223403
             153.5        8.6619e-06       0.000196573
             153.7       8.98138e-06       0.000209156
             153.9       7.90003e-06       0.000199584
             154.1       7.52771e-06       0.000200209
             154.3       7.63096e-06       0.000174595
             154.5       6.44616e-06       0.000170618
             154.7        8.1297e-06       0.000196566
             154.9       8.80247e-06       0.000239759
             155.1       7.81416e-06       0.000200711
             155.3       7.00904e-06       0.000206038
             155.5       8.95335e-06       0.000237065
             155.7       7.55847e-06       0.000209788
             155.9       6.52111e-06       0.000185303
             156.1       6.42195e-06       0.000183103
             156.3       9.24098e-06       0.000242467
             156.5       6.97778e-06       0.000196021
             156.7       7.12895e-06       0.000205946
             156.9       7.71334e-06       0.000181555
             157.1       6.51291e-06       0.000209501
             157.3       6.35905e-06       0.000154275
             157.5       7.60802e-06       0.000206751
             157.7       6.09293e-06       0.000160402
             157.9       5.77473e-06       0.000152316
             158.1       7.37201e-06        0.00018675
             158.3       7.42718e-06       0.000180289
             158.5        7.8269e-06       0.000236598
             158.7       6.31323e-06       0.000159896
             158.9       7.03292e-06       0.000179677
             159.1       7.68414e-06       0.000190453
             159.3       6.89183e-06       0.000171261
             159.5       4.89898e-06       0.000142281
             159.7       4.46805e-06       0.000121002
             159.9       6.86963e-06       0.000167891
             160.1       5.27744e-06       0.000137365
             160.3       4.96966e-06       0.000148693
             160.5       7.33497e-06       0.000251839
             160.7       5.71563e-06       0.000150701
             160.9        5.5589e-06       0.000157897
             161.1       6.03486e-06       0.000158817
             161.3       6.43014e-06       0.000190525
             161.5       5.81687e-06       0.000159554
             161.7        6.9701e-06        0.00019102
             161.9       6.95317e-06       0.000188033
             162.1       5.22635e-06        0.00014625
             162.3       6.05852e-06       0.000164053
             162.5       5.76918e-06       0.000164754
             162.7       5.63122e-06       0.000211951
             162.9       4.97662e-06       0.000152566
             163.1       5.39752e-06       0.000162738
             163.3       3.68292e-06       0.000115625
             163.5       5.12348e-06       0.000145849
             163.7       4.86847e-06       0.000159671
             163.9       6.72036e-06       0.000188189
             164.1       5.67053e-06       0.000160458
             164.3       4.07667e-06        0.00010812
             164.5       6.22055e-06       0.000174355
             164.7       6.28203e-06       0.000172476
             164.9       4.84661e-06        0.00013918
             165.1       5.55025e-06       0.000170376
             165.3       4.71374e-06       0.000133566
             165.5       5.19501e-06       0.000166497
             165.7       6.17298e-06       0.000186001
             165.9        4.2548e-06       0.000127574
             166.1       5.93952e-06       0.000169987
             166.3       4.26519e-06       0.000127463
             166.5       3.39634e-06       0.000112586
             166.7       4.96504e-06       0.000162475
             166.9       5.25895e-06       0.000150482
             167.1       4.02888e-06       0.000150857
             167.3       4.16765e-06       0.000131675
             167.5       4.57829e-06        0.00013996
             167.7       4.59636e-06       0.000136437
             167.9       3.35042e-06       0.000104775
             168.1       5.55642e-06       0.000198094
             168.3       4.16249e-06       0.000148869
             168.5       3.86687e-06       0.000116109
             168.7       5.14945e-06       0.000164271
             168.9       3.48076e-06       0.000117278
             169.1       3.34565e-06       0.000107539
             169.3       3.94689e-06       0.000127054
             169.5       3.21673e-06       0.000124172
             169.7       4.23979e-06       0.000124394
             169.9       3.97718e-06       0.000130669
             170.1       3.61252e-06       0.000123698
             170.3       3.02129e-06       0.000113474
             170.5       4.59859e-06       0.000163122
             170.7       2.82376e-06       9.29966e-05
             170.9       4.57424e-06        0.00015498
             171.1       3.66329e-06       0.000129109
             171.3       4.00885e-06       0.000130404
             171.5       3.78355e-06       0.000131709
             171.7       3.31155e-06        0.00012338
             171.9       3.47955e-06       0.000105112
             172.1       2.52306e-06       9.28678e-05
             172.3       3.45981e-06       0.000114206
             172.5       3.56512e-06        0.00014342
             172.7         2.909e-06       0.000110366
             172.9       3.38698e-06       0.000118316
             173.1        4.6179e-06       0.000157391
             173.3       3.12165e-06       0.000123876
             173.5       3.70545e-06       0.000133408
             173.7       3.39941e-06       0.000120604
             173.9       4.66021e-06       0.000164997
             174.1       3.37508e-06       0.000154748
             174.3       3.48338e-06       0.000125165
             174.5       3.45491e-06       0.000140204
             174.7       3.32995e-06       0.000111114
             174.9       3.57588e-06       0.000126307
             175.1       4.58705e-06        0.00014315
             175.3       3.20931e-06       0.000116657
             175.5       2.73186e-06       0.000109128
             175.7       3.91905e-06       0.000144438
             175.9       3.43164e-06       0.000135708
             176.1       2.14558e-06       9.46729e-05
             176.3       5.01485e-06        0.00015965
             176.5       3.98512e-06       0.000181513
             176.7       4.65001e-06       0.000183538
             176.9       2.98255e-06       0.000121563
             177.1       2.07761e-06       8.16989e-05
             177.3        2.2418e-06       8.03742e-05
             177.5       2.79037e-06       0.000130468
             177.7       3.01365e-06       0.000120194
             177.9       3.41916e-06       0.000164921
             178.1       3.43064e-06       0.000124332
             178.3       2.23213e-06       0.000124839
             178.5       3.40874e-06       0.000126497
             178.7       3.61466e-06       0.000139842
             178.9       3.78876e-06       0.000182963
             179.1       2.37234e-06       9.52557e-05
             179.3       2.21808e-06       9.12098e-05
             179.5       3.56936e-06       0.000150724
             179.7       2.59941e-06       0.000116178
