               0.1          0.766784         0.0847612
               0.3           0.77497         0.0540067
               0.5          0.771334         0.0499301
               0.7          0.777332         0.0564049
               0.9          0.769801         0.0589227
               1.1           0.77411         0.0660845
               1.3          0.772702         0.0561369
               1.5          0.772099         0.0554525
               1.7          0.771521         0.0648291
               1.9          0.770353         0.0618828
               2.1          0.770864         0.0592866
               2.3          0.768246         0.0650696
               2.5          0.767043         0.0629275
               2.7          0.766588         0.0649898
               2.9          0.765507         0.0620467
               3.1           0.76198         0.0640184
               3.3          0.765255         0.0628035
               3.5          0.761892         0.0675462
               3.7          0.761857         0.0648845
               3.9          0.757507         0.0683368
               4.1          0.756143         0.0666126
               4.3          0.753671         0.0712473
               4.5          0.749795         0.0713615
               4.7          0.749067         0.0741238
               4.9          0.748124         0.0724821
               5.1          0.743963         0.0712074
               5.3          0.736997         0.0759312
               5.5          0.737811         0.0790794
               5.7          0.734435         0.0776351
               5.9          0.730968         0.0776849
               6.1          0.727987         0.0799974
               6.3          0.720925         0.0807819
               6.5          0.722331         0.0820765
               6.7           0.71307         0.0880651
               6.9          0.703933         0.0853192
               7.1          0.706795         0.0876887
               7.3          0.697664         0.0910201
               7.5           0.69226         0.0940495
               7.7          0.685152         0.0967327
               7.9          0.674743         0.0976317
               8.1          0.668433         0.0973606
               8.3          0.662741          0.105804
               8.5          0.657446          0.105727
               8.7          0.648237          0.109704
               8.9          0.630304          0.115925
               9.1          0.623818          0.118983
               9.3          0.615948          0.120223
               9.5          0.605615          0.127224
               9.7          0.588465          0.131884
               9.9          0.573869          0.137087
              10.1          0.555052          0.143615
              10.3          0.531067           0.15478
              10.5          0.508453          0.162169
              10.7          0.482769          0.174259
              10.9          0.449211          0.181472
              11.1          0.432299          0.184384
              11.3          0.398563          0.184478
              11.5          0.381684          0.180981
              11.7          0.357386          0.183964
              11.9          0.336812          0.183734
              12.1           0.32174          0.177342
              12.3          0.297221          0.175434
              12.5          0.283988          0.172191
              12.7          0.262622          0.165353
              12.9          0.250898           0.15613
              13.1          0.238518          0.158712
              13.3          0.219766          0.148471
              13.5          0.197343          0.136889
              13.7          0.188527          0.133248
              13.9          0.176763          0.127927
              14.1          0.163492          0.119321
              14.3          0.153797          0.110399
              14.5          0.139251         0.0995549
              14.7          0.130243         0.0970506
              14.9          0.123704          0.092929
              15.1          0.115948         0.0878053
              15.3          0.110321         0.0843191
              15.5          0.101259         0.0786196
              15.7         0.0969154         0.0757929
              15.9         0.0910788         0.0720694
              16.1         0.0867686         0.0695031
              16.3         0.0812024         0.0646919
              16.5         0.0776579         0.0634117
              16.7         0.0723337         0.0600975
              16.9         0.0716882           0.05997
              17.1          0.068659          0.059265
              17.3         0.0647734         0.0541645
              17.5         0.0628389         0.0552641
              17.7         0.0603569         0.0526688
              17.9         0.0568307         0.0500458
              18.1         0.0553016         0.0486109
              18.3         0.0537773         0.0480607
              18.5         0.0506373         0.0444679
              18.7          0.047619         0.0429964
              18.9         0.0463207         0.0410721
              19.1         0.0460449         0.0423435
              19.3         0.0425591         0.0392323
              19.5          0.042424         0.0389091
              19.7         0.0390478         0.0354025
              19.9         0.0397188          0.037431
              20.1         0.0374528         0.0346299
              20.3         0.0360747         0.0339003
              20.5         0.0340479         0.0322368
              20.7         0.0338134         0.0336175
              20.9         0.0321582         0.0320481
              21.1         0.0312403         0.0298726
              21.3         0.0303863         0.0287504
              21.5         0.0299944         0.0301123
              21.7          0.028892         0.0284975
              21.9         0.0283053         0.0283375
              22.1         0.0269616         0.0257602
              22.3         0.0260681         0.0263903
              22.5          0.025143         0.0259817
              22.7          0.024493         0.0247487
              22.9          0.023903         0.0246204
              23.1         0.0228547         0.0238591
              23.3          0.022785         0.0241673
              23.5         0.0221198         0.0231651
              23.7         0.0215822         0.0224929
              23.9         0.0208635         0.0226557
              24.1         0.0207804         0.0222585
              24.3          0.019369         0.0200061
              24.5         0.0189056         0.0205818
              24.7         0.0190466         0.0206794
              24.9         0.0184094         0.0195973
              25.1         0.0182881         0.0200931
              25.3         0.0174071         0.0188487
              25.5         0.0171225         0.0191411
              25.7         0.0160866          0.018441
              25.9         0.0160474         0.0188394
              26.1         0.0161624         0.0187585
              26.3          0.015673          0.017977
              26.5         0.0147817         0.0161562
              26.7         0.0145649         0.0164909
              26.9         0.0142003         0.0166131
              27.1         0.0138134         0.0164043
              27.3         0.0133151          0.015337
              27.5         0.0138909         0.0163566
              27.7         0.0128484         0.0154493
              27.9         0.0126161         0.0149252
              28.1         0.0123057         0.0146461
              28.3          0.012034         0.0148577
              28.5         0.0117246         0.0139444
              28.7           0.01179          0.014288
              28.9         0.0113341         0.0139683
              29.1         0.0112475         0.0141185
              29.3         0.0108888         0.0133533
              29.5          0.010772         0.0131714
              29.7         0.0104824         0.0132374
              29.9         0.0102771         0.0131751
              30.1        0.00987675         0.0125486
              30.3        0.00986586         0.0129705
              30.5        0.00971078         0.0124465
              30.7        0.00908414         0.0120319
              30.9        0.00929085         0.0128109
              31.1        0.00906173         0.0121554
              31.3        0.00854429         0.0116362
              31.5        0.00870797         0.0112376
              31.7         0.0085386          0.011129
              31.9        0.00829229         0.0118595
              32.1        0.00805369         0.0107134
              32.3        0.00791908         0.0106244
              32.5        0.00791749         0.0115382
              32.7        0.00778323         0.0110022
              32.9        0.00738596         0.0101839
              33.1        0.00765277         0.0109982
              33.3        0.00733276         0.0106967
              33.5        0.00689153        0.00945649
              33.7        0.00701048         0.0106408
              33.9        0.00668167        0.00970979
              34.1         0.0065863        0.00968481
              34.3        0.00673292        0.00988458
              34.5        0.00639662        0.00932479
              34.7        0.00623741        0.00917397
              34.9        0.00618355        0.00933354
              35.1        0.00620955        0.00907612
              35.3        0.00594488        0.00892628
              35.5        0.00574369        0.00848239
              35.7        0.00567615        0.00888916
              35.9        0.00558652        0.00854576
              36.1        0.00551778        0.00838391
              36.3        0.00564103         0.0090287
              36.5        0.00530404        0.00798648
              36.7        0.00512909        0.00812881
              36.9        0.00533434        0.00855964
              37.1        0.00520866        0.00831404
              37.3        0.00500778        0.00826883
              37.5        0.00472988        0.00740969
              37.7        0.00468257        0.00739819
              37.9        0.00479429         0.0076732
              38.1        0.00465527        0.00753743
              38.3        0.00435979        0.00697136
              38.5        0.00457021         0.0079314
              38.7        0.00451965        0.00760025
              38.9        0.00446621        0.00765776
              39.1        0.00421509        0.00712227
              39.3        0.00408894        0.00692008
              39.5        0.00402564         0.0067108
              39.7        0.00406184        0.00719165
              39.9        0.00396456        0.00698236
              40.1        0.00391404        0.00659589
              40.3        0.00390701         0.0069384
              40.5        0.00370404        0.00632315
              40.7        0.00382574        0.00676025
              40.9        0.00373069        0.00645419
              41.1        0.00366916        0.00653273
              41.3        0.00348782        0.00624467
              41.5        0.00342639        0.00635706
              41.7        0.00351652        0.00644846
              41.9        0.00330539        0.00611137
              42.1        0.00327424        0.00595437
              42.3        0.00326624        0.00625309
              42.5        0.00324779        0.00610418
              42.7        0.00328117        0.00616927
              42.9        0.00310367        0.00583943
              43.1        0.00301135         0.0058073
              43.3        0.00301743        0.00589434
              43.5        0.00303506         0.0060027
              43.7        0.00296226        0.00612788
              43.9        0.00282594        0.00566213
              44.1        0.00285235        0.00583109
              44.3        0.00276739        0.00562305
              44.5        0.00277811        0.00558112
              44.7        0.00261129        0.00516265
              44.9        0.00268852        0.00557094
              45.1        0.00248145         0.0048695
              45.3        0.00256747        0.00502042
              45.5        0.00253284        0.00507585
              45.7        0.00249294        0.00524967
              45.9        0.00257984        0.00542989
              46.1        0.00253927        0.00547626
              46.3        0.00248218         0.0051512
              46.5        0.00239775        0.00502395
              46.7        0.00225948        0.00475858
              46.9        0.00220627        0.00471096
              47.1        0.00223094        0.00484952
              47.3        0.00217165        0.00475314
              47.5        0.00214124        0.00460203
              47.7        0.00225733        0.00519209
              47.9         0.0021524        0.00458238
              48.1        0.00209599        0.00468643
              48.3        0.00206684        0.00476584
              48.5        0.00203653        0.00468026
              48.7        0.00205895        0.00462816
              48.9        0.00196574        0.00460401
              49.1        0.00195733        0.00454664
              49.3        0.00196403        0.00452062
              49.5        0.00191826        0.00432939
              49.7        0.00186499        0.00422668
              49.9        0.00188445        0.00424951
              50.1        0.00187339        0.00446524
              50.3        0.00174595         0.0041258
              50.5        0.00176566        0.00412957
              50.7        0.00177132        0.00417652
              50.9        0.00163532         0.0039709
              51.1        0.00157183        0.00371449
              51.3        0.00164114          0.004136
              51.5        0.00164689        0.00403639
              51.7        0.00160757        0.00392096
              51.9        0.00162296        0.00402952
              52.1        0.00155502        0.00387466
              52.3        0.00155594        0.00388063
              52.5        0.00152393         0.0037687
              52.7        0.00148805        0.00387077
              52.9        0.00146518        0.00390793
              53.1        0.00143553        0.00360725
              53.3        0.00152339        0.00392488
              53.5        0.00139157        0.00364103
              53.7        0.00140631        0.00371365
              53.9        0.00139997        0.00361571
              54.1        0.00132704        0.00350032
              54.3        0.00136094        0.00370987
              54.5        0.00134946        0.00362305
              54.7        0.00132141        0.00350245
              54.9        0.00128138        0.00344764
              55.1        0.00123511        0.00326337
              55.3        0.00127928        0.00361072
              55.5        0.00124439        0.00351998
              55.7        0.00113839        0.00321373
              55.9        0.00119732         0.0033463
              56.1        0.00124326        0.00358189
              56.3        0.00116495        0.00333689
              56.5        0.00114237        0.00316025
              56.7        0.00117417        0.00333918
              56.9        0.00114476        0.00328219
              57.1        0.00108979        0.00301658
              57.3        0.00110472        0.00303581
              57.5        0.00112499        0.00322188
              57.7        0.00110532        0.00325902
              57.9        0.00106753        0.00320379
              58.1        0.00102016        0.00306612
              58.3        0.00100146        0.00308313
              58.5       0.000998493        0.00313255
              58.7       0.000958957        0.00285568
              58.9       0.000991166         0.0029428
              59.1       0.000988141        0.00299715
              59.3       0.000957333        0.00287141
              59.5       0.000958094        0.00305092
              59.7       0.000942342        0.00285924
              59.9        0.00093319        0.00294322
              60.1       0.000912128        0.00270618
              60.3       0.000904605        0.00294769
              60.5       0.000903905        0.00286928
              60.7       0.000864156        0.00264166
              60.9       0.000853041        0.00268177
              61.1         0.0008628        0.00304458
              61.3       0.000839919        0.00265618
              61.5       0.000841475         0.0026631
              61.7       0.000800068        0.00261407
              61.9         0.0008368        0.00270647
              62.1       0.000780563        0.00259615
              62.3       0.000793157        0.00257226
              62.5       0.000818797        0.00285939
              62.7       0.000783402        0.00258526
              62.9       0.000752902        0.00252389
              63.1       0.000726792        0.00249144
              63.3       0.000741491        0.00252122
              63.5       0.000743548        0.00261451
              63.7       0.000707662        0.00233364
              63.9       0.000726077        0.00262741
              64.1       0.000708642        0.00242064
              64.3       0.000708109        0.00241415
              64.5       0.000689881        0.00249604
              64.7       0.000676804        0.00252642
              64.9       0.000695028         0.0025123
              65.1       0.000676545        0.00246365
              65.3       0.000657402        0.00238189
              65.5       0.000649177        0.00234526
              65.7         0.0006552        0.00238592
              65.9       0.000628564        0.00224468
              66.1       0.000661001        0.00249961
              66.3       0.000610203        0.00217514
              66.5       0.000622198        0.00227946
              66.7       0.000596151        0.00225565
              66.9       0.000613359        0.00235314
              67.1       0.000593009        0.00229515
              67.3       0.000565794        0.00220925
              67.5       0.000576663        0.00216771
              67.7       0.000548071        0.00212157
              67.9       0.000574161        0.00224083
              68.1       0.000560137         0.0023048
              68.3       0.000549779         0.0021883
              68.5       0.000566005        0.00223362
              68.7       0.000527812        0.00216435
              68.9       0.000533375        0.00216143
              69.1        0.00051995        0.00212219
              69.3       0.000506056        0.00214296
              69.5       0.000509954        0.00207404
              69.7       0.000506398        0.00204296
              69.9       0.000486289        0.00196489
              70.1       0.000497812        0.00212651
              70.3       0.000490682        0.00194831
              70.5       0.000495153        0.00206288
              70.7       0.000473388         0.0020766
              70.9       0.000452801         0.0019156
              71.1       0.000450858        0.00196519
              71.3       0.000479236        0.00199845
              71.5       0.000450764        0.00193387
              71.7       0.000457819        0.00205885
              71.9       0.000456999        0.00207892
              72.1       0.000465442        0.00210266
              72.3       0.000430568        0.00191533
              72.5        0.00043442        0.00201857
              72.7       0.000445645        0.00197627
              72.9       0.000394465        0.00169529
              73.1       0.000411362        0.00187844
              73.3       0.000414555        0.00185082
              73.5       0.000393587        0.00180383
              73.7       0.000393794        0.00190136
              73.9       0.000387914        0.00180055
              74.1       0.000378656         0.0017125
              74.3       0.000388708        0.00173723
              74.5       0.000385886        0.00179678
              74.7       0.000374541        0.00167843
              74.9       0.000377784        0.00176289
              75.1       0.000370635        0.00175454
              75.3       0.000353325        0.00163599
              75.5       0.000352192        0.00167366
              75.7       0.000365759        0.00168195
              75.9       0.000374269        0.00181699
              76.1       0.000354193        0.00162109
              76.3       0.000331078        0.00156891
              76.5       0.000346979        0.00175288
              76.7       0.000342316        0.00161017
              76.9        0.00033651        0.00161552
              77.1       0.000334909         0.0016819
              77.3       0.000328976        0.00169704
              77.5       0.000320585        0.00155736
              77.7       0.000332462        0.00175731
              77.9       0.000326951        0.00162405
              78.1       0.000308177        0.00157515
              78.3       0.000313894        0.00172615
              78.5        0.00030396        0.00149544
              78.7       0.000311097        0.00154528
              78.9       0.000297762         0.0015738
              79.1       0.000278266        0.00145803
              79.3        0.00030866        0.00157874
              79.5        0.00028588        0.00146823
              79.7       0.000268336        0.00145642
              79.9       0.000291468        0.00151713
              80.1       0.000284558        0.00160002
              80.3       0.000277456        0.00147823
              80.5         0.0002501        0.00141307
              80.7       0.000269927        0.00138064
              80.9       0.000285927        0.00159034
              81.1        0.00026561          0.001449
              81.3       0.000276897        0.00152596
              81.5       0.000279876        0.00157166
              81.7       0.000265609        0.00144203
              81.9       0.000247234        0.00138582
              82.1       0.000256619         0.0015051
              82.3       0.000257019        0.00147999
              82.5       0.000243933        0.00140923
              82.7       0.000238701        0.00134554
              82.9       0.000250645        0.00151457
              83.1       0.000234332         0.0013156
              83.3       0.000239005         0.0013914
              83.5       0.000229727        0.00133233
              83.7       0.000218786        0.00127797
              83.9       0.000237406         0.0015416
              84.1       0.000223384        0.00129144
              84.3       0.000217527        0.00130324
              84.5       0.000209214        0.00122615
              84.7       0.000221153         0.0013362
              84.9       0.000220207        0.00134858
              85.1       0.000205633         0.0011947
              85.3        0.00019408         0.0011606
              85.5       0.000191795        0.00115404
              85.7       0.000193518        0.00114419
              85.9       0.000192532        0.00113389
              86.1        0.00019333        0.00114338
              86.3       0.000189901         0.0011869
              86.5       0.000204309        0.00131235
              86.7       0.000194172        0.00121159
              86.9       0.000182178         0.0011151
              87.1       0.000189688        0.00117369
              87.3       0.000190898        0.00121805
              87.5       0.000193942        0.00121367
              87.7        0.00017773        0.00110238
              87.9       0.000180142        0.00123708
              88.1       0.000167417        0.00112626
              88.3       0.000173283        0.00121564
              88.5       0.000175805        0.00116394
              88.7       0.000166795        0.00107965
              88.9       0.000176196        0.00111691
              89.1       0.000180267        0.00117319
              89.3       0.000162184         0.0011268
              89.5       0.000166832        0.00118607
              89.7       0.000151352        0.00104949
              89.9       0.000179937        0.00116324
              90.1       0.000163931        0.00106886
              90.3       0.000163755        0.00116356
              90.5       0.000149101        0.00104919
              90.7       0.000155838        0.00111823
              90.9       0.000161331        0.00112968
              91.1       0.000150324        0.00109866
              91.3       0.000141817       0.000982978
              91.5       0.000162372        0.00117663
              91.7       0.000156403        0.00110729
              91.9       0.000143129        0.00099749
              92.1       0.000124793       0.000910441
              92.3       0.000143794         0.0010937
              92.5       0.000139916        0.00101301
              92.7       0.000144407        0.00105301
              92.9       0.000143426        0.00109456
              93.1       0.000141283       0.000983635
              93.3       0.000125595       0.000969057
              93.5       0.000145062        0.00107137
              93.7       0.000131118       0.000967674
              93.9       0.000131593       0.000978244
              94.1       0.000132347       0.000975723
              94.3       0.000122196       0.000939065
              94.5       0.000120845       0.000867949
              94.7       0.000146803        0.00113363
              94.9       0.000124727       0.000934414
              95.1        0.00011468       0.000846965
              95.3       0.000131823       0.000957377
              95.5       0.000122883       0.000914205
              95.7       0.000129389       0.000942715
              95.9       0.000112023       0.000947393
              96.1       0.000112335       0.000878977
              96.3       0.000115996       0.000991723
              96.5       0.000115786       0.000895996
              96.7       0.000111159       0.000889358
              96.9       0.000120351       0.000927268
              97.1       0.000116762       0.000914531
              97.3       0.000117121       0.000924139
              97.5       0.000111072       0.000930618
              97.7       0.000115502       0.000931822
              97.9       9.94995e-05       0.000885457
              98.1       0.000107475       0.000915793
              98.3       0.000114411       0.000923811
              98.5       0.000103931       0.000897286
              98.7       0.000105149       0.000938888
              98.9       0.000101834       0.000839377
              99.1       9.42841e-05       0.000799227
              99.3       0.000102893       0.000866078
              99.5       9.49036e-05       0.000787114
              99.7       9.05321e-05       0.000738531
              99.9       0.000100954       0.000850439
             100.1       9.24364e-05       0.000811567
             100.3       9.72107e-05       0.000861131
             100.5        9.9351e-05       0.000878383
             100.7       0.000102096       0.000915275
             100.9       9.19568e-05       0.000846555
             101.1       8.79131e-05       0.000757797
             101.3        8.3763e-05       0.000823348
             101.5        9.9446e-05       0.000853017
             101.7       9.27246e-05       0.000831118
             101.9       9.46467e-05       0.000889099
             102.1       8.85932e-05       0.000776002
             102.3       8.10193e-05       0.000729236
             102.5       8.42685e-05       0.000757925
             102.7       8.98449e-05        0.00083349
             102.9       7.96456e-05       0.000715086
             103.1       7.93985e-05       0.000752277
             103.3       8.29955e-05        0.00077636
             103.5        9.0568e-05       0.000848725
             103.7       7.34579e-05       0.000694503
             103.9       8.04014e-05       0.000753731
             104.1       8.09163e-05       0.000737098
             104.3       7.78832e-05       0.000747992
             104.5       8.48682e-05       0.000813344
             104.7       7.38996e-05       0.000739061
             104.9        7.4654e-05       0.000709133
             105.1       8.11173e-05       0.000782076
             105.3       7.15324e-05       0.000701506
             105.5       7.83279e-05        0.00077146
             105.7       6.87251e-05        0.00066652
             105.9       7.59627e-05       0.000734306
             106.1       7.54476e-05       0.000759144
             106.3       7.48564e-05       0.000768134
             106.5       7.93895e-05       0.000799582
             106.7       7.49182e-05       0.000734945
             106.9       6.80937e-05       0.000741536
             107.1       6.89503e-05       0.000709166
             107.3       6.94985e-05       0.000720213
             107.5       7.31539e-05       0.000752101
             107.7        6.3764e-05       0.000634697
             107.9       6.21636e-05       0.000631875
             108.1       6.76546e-05       0.000669665
             108.3       6.54417e-05       0.000709796
             108.5       6.78984e-05       0.000738085
             108.7       6.14374e-05       0.000672102
             108.9       5.88104e-05       0.000639602
             109.1        6.0683e-05       0.000667396
             109.3       5.77605e-05       0.000633098
             109.5       5.91466e-05       0.000585621
             109.7       5.66812e-05       0.000561583
             109.9       6.67303e-05       0.000718817
             110.1       5.70929e-05       0.000617056
             110.3       5.76511e-05       0.000613551
             110.5        5.0979e-05       0.000544383
             110.7       6.24973e-05       0.000647642
             110.9       5.89056e-05       0.000688047
             111.1       5.87836e-05       0.000809856
             111.3       5.35787e-05       0.000618256
             111.5       6.06899e-05       0.000706934
             111.7       5.65239e-05       0.000640682
             111.9       5.09133e-05        0.00057758
             112.1       5.24237e-05       0.000705278
             112.3       4.70429e-05       0.000553699
             112.5       5.27081e-05       0.000595507
             112.7       5.37579e-05       0.000605326
             112.9       5.00425e-05       0.000663446
             113.1        5.2627e-05       0.000648774
             113.3       4.57171e-05       0.000520749
             113.5       5.41979e-05       0.000637137
             113.7       4.05904e-05        0.00051095
             113.9       4.59171e-05       0.000570741
             114.1       4.85557e-05       0.000547764
             114.3       4.51086e-05       0.000526303
             114.5       5.11532e-05       0.000669455
             114.7       4.56517e-05       0.000559416
             114.9       4.57521e-05       0.000534125
             115.1       4.47321e-05       0.000530514
             115.3       4.94004e-05       0.000559256
             115.5       4.82456e-05       0.000602334
             115.7       4.84088e-05       0.000576108
             115.9        4.7348e-05        0.00057253
             116.1       4.34964e-05        0.00050228
             116.3       4.75852e-05       0.000683395
             116.5       4.88105e-05       0.000616397
             116.7       4.51202e-05       0.000620673
             116.9       4.25677e-05       0.000472651
             117.1       4.19698e-05       0.000521851
             117.3       3.51403e-05       0.000438229
             117.5       4.59557e-05       0.000563819
             117.7       4.41271e-05       0.000556108
             117.9       3.51553e-05       0.000522891
             118.1       4.05859e-05       0.000541775
             118.3       3.79039e-05       0.000512649
             118.5       3.78758e-05       0.000521385
             118.7       4.21445e-05       0.000587768
             118.9        3.8944e-05       0.000530704
             119.1       3.92244e-05       0.000466721
             119.3       3.46724e-05       0.000444577
             119.5       3.85433e-05       0.000524187
             119.7       3.89289e-05       0.000498834
             119.9       4.58358e-05       0.000588921
             120.1       3.73166e-05       0.000514994
             120.3       3.37704e-05       0.000454218
             120.5       4.08095e-05       0.000527754
             120.7        3.4331e-05       0.000457596
             120.9       3.57572e-05       0.000478006
             121.1       3.66357e-05       0.000498845
             121.3        3.4382e-05       0.000495772
             121.5       3.56249e-05       0.000474182
             121.7       3.29991e-05       0.000490491
             121.9       3.62727e-05       0.000498137
             122.1       3.35502e-05       0.000458408
             122.3       3.48866e-05       0.000531177
             122.5       3.19255e-05       0.000438348
             122.7       3.39309e-05       0.000525755
             122.9       3.14781e-05       0.000495223
             123.1       2.97134e-05       0.000427058
             123.3       3.63021e-05       0.000509484
             123.5       2.79712e-05       0.000413167
             123.7       3.19419e-05       0.000463439
             123.9       3.05431e-05       0.000418472
             124.1       2.68973e-05       0.000376805
             124.3       2.82454e-05       0.000476093
             124.5       2.72796e-05       0.000436809
             124.7       2.85633e-05       0.000448227
             124.9       2.87543e-05        0.00042882
             125.1        2.8297e-05       0.000389091
             125.3       3.00134e-05       0.000426485
             125.5       2.51122e-05       0.000380361
             125.7        2.8019e-05       0.000464373
             125.9       2.71547e-05        0.00041848
             126.1       3.17396e-05       0.000470593
             126.3       2.51016e-05        0.00040306
             126.5       2.66864e-05       0.000392324
             126.7       2.74899e-05       0.000469619
             126.9       3.09394e-05         0.0004801
             127.1       2.18764e-05       0.000365238
             127.3       2.62808e-05       0.000431903
             127.5       2.82629e-05       0.000460754
             127.7       2.52224e-05        0.00038146
             127.9       2.50509e-05       0.000437998
             128.1       2.93441e-05       0.000428222
             128.3       2.63184e-05       0.000443621
             128.5       2.24723e-05       0.000374687
             128.7       2.57653e-05       0.000428939
             128.9       2.27807e-05       0.000390941
             129.1       2.35565e-05       0.000364368
             129.3       2.27908e-05       0.000369061
             129.5       2.13712e-05       0.000343064
             129.7       2.46096e-05       0.000390019
             129.9       1.97748e-05        0.00032988
             130.1       2.32522e-05       0.000382537
             130.3       2.35161e-05       0.000398658
             130.5       2.07132e-05        0.00033148
             130.7       2.27593e-05        0.00037429
             130.9       2.35603e-05       0.000389405
             131.1       2.34172e-05       0.000387188
             131.3       2.25026e-05       0.000380171
             131.5       2.31298e-05       0.000400642
             131.7       2.45981e-05       0.000437287
             131.9        2.1134e-05       0.000365506
             132.1       2.36585e-05        0.00038164
             132.3       1.82594e-05       0.000341138
             132.5       1.88749e-05       0.000330949
             132.7       2.59055e-05        0.00044336
             132.9        2.2213e-05       0.000364305
             133.1       2.28368e-05       0.000480814
             133.3       2.34347e-05       0.000431071
             133.5       2.28126e-05       0.000386632
             133.7       1.89476e-05       0.000339734
             133.9       1.86031e-05        0.00032536
             134.1       1.79781e-05       0.000332457
             134.3       1.93348e-05       0.000346028
             134.5       2.00902e-05       0.000322694
             134.7       2.25199e-05       0.000390776
             134.9        1.4813e-05       0.000248002
             135.1       1.68161e-05       0.000287778
             135.3       2.11586e-05       0.000442626
             135.5       1.89832e-05       0.000348079
             135.7       1.84818e-05       0.000355203
             135.9       1.65725e-05       0.000296975
             136.1       1.98205e-05       0.000432555
             136.3       1.79253e-05        0.00031526
             136.5       1.56396e-05       0.000321381
             136.7       1.48563e-05       0.000304064
             136.9       1.59106e-05        0.00031647
             137.1       1.70955e-05       0.000293669
             137.3       1.53409e-05       0.000327145
             137.5       1.74562e-05       0.000331295
             137.7       1.65932e-05       0.000314784
             137.9       1.71147e-05       0.000451791
             138.1       1.68888e-05       0.000385595
             138.3        1.7424e-05       0.000421361
             138.5       1.40765e-05        0.00029317
             138.7       1.63541e-05       0.000286268
             138.9       1.42098e-05       0.000293779
             139.1        1.7171e-05       0.000331535
             139.3       1.49712e-05       0.000299598
             139.5       1.28677e-05       0.000260426
             139.7       1.52159e-05       0.000309906
             139.9       1.67502e-05       0.000334649
             140.1       1.51396e-05       0.000338966
             140.3       1.36043e-05       0.000284235
             140.5       1.56832e-05       0.000315469
             140.7       1.42188e-05       0.000265727
             140.9       1.74967e-05       0.000400297
             141.1       1.58088e-05       0.000377579
             141.3       1.34046e-05       0.000316349
             141.5       1.28663e-05       0.000358211
             141.7       1.17711e-05        0.00026044
             141.9        1.4306e-05       0.000303204
             142.1       1.34539e-05       0.000283095
             142.3       1.48586e-05        0.00034541
             142.5       1.12473e-05       0.000241663
             142.7       1.05712e-05       0.000240318
             142.9       1.05152e-05       0.000261424
             143.1       1.66087e-05       0.000336705
             143.3       1.34592e-05       0.000281052
             143.5       1.26934e-05       0.000279412
             143.7       1.45393e-05       0.000310357
             143.9       1.16648e-05       0.000253766
             144.1       1.14019e-05       0.000252634
             144.3       1.29607e-05        0.00027255
             144.5       1.53038e-05       0.000359451
             144.7       1.38914e-05       0.000367424
             144.9       1.20541e-05       0.000248603
             145.1       1.06526e-05       0.000251205
             145.3       1.16619e-05       0.000250714
             145.5       1.29294e-05       0.000315142
             145.7       1.11259e-05       0.000244912
             145.9       1.55568e-05        0.00037254
             146.1       1.08528e-05       0.000244154
             146.3       1.31197e-05        0.00028386
             146.5       9.16314e-06       0.000232762
             146.7       1.09635e-05       0.000243903
             146.9       1.42779e-05       0.000353736
             147.1       9.65631e-06       0.000287666
             147.3       1.05417e-05       0.000302605
             147.5       1.10634e-05       0.000246422
             147.7         8.611e-06       0.000195985
             147.9       1.10619e-05       0.000287984
             148.1       1.39552e-05       0.000339824
             148.3       1.01813e-05        0.00023909
             148.5       1.24712e-05       0.000311894
             148.7       6.57152e-06       0.000174252
             148.9       9.60398e-06       0.000262195
             149.1        1.0448e-05       0.000243321
             149.3       1.00705e-05       0.000253404
             149.5       8.85934e-06       0.000253976
             149.7       9.27773e-06       0.000245807
             149.9       1.01187e-05       0.000261956
             150.1       9.07086e-06       0.000243921
             150.3       8.36387e-06       0.000202277
             150.5        9.4594e-06        0.00025403
             150.7       1.08828e-05       0.000248343
             150.9       5.49911e-06       0.000143018
             151.1       8.21541e-06       0.000246173
             151.3       1.01678e-05       0.000289328
             151.5       8.73099e-06       0.000245131
             151.7       6.92303e-06        0.00019129
             151.9       9.96711e-06       0.000290137
             152.1       1.03499e-05       0.000271004
             152.3       9.01631e-06        0.00021912
             152.5       8.53563e-06       0.000212073
             152.7       9.27662e-06       0.000279767
             152.9       6.00144e-06       0.000175224
             153.1       8.44633e-06       0.000230767
             153.3       7.14182e-06       0.000202261
             153.5       8.32078e-06       0.000209015
             153.7       7.53243e-06       0.000219244
             153.9       9.27791e-06       0.000259307
             154.1       8.08344e-06       0.000202323
             154.3       8.80935e-06       0.000252415
             154.5       5.93997e-06       0.000179407
             154.7       6.93288e-06       0.000204061
             154.9        6.9456e-06       0.000179001
             155.1       6.35214e-06        0.00020213
             155.3       6.88334e-06       0.000207053
             155.5       8.95923e-06       0.000252768
             155.7       9.83286e-06       0.000275916
             155.9       7.06218e-06       0.000173565
             156.1       6.18615e-06       0.000177122
             156.3       7.69225e-06       0.000239984
             156.5       8.28153e-06       0.000245934
             156.7       8.80384e-06       0.000245203
             156.9       4.34769e-06       0.000133336
             157.1       5.80325e-06       0.000172501
             157.3       6.60895e-06       0.000212955
             157.5       5.17667e-06       0.000165301
             157.7       6.84955e-06       0.000206041
             157.9       6.97238e-06       0.000194898
             158.1       6.28219e-06       0.000176279
             158.3       6.61371e-06       0.000197068
             158.5       5.23731e-06       0.000174161
             158.7       7.05693e-06       0.000184043
             158.9       6.81454e-06       0.000195136
             159.1       7.72631e-06       0.000202444
             159.3       6.23444e-06       0.000198116
             159.5       6.43867e-06       0.000200257
             159.7       6.45001e-06       0.000216594
             159.9       6.57232e-06       0.000220244
             160.1       5.72624e-06       0.000190744
             160.3         1.011e-05        0.00025655
             160.5       5.03619e-06       0.000164848
             160.7       6.95283e-06       0.000222158
             160.9       5.64614e-06       0.000167874
             161.1       5.59187e-06       0.000177399
             161.3       6.00515e-06       0.000165648
             161.5       5.25404e-06       0.000181338
             161.7       6.06673e-06       0.000180202
             161.9       6.31975e-06        0.00020256
             162.1       7.92145e-06       0.000224869
             162.3       5.61082e-06       0.000200664
             162.5       4.98462e-06       0.000144564
             162.7       6.28624e-06       0.000185129
             162.9       6.07988e-06        0.00018411
             163.1       6.52847e-06       0.000201814
             163.3        4.8224e-06       0.000172193
             163.5       5.20686e-06       0.000166289
             163.7       6.34307e-06       0.000182614
             163.9       4.64422e-06       0.000152414
             164.1       5.45437e-06       0.000198163
             164.3       7.08887e-06       0.000217978
             164.5       5.31462e-06       0.000183642
             164.7       5.22441e-06       0.000181142
             164.9       5.27267e-06       0.000159493
             165.1       5.05799e-06       0.000183259
             165.3       5.07387e-06       0.000187567
             165.5       4.12093e-06       0.000149002
             165.7       5.08006e-06        0.00024201
             165.9       4.15958e-06       0.000155039
             166.1       6.06244e-06       0.000222329
             166.3       3.71059e-06       0.000126223
             166.5       4.57506e-06       0.000151503
             166.7       4.64542e-06       0.000157809
             166.9       3.83416e-06       0.000137459
             167.1       4.08142e-06       0.000144931
             167.3       3.91035e-06       0.000142243
             167.5       5.53185e-06       0.000191555
             167.7       4.36919e-06       0.000158418
             167.9       3.81312e-06       0.000133319
             168.1       3.33919e-06       0.000102041
             168.3        4.4347e-06       0.000153027
             168.5        3.3926e-06       0.000156096
             168.7       4.87327e-06       0.000194378
             168.9       4.82792e-06       0.000166123
             169.1       3.94287e-06       0.000154628
             169.3        3.8424e-06       0.000163608
             169.5       4.76639e-06       0.000192876
             169.7       4.21177e-06       0.000150057
             169.9       5.03909e-06       0.000161767
             170.1       3.05951e-06       0.000122941
             170.3        3.9442e-06       0.000146023
             170.5       4.96963e-06       0.000198742
             170.7       3.28078e-06       0.000130393
             170.9       3.97988e-06       0.000149679
             171.1       5.29016e-06       0.000229385
             171.3       4.24572e-06       0.000163087
             171.5       3.07233e-06       0.000121756
             171.7        3.8577e-06       0.000133687
             171.9       3.68688e-06       0.000134121
             172.1       4.49414e-06       0.000205833
             172.3       2.92321e-06       0.000148509
             172.5       3.23418e-06       0.000129616
             172.7        4.3787e-06       0.000169372
             172.9       3.21018e-06       0.000163096
             173.1       3.75694e-06       0.000160013
             173.3        2.5786e-06       0.000105985
             173.5       3.22196e-06        0.00014097
             173.7       3.31595e-06       0.000163131
             173.9       3.30645e-06       0.000137392
             174.1       3.63232e-06       0.000146594
             174.3       3.19271e-06       0.000127111
             174.5       4.39276e-06       0.000181833
             174.7       2.92421e-06       0.000164441
             174.9       1.73823e-06       7.85059e-05
             175.1       4.69545e-06       0.000169513
             175.3       6.62956e-06       0.000260513
             175.5       3.35731e-06       0.000164141
             175.7       3.74509e-06       0.000164034
             175.9       2.93241e-06        0.00010986
             176.1       3.78062e-06       0.000153578
             176.3       3.40492e-06       0.000194874
             176.5       3.75679e-06       0.000141257
             176.7       2.13896e-06       9.33708e-05
             176.9       2.80202e-06       0.000116803
             177.1        1.8838e-06       9.01557e-05
             177.3       1.81531e-06       7.32185e-05
             177.5       1.78946e-06       8.46124e-05
             177.7       1.82187e-06       8.46767e-05
             177.9       2.17669e-06       9.63865e-05
             178.1       3.25171e-06        0.00014227
             178.3        2.7803e-06       0.000121555
             178.5       3.00891e-06       0.000125774
             178.7       2.17033e-06       9.26518e-05
             178.9       2.95408e-06       0.000230509
             179.1       3.23819e-06       0.000117837
             179.3       1.84274e-06       7.88318e-05
             179.5       2.72614e-06       0.000117253
             179.7       2.75066e-06       0.000133416
