               0.1           0.75914         0.0839015
               0.3           0.78301         0.0850387
               0.5          0.772492         0.0756779
               0.7          0.777454         0.0756527
               0.9          0.765688          0.082924
               1.1          0.770639         0.0830858
               1.3          0.757704         0.0929432
               1.5          0.770648         0.0817655
               1.7          0.764487          0.090287
               1.9          0.766308         0.0841786
               2.1          0.761989         0.0953958
               2.3          0.764405         0.0931911
               2.5          0.766707         0.0833073
               2.7          0.755773         0.0935004
               2.9          0.765154         0.0813582
               3.1          0.759972         0.0930318
               3.3          0.758531          0.087476
               3.5          0.755283         0.0896987
               3.7          0.757657         0.0932045
               3.9          0.754919           0.09445
               4.1          0.755487         0.0924691
               4.3          0.750866          0.093767
               4.5          0.747357         0.0973209
               4.7          0.749607         0.0959903
               4.9          0.742966         0.0951048
               5.1          0.738476          0.101672
               5.3          0.735472          0.104279
               5.5          0.734879          0.102885
               5.7          0.726753          0.108079
               5.9           0.72455          0.109131
               6.1          0.721826          0.110984
               6.3           0.71876          0.111236
               6.5          0.713087           0.11117
               6.7          0.712026            0.1164
               6.9           0.70416          0.114877
               7.1          0.700819          0.119155
               7.3          0.694399           0.12117
               7.5          0.688352           0.12114
               7.7          0.682283          0.130926
               7.9          0.673403           0.12667
               8.1          0.664265          0.135357
               8.3          0.656164          0.140658
               8.5          0.650166          0.138637
               8.7          0.644544          0.144739
               8.9          0.631552          0.147184
               9.1          0.619266          0.149985
               9.3          0.611775          0.160477
               9.5          0.597012          0.162823
               9.7          0.582935          0.167922
               9.9           0.57136          0.173154
              10.1          0.554765           0.18065
              10.3           0.53378          0.184533
              10.5          0.507262          0.195541
              10.7          0.481458          0.203533
              10.9          0.446524          0.211101
              11.1          0.423761          0.210811
              11.3          0.404026          0.213774
              11.5          0.381586          0.210474
              11.7          0.365042          0.208763
              11.9          0.336693          0.212853
              12.1          0.314244           0.20429
              12.3          0.302992          0.203613
              12.5          0.276937          0.190965
              12.7          0.260501          0.190056
              12.9          0.250339          0.186732
              13.1          0.236398          0.182206
              13.3          0.212261          0.168523
              13.5          0.203386          0.166123
              13.7          0.185648          0.156696
              13.9           0.17429          0.150832
              14.1           0.16566          0.145433
              14.3           0.14965          0.132835
              14.5          0.142616          0.130462
              14.7          0.128154           0.11776
              14.9          0.125402          0.120047
              15.1           0.11853          0.114007
              15.3          0.109606          0.108589
              15.5          0.103977          0.105374
              15.7         0.0979444          0.099551
              15.9          0.094263         0.0977874
              16.1         0.0888695         0.0920595
              16.3         0.0803984          0.085385
              16.5         0.0794946         0.0858782
              16.7         0.0733033         0.0796158
              16.9         0.0718627         0.0807185
              17.1         0.0699229         0.0781105
              17.3         0.0641808         0.0713902
              17.5         0.0639416          0.071097
              17.7         0.0598641         0.0698768
              17.9         0.0587557         0.0681837
              18.1         0.0554493         0.0656092
              18.3         0.0524364         0.0617951
              18.5         0.0510307         0.0605017
              18.7         0.0493187          0.058925
              18.9         0.0468135         0.0587237
              19.1         0.0456115          0.054534
              19.3         0.0428316         0.0543944
              19.5         0.0418768         0.0530039
              19.7         0.0419067          0.053482
              19.9          0.040092         0.0513466
              20.1         0.0375701         0.0492587
              20.3          0.036179         0.0470593
              20.5         0.0358486         0.0466201
              20.7         0.0336307          0.043151
              20.9         0.0324701          0.042195
              21.1         0.0312107         0.0407289
              21.3         0.0302829         0.0411647
              21.5         0.0292609          0.038793
              21.7         0.0280947         0.0382487
              21.9         0.0283967          0.039219
              22.1         0.0270043         0.0370493
              22.3         0.0265442         0.0360971
              22.5         0.0250966         0.0338102
              22.7          0.024897         0.0354998
              22.9         0.0245839         0.0356188
              23.1         0.0222784         0.0321125
              23.3         0.0237714         0.0340461
              23.5         0.0227333         0.0331587
              23.7         0.0216862         0.0334919
              23.9         0.0219353         0.0328183
              24.1         0.0207238         0.0307153
              24.3          0.020087          0.030736
              24.5         0.0196115         0.0288042
              24.7         0.0184834         0.0284184
              24.9         0.0184166         0.0277138
              25.1         0.0182311           0.02844
              25.3            0.0175         0.0259789
              25.5         0.0174263         0.0270231
              25.7         0.0160589         0.0247005
              25.9         0.0157487          0.025173
              26.1         0.0160345         0.0258601
              26.3         0.0162362         0.0264241
              26.5         0.0148549         0.0242637
              26.7         0.0148321         0.0245521
              26.9         0.0145504         0.0234747
              27.1         0.0144341         0.0238049
              27.3         0.0143354         0.0233483
              27.5         0.0136742         0.0232778
              27.7         0.0132569         0.0221107
              27.9         0.0128799         0.0214843
              28.1         0.0124791         0.0208973
              28.3         0.0122801         0.0215148
              28.5         0.0117051          0.019313
              28.7         0.0122047         0.0217039
              28.9         0.0120647         0.0215951
              29.1         0.0115814         0.0200418
              29.3         0.0106758         0.0190709
              29.5         0.0106744         0.0191478
              29.7         0.0106924         0.0189516
              29.9         0.0100131         0.0179147
              30.1         0.0101689         0.0184121
              30.3         0.0101052          0.018631
              30.5        0.00956607         0.0177194
              30.7        0.00950274         0.0177166
              30.9        0.00938817         0.0178253
              31.1        0.00961385         0.0180675
              31.3        0.00919153         0.0174339
              31.5        0.00883019         0.0166809
              31.7        0.00896326         0.0166487
              31.9        0.00821677         0.0155319
              32.1        0.00802691          0.015234
              32.3        0.00813114         0.0157685
              32.5        0.00800742          0.015324
              32.7         0.0076819         0.0149954
              32.9        0.00759244         0.0154185
              33.1        0.00741418          0.014674
              33.3        0.00714259         0.0148847
              33.5        0.00762504         0.0158713
              33.7        0.00726648         0.0151892
              33.9        0.00689583          0.014112
              34.1        0.00701288         0.0145187
              34.3        0.00656211         0.0138216
              34.5        0.00647283         0.0139376
              34.7        0.00695694         0.0149703
              34.9        0.00631694         0.0134672
              35.1        0.00609831         0.0125629
              35.3        0.00593852          0.012399
              35.5        0.00596619         0.0122902
              35.7        0.00572049         0.0121082
              35.9        0.00570632          0.012204
              36.1        0.00550416         0.0120972
              36.3         0.0053851         0.0118205
              36.5        0.00533537         0.0119172
              36.7        0.00545979         0.0118637
              36.9        0.00517678         0.0113705
              37.1        0.00517979         0.0122869
              37.3         0.0051949         0.0122151
              37.5        0.00505206         0.0119024
              37.7        0.00473691         0.0105203
              37.9        0.00489604         0.0111703
              38.1        0.00459637         0.0116445
              38.3        0.00496254         0.0123421
              38.5        0.00470266         0.0108979
              38.7        0.00445111         0.0102966
              38.9         0.0044533         0.0107127
              39.1        0.00446054         0.0103909
              39.3        0.00431297         0.0104177
              39.5        0.00436907         0.0108139
              39.7        0.00408113         0.0100646
              39.9        0.00384502        0.00974687
              40.1        0.00389878        0.00959088
              40.3        0.00384468        0.00940082
              40.5        0.00382785        0.00944759
              40.7        0.00382791         0.0101334
              40.9        0.00362469        0.00941339
              41.1        0.00366486        0.00972624
              41.3        0.00372162        0.00993795
              41.5        0.00359355        0.00968929
              41.7        0.00371633         0.0104549
              41.9        0.00317423        0.00840973
              42.1        0.00338775        0.00875937
              42.3        0.00323126        0.00847797
              42.5        0.00324808         0.0089805
              42.7        0.00333377          0.009175
              42.9        0.00323182        0.00857957
              43.1        0.00306508        0.00825594
              43.3        0.00305741        0.00804863
              43.5        0.00284051        0.00806218
              43.7        0.00302776        0.00790749
              43.9        0.00284723        0.00799816
              44.1        0.00297321        0.00882682
              44.3        0.00286125        0.00862728
              44.5        0.00271611        0.00798226
              44.7        0.00283455        0.00799461
              44.9        0.00271328        0.00807333
              45.1        0.00273491          0.008059
              45.3        0.00267272        0.00771099
              45.5        0.00253245        0.00735231
              45.7        0.00248562         0.0071236
              45.9        0.00247402        0.00795365
              46.1        0.00241104        0.00726317
              46.3        0.00250582        0.00759837
              46.5         0.0025673        0.00836717
              46.7        0.00233601        0.00725743
              46.9        0.00234421        0.00744517
              47.1        0.00224768        0.00713125
              47.3        0.00228398        0.00690052
              47.5        0.00219171        0.00710807
              47.7        0.00229152        0.00774536
              47.9         0.0021232        0.00680952
              48.1        0.00209173        0.00694389
              48.3        0.00211908        0.00725947
              48.5        0.00207972        0.00674506
              48.7        0.00196962        0.00633137
              48.9        0.00196067        0.00618712
              49.1        0.00198149        0.00635467
              49.3        0.00188892        0.00617179
              49.5        0.00191312        0.00635395
              49.7        0.00188601         0.0065413
              49.9        0.00181775         0.0057538
              50.1        0.00182942        0.00619073
              50.3        0.00178581        0.00626123
              50.5        0.00186716        0.00659726
              50.7        0.00167187        0.00538776
              50.9        0.00188172        0.00631675
              51.1        0.00179118        0.00622981
              51.3        0.00164667        0.00568673
              51.5        0.00171019         0.0056436
              51.7        0.00159208        0.00611355
              51.9         0.0016164         0.0055211
              52.1        0.00157651        0.00556674
              52.3        0.00154734        0.00557912
              52.5        0.00157133         0.0059837
              52.7        0.00153807        0.00569743
              52.9        0.00154801        0.00562369
              53.1        0.00150231        0.00547206
              53.3        0.00148784        0.00579977
              53.5        0.00150592        0.00532193
              53.7        0.00138667        0.00507181
              53.9        0.00130334        0.00468239
              54.1        0.00144856        0.00586215
              54.3        0.00134703        0.00510977
              54.5        0.00128763        0.00486913
              54.7        0.00129103         0.0053124
              54.9        0.00126846        0.00453119
              55.1        0.00127617        0.00505524
              55.3        0.00124905        0.00473711
              55.5        0.00123001        0.00489332
              55.7        0.00121137        0.00464771
              55.9        0.00116274        0.00449638
              56.1        0.00117705        0.00448349
              56.3        0.00111772         0.0044583
              56.5        0.00117741        0.00497957
              56.7        0.00122302         0.0052208
              56.9        0.00117088        0.00451594
              57.1        0.00116792         0.0046298
              57.3        0.00107674         0.0043402
              57.5        0.00110434         0.0046358
              57.7        0.00119346        0.00487914
              57.9        0.00107155        0.00437774
              58.1        0.00104397        0.00437979
              58.3        0.00107524        0.00460931
              58.5        0.00103172        0.00426196
              58.7        0.00101711        0.00463265
              58.9       0.000985613        0.00409627
              59.1       0.000997455        0.00412478
              59.3       0.000969433        0.00434811
              59.5       0.000982312        0.00440119
              59.7         0.0009524        0.00429893
              59.9       0.000922767        0.00396228
              60.1       0.000944266        0.00443207
              60.3       0.000882517         0.0039592
              60.5       0.000926762        0.00412779
              60.7       0.000943764        0.00451936
              60.9        0.00087579        0.00412771
              61.1       0.000841729        0.00383428
              61.3       0.000845682        0.00381302
              61.5        0.00089993        0.00433628
              61.7       0.000825072        0.00373293
              61.9       0.000798258        0.00379232
              62.1       0.000781507        0.00356399
              62.3       0.000805353        0.00401806
              62.5       0.000810666        0.00376641
              62.7       0.000764793        0.00356196
              62.9       0.000755035        0.00360827
              63.1       0.000743618        0.00354801
              63.3       0.000763888        0.00377397
              63.5       0.000722833        0.00340994
              63.7       0.000811211        0.00403299
              63.9        0.00080397        0.00389964
              64.1       0.000695509        0.00359379
              64.3       0.000696004        0.00356125
              64.5       0.000709512        0.00355049
              64.7       0.000722117        0.00356895
              64.9       0.000697073        0.00344996
              65.1        0.00064949        0.00334569
              65.3       0.000708134         0.0035454
              65.5       0.000644927        0.00332565
              65.7       0.000710241        0.00387732
              65.9       0.000601122         0.0030382
              66.1       0.000636392        0.00325866
              66.3       0.000591389        0.00317769
              66.5       0.000584128        0.00298385
              66.7       0.000582383        0.00308588
              66.9       0.000594653         0.0031579
              67.1       0.000599859        0.00302768
              67.3       0.000585664         0.0031171
              67.5       0.000525597        0.00291565
              67.7       0.000563927        0.00297264
              67.9       0.000571639        0.00296844
              68.1       0.000590867        0.00352686
              68.3       0.000578686         0.0034205
              68.5       0.000517402        0.00303379
              68.7       0.000540435        0.00290773
              68.9       0.000562776        0.00317498
              69.1       0.000533359        0.00285107
              69.3       0.000511448        0.00294731
              69.5       0.000524396        0.00297618
              69.7       0.000506113        0.00291654
              69.9       0.000531657        0.00292005
              70.1       0.000475896        0.00259858
              70.3       0.000514084        0.00298035
              70.5       0.000488984        0.00288055
              70.7        0.00048442        0.00283634
              70.9       0.000431274        0.00251322
              71.1       0.000452615        0.00275555
              71.3       0.000489548        0.00319917
              71.5       0.000471075        0.00295932
              71.7       0.000453603        0.00277038
              71.9       0.000462451        0.00326125
              72.1       0.000464546        0.00298488
              72.3       0.000459346        0.00303933
              72.5       0.000465958        0.00301194
              72.7       0.000413464        0.00253492
              72.9       0.000451725        0.00285071
              73.1       0.000396747        0.00244252
              73.3       0.000409127        0.00259287
              73.5       0.000396465        0.00233776
              73.7       0.000403908        0.00262351
              73.9       0.000414066        0.00268727
              74.1       0.000414611        0.00253981
              74.3        0.00038452        0.00259203
              74.5       0.000410529        0.00279313
              74.7        0.00043216        0.00277966
              74.9       0.000410751        0.00280814
              75.1       0.000390322        0.00274278
              75.3       0.000346547        0.00214936
              75.5       0.000358958        0.00241737
              75.7       0.000380227        0.00247451
              75.9       0.000348132        0.00245618
              76.1       0.000376926        0.00260243
              76.3        0.00036034        0.00266256
              76.5       0.000353408        0.00235195
              76.7       0.000341867        0.00239751
              76.9       0.000328649        0.00211004
              77.1       0.000335551        0.00239448
              77.3       0.000326178        0.00234655
              77.5       0.000318479        0.00253737
              77.7       0.000311761        0.00240444
              77.9       0.000302268        0.00208498
              78.1       0.000307891        0.00224968
              78.3       0.000311026        0.00225377
              78.5       0.000324446        0.00236981
              78.7       0.000312384        0.00252043
              78.9       0.000331921        0.00252704
              79.1       0.000296926        0.00219951
              79.3       0.000301865        0.00228542
              79.5       0.000285215        0.00215199
              79.7        0.00030797        0.00240626
              79.9       0.000281129        0.00216174
              80.1        0.00027723        0.00196795
              80.3       0.000275025        0.00211008
              80.5       0.000268138        0.00214862
              80.7       0.000275363        0.00200379
              80.9       0.000252102         0.0019571
              81.1       0.000289382        0.00212981
              81.3       0.000250505        0.00197087
              81.5       0.000234483        0.00186458
              81.7        0.00023227        0.00178706
              81.9       0.000263466        0.00200376
              82.1       0.000243922        0.00175918
              82.3       0.000256653        0.00192632
              82.5       0.000249769        0.00213182
              82.7       0.000245185          0.001992
              82.9       0.000267829        0.00226589
              83.1       0.000250805        0.00205161
              83.3       0.000248409        0.00221341
              83.5       0.000242637        0.00196475
              83.7       0.000224562        0.00190849
              83.9       0.000196493        0.00162101
              84.1       0.000221679        0.00185502
              84.3       0.000232369        0.00188706
              84.5       0.000233681        0.00201724
              84.7       0.000208826        0.00176127
              84.9       0.000194471        0.00173298
              85.1       0.000195315        0.00175282
              85.3       0.000213706        0.00200918
              85.5       0.000208445        0.00173582
              85.7       0.000199122        0.00174918
              85.9       0.000189259        0.00167242
              86.1       0.000218109        0.00183736
              86.3       0.000214532        0.00197565
              86.5       0.000226025        0.00187008
              86.7       0.000191171        0.00160068
              86.9         0.0001988        0.00173106
              87.1       0.000176647        0.00162915
              87.3        0.00019767        0.00191009
              87.5       0.000174946        0.00170006
              87.7       0.000193961        0.00182269
              87.9       0.000189132        0.00186367
              88.1       0.000179054        0.00170906
              88.3        0.00020953        0.00193011
              88.5       0.000173989        0.00160121
              88.7        0.00019337         0.0017491
              88.9        0.00015299        0.00140263
              89.1       0.000169791        0.00165882
              89.3       0.000168251        0.00150857
              89.5       0.000150048        0.00147958
              89.7       0.000178293        0.00173313
              89.9       0.000152977        0.00137454
              90.1       0.000188444        0.00182349
              90.3       0.000156083        0.00140997
              90.5       0.000162943        0.00158426
              90.7       0.000137818        0.00130356
              90.9       0.000170347        0.00178195
              91.1       0.000166407         0.0016555
              91.3       0.000150198        0.00159678
              91.5       0.000162294        0.00163724
              91.7       0.000144876        0.00139587
              91.9       0.000140309        0.00136484
              92.1       0.000143836        0.00139455
              92.3       0.000153853        0.00144373
              92.5        0.00016217        0.00165314
              92.7       0.000148462        0.00150113
              92.9       0.000141415        0.00139516
              93.1       0.000141458        0.00144501
              93.3       0.000133364        0.00126083
              93.5       0.000126574        0.00131666
              93.7       0.000136985        0.00130882
              93.9       0.000120473         0.0012566
              94.1       0.000119982        0.00128476
              94.3       0.000138598        0.00141843
              94.5       0.000126857        0.00127132
              94.7       0.000132611        0.00131909
              94.9       0.000121146        0.00125457
              95.1       0.000150378         0.0014631
              95.3       0.000121611        0.00127132
              95.5       0.000115563        0.00118731
              95.7       0.000118299        0.00123935
              95.9       0.000130706        0.00142326
              96.1        0.00012827        0.00139743
              96.3       0.000128835        0.00150056
              96.5       0.000129339        0.00145771
              96.7       0.000115008         0.0012086
              96.9       0.000109184        0.00128583
              97.1       9.55359e-05        0.00114419
              97.3       0.000108505        0.00136281
              97.5       0.000100937        0.00126619
              97.7         0.0001157        0.00142241
              97.9       8.99575e-05        0.00104637
              98.1       0.000103131        0.00114388
              98.3        0.00011865        0.00137483
              98.5       9.88472e-05        0.00142559
              98.7        0.00010356        0.00157201
              98.9       9.62169e-05        0.00124462
              99.1       0.000102513        0.00131719
              99.3       9.89368e-05        0.00114061
              99.5       0.000113211        0.00135922
              99.7       9.34785e-05        0.00111032
              99.9       0.000112665        0.00132576
             100.1       9.84342e-05        0.00111498
             100.3       9.48892e-05        0.00119086
             100.5       9.49339e-05        0.00112252
             100.7       9.11659e-05        0.00122062
             100.9       8.91639e-05         0.0010216
             101.1       8.43798e-05         0.0010308
             101.3       0.000101165         0.0011568
             101.5       9.65279e-05         0.0012422
             101.7       8.54007e-05        0.00102984
             101.9       9.57235e-05        0.00128175
             102.1       7.47496e-05        0.00104377
             102.3       8.72382e-05        0.00115862
             102.5       7.31093e-05       0.000860251
             102.7        8.2446e-05        0.00105924
             102.9       8.20734e-05        0.00104549
             103.1       8.95882e-05        0.00122951
             103.3       8.29202e-05        0.00119187
             103.5        9.1008e-05        0.00125516
             103.7       7.30966e-05        0.00104467
             103.9       7.92842e-05         0.0010025
             104.1       7.53416e-05        0.00100556
             104.3       7.18494e-05        0.00095166
             104.5        7.8865e-05         0.0011099
             104.7       6.91596e-05       0.000874772
             104.9       9.02501e-05        0.00134578
             105.1       7.02266e-05        0.00108001
             105.3       7.57306e-05        0.00112217
             105.5       6.49917e-05       0.000904093
             105.7       7.61888e-05        0.00111901
             105.9       7.12172e-05       0.000919282
             106.1       8.46613e-05        0.00143621
             106.3       7.81591e-05       0.000986172
             106.5       6.21579e-05       0.000910673
             106.7         6.957e-05       0.000982371
             106.9       6.53247e-05        0.00100861
             107.1       6.79712e-05       0.000991146
             107.3       6.87083e-05        0.00112707
             107.5        6.5074e-05        0.00100115
             107.7        6.4936e-05       0.000940067
             107.9       6.42562e-05       0.000966454
             108.1       5.88733e-05       0.000833276
             108.3       7.29481e-05        0.00117932
             108.5       6.25811e-05       0.000886867
             108.7       5.91427e-05       0.000851854
             108.9       7.10442e-05        0.00107785
             109.1       6.07914e-05       0.000898314
             109.3       5.40297e-05       0.000789401
             109.5       6.14186e-05       0.000890504
             109.7       6.51801e-05       0.000893231
             109.9       5.73832e-05       0.000901734
             110.1       6.23914e-05       0.000939099
             110.3       5.96294e-05       0.000894031
             110.5       6.26393e-05       0.000903194
             110.7       6.28151e-05       0.000959285
             110.9       5.14496e-05       0.000784036
             111.1       6.15318e-05       0.000967287
             111.3       6.29237e-05       0.000919956
             111.5       6.51159e-05       0.000978466
             111.7       5.66678e-05       0.000897808
             111.9       4.60907e-05       0.000723413
             112.1       6.03627e-05        0.00103095
             112.3       5.46248e-05       0.000843063
             112.5       5.46143e-05       0.000939614
             112.7       5.42557e-05       0.000951451
             112.9       6.43003e-05        0.00114357
             113.1       4.77883e-05       0.000807806
             113.3        5.1851e-05       0.000844216
             113.5       6.36265e-05        0.00103557
             113.7       3.74098e-05       0.000596999
             113.9       5.08877e-05       0.000826203
             114.1       5.97817e-05       0.000999926
             114.3        4.5899e-05       0.000768911
             114.5       4.35157e-05       0.000677181
             114.7       5.42733e-05       0.000959151
             114.9       6.04107e-05       0.000962156
             115.1        4.8874e-05       0.000875032
             115.3       3.97944e-05       0.000709674
             115.5        4.7159e-05       0.000724157
             115.7       4.83336e-05       0.000922811
             115.9       4.06707e-05       0.000630603
             116.1       4.29566e-05       0.000706463
             116.3       4.20708e-05       0.000770749
             116.5       4.05735e-05       0.000719311
             116.7       4.89222e-05       0.000847773
             116.9       3.24872e-05       0.000561438
             117.1       4.72053e-05       0.000860337
             117.3       4.02048e-05        0.00070416
             117.5       3.52925e-05       0.000609641
             117.7       4.38044e-05       0.000765116
             117.9       4.25479e-05       0.000732636
             118.1       4.08042e-05       0.000782921
             118.3       5.08807e-05        0.00102393
             118.5        4.0374e-05       0.000702522
             118.7       3.68955e-05       0.000840013
             118.9       3.82044e-05       0.000720035
             119.1       4.70127e-05        0.00108818
             119.3       3.70964e-05       0.000725368
             119.5       4.17519e-05       0.000812353
             119.7       3.95579e-05       0.000728945
             119.9       4.19771e-05       0.000731675
             120.1       3.30922e-05       0.000703999
             120.3       3.64876e-05        0.00063783
             120.5        3.0369e-05       0.000524844
             120.7       3.92605e-05       0.000786703
             120.9       3.20494e-05       0.000617064
             121.1        3.4283e-05       0.000678356
             121.3       2.87271e-05       0.000560249
             121.5       3.47963e-05       0.000645744
             121.7       3.58017e-05       0.000753753
             121.9       3.30876e-05       0.000641685
             122.1       3.54189e-05        0.00068253
             122.3       3.96519e-05       0.000699622
             122.5        4.0551e-05       0.000865824
             122.7       3.89251e-05       0.000879231
             122.9       3.19105e-05       0.000662277
             123.1       3.50028e-05       0.000679399
             123.3       3.40419e-05       0.000676192
             123.5       3.09521e-05       0.000568936
             123.7       2.47404e-05        0.00045847
             123.9       3.16775e-05       0.000566273
             124.1       3.19323e-05       0.000685124
             124.3       2.81663e-05       0.000574181
             124.5       2.90685e-05       0.000594094
             124.7       3.27243e-05       0.000638761
             124.9       2.69173e-05       0.000586194
             125.1       2.84057e-05       0.000562767
             125.3       2.68167e-05       0.000709682
             125.5       2.83432e-05       0.000617432
             125.7       2.61832e-05       0.000635485
             125.9       2.92955e-05       0.000635177
             126.1       3.06228e-05       0.000715854
             126.3       3.45845e-05       0.000704616
             126.5       2.41226e-05       0.000524248
             126.7        2.8533e-05       0.000639961
             126.9       2.47703e-05        0.00057199
             127.1       2.88865e-05       0.000672571
             127.3       3.34663e-05       0.000705248
             127.5       2.13131e-05       0.000461307
             127.7       2.50108e-05       0.000566586
             127.9       2.67751e-05       0.000618741
             128.1       2.46619e-05       0.000522908
             128.3       2.95671e-05       0.000631708
             128.5       3.12607e-05       0.000670632
             128.7       2.58708e-05       0.000618801
             128.9       2.43892e-05       0.000529619
             129.1       2.27759e-05       0.000542152
             129.3       2.40237e-05       0.000663257
             129.5       2.42929e-05       0.000553885
             129.7       1.94547e-05       0.000551125
             129.9       1.90468e-05       0.000518628
             130.1       1.73836e-05       0.000525801
             130.3       1.98064e-05       0.000474612
             130.5       2.14763e-05       0.000572135
             130.7        2.1959e-05       0.000467627
             130.9       1.94817e-05       0.000462159
             131.1       1.96402e-05       0.000427564
             131.3       1.84042e-05       0.000435678
             131.5       2.63186e-05       0.000615629
             131.7       2.08584e-05       0.000568237
             131.9       2.21668e-05       0.000569404
             132.1       2.08355e-05        0.00051864
             132.3       1.75218e-05       0.000432392
             132.5        1.9126e-05       0.000452217
             132.7       1.59719e-05       0.000406315
             132.9       2.08485e-05       0.000546891
             133.1       1.99165e-05       0.000469758
             133.3       1.73565e-05       0.000499682
             133.5         2.161e-05       0.000531181
             133.7       1.92993e-05        0.00049161
             133.9       2.05783e-05       0.000657791
             134.1        1.9342e-05       0.000531257
             134.3       2.02614e-05       0.000445529
             134.5       1.19508e-05       0.000331696
             134.7        1.8343e-05       0.000625606
             134.9       1.98451e-05       0.000494694
             135.1       2.29055e-05       0.000547974
             135.3       2.15784e-05       0.000608748
             135.5       1.50005e-05       0.000406361
             135.7       1.51267e-05       0.000393412
             135.9        2.1785e-05       0.000692144
             136.1       1.56201e-05       0.000433346
             136.3       1.77909e-05       0.000463721
             136.5       1.56826e-05       0.000450504
             136.7       1.70854e-05       0.000513657
             136.9       1.79572e-05       0.000444154
             137.1        1.6167e-05       0.000440599
             137.3       1.69521e-05        0.00046333
             137.5       1.56102e-05       0.000627414
             137.7       1.82161e-05       0.000569776
             137.9       2.21338e-05       0.000730402
             138.1       1.36575e-05       0.000390983
             138.3       1.52767e-05        0.00050027
             138.5       1.40712e-05       0.000453354
             138.7        1.3049e-05       0.000382867
             138.9       1.43327e-05       0.000391301
             139.1       2.14349e-05       0.000559648
             139.3       1.81197e-05       0.000463843
             139.5       1.40427e-05       0.000371085
             139.7        1.5197e-05       0.000454039
             139.9       1.35402e-05       0.000397369
             140.1       1.61553e-05       0.000390324
             140.3       1.49467e-05       0.000400114
             140.5       1.40678e-05       0.000444326
             140.7       1.28299e-05       0.000419971
             140.9       1.47441e-05       0.000434696
             141.1       1.56809e-05       0.000434058
             141.3       1.32781e-05       0.000411691
             141.5       1.56244e-05       0.000473813
             141.7       1.44636e-05       0.000398246
             141.9       1.09768e-05       0.000362067
             142.1       1.08776e-05       0.000358467
             142.3       9.09836e-06       0.000269759
             142.5       1.21249e-05       0.000410306
             142.7       1.43515e-05       0.000418277
             142.9        1.6286e-05       0.000466016
             143.1       2.05425e-05       0.000742613
             143.3       1.13973e-05       0.000347553
             143.5       1.35547e-05       0.000415733
             143.7       1.38725e-05       0.000475821
             143.9       1.12472e-05       0.000370434
             144.1       9.91122e-06       0.000298178
             144.3       1.39112e-05       0.000388517
             144.5        1.6726e-05       0.000445068
             144.7       1.44793e-05        0.00046502
             144.9       1.17704e-05       0.000364812
             145.1       1.12612e-05       0.000371719
             145.3       9.44179e-06       0.000284246
             145.5       1.18369e-05       0.000384172
             145.7       1.30601e-05        0.00042715
             145.9       1.23687e-05       0.000383331
             146.1       1.38125e-05       0.000459885
             146.3       8.31241e-06       0.000280866
             146.5        1.1648e-05       0.000369502
             146.7       7.52873e-06       0.000257439
             146.9       9.83852e-06       0.000366727
             147.1       1.23706e-05       0.000445653
             147.3       8.30428e-06        0.00031279
             147.5       1.23756e-05        0.00040263
             147.7       1.26621e-05       0.000407023
             147.9       1.13981e-05       0.000390607
             148.1       5.93823e-06       0.000227526
             148.3       1.57106e-05       0.000573776
             148.5       1.18982e-05       0.000413895
             148.7       1.26443e-05       0.000488711
             148.9       1.11412e-05        0.00038833
             149.1       7.23714e-06       0.000276961
             149.3       7.39083e-06       0.000264026
             149.5       1.45782e-05       0.000472601
             149.7       1.27494e-05        0.00042333
             149.9       9.39363e-06       0.000342763
             150.1       1.07949e-05       0.000373761
             150.3       9.96951e-06       0.000303736
             150.5       1.13344e-05       0.000421896
             150.7       1.13477e-05       0.000353929
             150.9       4.22741e-06       0.000154814
             151.1       7.71201e-06       0.000264072
             151.3       9.69894e-06       0.000448676
             151.5       8.58454e-06       0.000357159
             151.7       9.64434e-06       0.000377718
             151.9       1.09904e-05       0.000415748
             152.1       9.67793e-06       0.000331743
             152.3       5.93511e-06        0.00027056
             152.5       5.55417e-06        0.00025397
             152.7       8.48778e-06       0.000300158
             152.9       6.15876e-06       0.000252887
             153.1       5.17627e-06        0.00018047
             153.3       6.83679e-06       0.000263733
             153.5       8.28341e-06       0.000275154
             153.7       8.22837e-06        0.00028145
             153.9       7.69599e-06       0.000292273
             154.1       1.20836e-05       0.000381619
             154.3        9.0608e-06       0.000314636
             154.5       6.78328e-06       0.000231551
             154.7       8.92175e-06       0.000334546
             154.9       6.69811e-06        0.00028636
             155.1       6.50314e-06       0.000244123
             155.3       7.82913e-06       0.000291317
             155.5       6.57008e-06       0.000249524
             155.7       7.86488e-06       0.000332242
             155.9       6.93488e-06       0.000309628
             156.1       7.34141e-06       0.000302311
             156.3       6.60528e-06       0.000224643
             156.5       5.90512e-06        0.00028138
             156.7       7.46192e-06       0.000289133
             156.9       7.22172e-06        0.00030416
             157.1        7.1435e-06       0.000283037
             157.3        6.5571e-06       0.000270662
             157.5       3.71275e-06        0.00014478
             157.7       4.56726e-06       0.000210116
             157.9       6.05821e-06       0.000258152
             158.1       4.87776e-06        0.00021536
             158.3       6.41827e-06       0.000275563
             158.5       8.13601e-06       0.000308851
             158.7       5.39242e-06        0.00032921
             158.9        9.1797e-06       0.000373655
             159.1       5.80095e-06       0.000251345
             159.3       6.40537e-06       0.000366952
             159.5       5.83752e-06       0.000235275
             159.7       6.55677e-06       0.000254257
             159.9       6.93961e-06       0.000233866
             160.1       1.04591e-05       0.000397092
             160.3        4.2811e-06       0.000174608
             160.5       6.50247e-06       0.000290477
             160.7       8.87546e-06       0.000438155
             160.9       6.20935e-06        0.00023442
             161.1       6.34737e-06       0.000275952
             161.3       3.71992e-06       0.000169552
             161.5       6.66525e-06       0.000312639
             161.7       7.09326e-06        0.00025542
             161.9       6.34332e-06       0.000231171
             162.1       6.01611e-06       0.000263798
             162.3       5.62691e-06       0.000253964
             162.5       4.09726e-06       0.000195683
             162.7       5.82597e-06       0.000318609
             162.9       5.30511e-06       0.000217679
             163.1       6.31019e-06       0.000321944
             163.3       5.33575e-06       0.000248764
             163.5       4.41166e-06       0.000195534
             163.7        7.7968e-06       0.000356507
             163.9       5.02857e-06       0.000222987
             164.1       6.54074e-06       0.000314226
             164.3       4.35328e-06       0.000208976
             164.5        6.1162e-06        0.00023463
             164.7       2.87075e-06       0.000141498
             164.9       4.89123e-06        0.00019138
             165.1       4.94641e-06       0.000240349
             165.3       4.29457e-06       0.000242438
             165.5       4.36503e-06       0.000218766
             165.7       3.50697e-06       0.000301665
             165.9       5.36811e-06       0.000270629
             166.1       5.11613e-06       0.000282487
             166.3       4.68361e-06       0.000233136
             166.5       4.04081e-06       0.000250678
             166.7       5.32382e-06       0.000217576
             166.9       5.34069e-06       0.000251591
             167.1       2.71089e-06       0.000145586
             167.3        6.2862e-06       0.000388566
             167.5       6.23726e-06        0.00038721
             167.7       4.55548e-06       0.000192284
             167.9        5.6387e-06       0.000309317
             168.1       4.60917e-06        0.00026616
             168.3       5.88014e-06       0.000355511
             168.5        3.6363e-06       0.000165295
             168.7       6.25476e-06       0.000287369
             168.9       2.90513e-06       0.000167401
             169.1        2.8695e-06        0.00014043
             169.3       3.28753e-06       0.000193273
             169.5       1.11924e-06        0.00010547
             169.7       3.56874e-06       0.000220603
             169.9       2.99532e-06       0.000176642
             170.1       2.11943e-06       0.000134646
             170.3       4.95072e-06       0.000259352
             170.5       3.75508e-06       0.000175832
             170.7       2.92113e-06       0.000141268
             170.9       2.03349e-06       0.000111066
             171.1       2.75891e-06       0.000153227
             171.3       2.40424e-06       0.000185475
             171.5       4.62988e-06       0.000249392
             171.7       3.73934e-06       0.000219983
             171.9       3.12863e-06       0.000199576
             172.1       5.37914e-06       0.000276368
             172.3       4.02339e-06       0.000234127
             172.5       5.34315e-06       0.000254937
             172.7       2.74635e-06       0.000129754
             172.9       4.77195e-06       0.000354337
             173.1       3.62262e-06        0.00020157
             173.3        3.9873e-06       0.000299523
             173.5       2.04163e-06       0.000113334
             173.7       2.88904e-06       0.000150113
             173.9       2.36836e-06       0.000155787
             174.1        2.2454e-06       0.000112932
             174.3        2.1164e-06       0.000124171
             174.5       2.61676e-06        0.00013866
             174.7       1.95175e-06       0.000128816
             174.9       2.65442e-06       0.000166717
             175.1       3.11537e-06       0.000195914
             175.3       2.46764e-06       0.000142544
             175.5       3.19808e-06       0.000197326
             175.7       3.18524e-06       0.000192204
             175.9       3.37785e-06       0.000165984
             176.1       1.49868e-06       9.60226e-05
             176.3       1.91696e-06       0.000119506
             176.5       2.75533e-06       0.000156083
             176.7       1.87832e-06       0.000106564
             176.9       3.22548e-06       0.000180553
             177.1       3.04948e-06       0.000229331
             177.3       4.11987e-06       0.000210712
             177.5       2.10842e-06        0.00013182
             177.7       1.47512e-06       9.71438e-05
             177.9       4.13599e-06       0.000225862
             178.1       2.10138e-06        0.00015272
             178.3       2.14488e-06       0.000131577
             178.5       2.91567e-06       0.000182177
             178.7       3.41894e-06       0.000266566
             178.9       1.52817e-06       8.88427e-05
             179.1       2.96533e-06       0.000179104
             179.3       1.70753e-06       0.000110529
             179.5       3.54505e-06       0.000261671
             179.7       6.28371e-06       0.000604168
