               0.1          0.775587          0.030026
               0.3          0.775256         0.0299836
               0.5          0.775807         0.0323453
               0.7          0.774566         0.0305367
               0.9          0.781777         0.0311301
               1.1          0.775337         0.0310847
               1.3          0.772565         0.0333023
               1.5          0.775738         0.0291109
               1.7          0.776173         0.0288818
               1.9          0.773555         0.0329796
               2.1          0.770307         0.0318976
               2.3          0.772827         0.0314624
               2.5          0.768383         0.0357051
               2.7          0.770918         0.0320451
               2.9           0.76657         0.0341252
               3.1          0.767486         0.0341314
               3.3           0.76451         0.0329518
               3.5          0.760548         0.0360349
               3.7          0.761513         0.0348057
               3.9          0.758631         0.0356862
               4.1          0.758192         0.0356349
               4.3          0.755464         0.0349182
               4.5          0.754811         0.0359053
               4.7          0.752909          0.037028
               4.9          0.747939         0.0372554
               5.1           0.74665         0.0384023
               5.3          0.742797         0.0396128
               5.5          0.741516         0.0403895
               5.7          0.736444         0.0394725
               5.9          0.733138         0.0434831
               6.1          0.728954         0.0418022
               6.3          0.724449          0.044398
               6.5          0.721122         0.0451566
               6.7          0.716701         0.0466621
               6.9          0.711847          0.048846
               7.1          0.706542         0.0477617
               7.3           0.70292         0.0480168
               7.5          0.694822         0.0530214
               7.7          0.690749          0.052052
               7.9          0.683657         0.0540886
               8.1          0.672945         0.0582362
               8.3          0.665773         0.0604751
               8.5          0.661946         0.0602502
               8.7          0.653831          0.063445
               8.9           0.64174         0.0653954
               9.1          0.628377          0.070845
               9.3          0.619094          0.074135
               9.5          0.606368         0.0778319
               9.7          0.594521         0.0823651
               9.9          0.577034         0.0883218
              10.1          0.558036         0.0952699
              10.3          0.543623          0.102371
              10.5          0.511465          0.121313
              10.7           0.48696          0.131172
              10.9           0.45885          0.142872
              11.1          0.424023          0.141793
              11.3          0.404665           0.14763
              11.5          0.381891            0.1491
              11.7          0.360988          0.148973
              11.9          0.341791          0.145989
              12.1          0.316111          0.143854
              12.3          0.303472          0.141704
              12.5          0.281703          0.136494
              12.7          0.267252          0.134329
              12.9          0.244684          0.123326
              13.1          0.231477          0.123302
              13.3          0.215569          0.113478
              13.5          0.199549          0.105302
              13.7          0.184227         0.0967674
              13.9          0.173611         0.0898763
              14.1          0.159876         0.0815671
              14.3          0.150168         0.0744315
              14.5          0.137505         0.0645716
              14.7          0.127383         0.0589623
              14.9          0.121693         0.0575365
              15.1          0.114411         0.0530333
              15.3          0.107851         0.0505412
              15.5          0.101881         0.0475427
              15.7         0.0951468         0.0433314
              15.9         0.0905354         0.0423404
              16.1         0.0859429         0.0391783
              16.3         0.0809835         0.0387231
              16.5         0.0771273         0.0352578
              16.7         0.0746729         0.0353333
              16.9         0.0703817         0.0334434
              17.1         0.0677246          0.031199
              17.3         0.0635323         0.0296548
              17.5         0.0608581         0.0277095
              17.7          0.058335         0.0272647
              17.9         0.0563684         0.0263062
              18.1         0.0532615         0.0253085
              18.3          0.051356         0.0262127
              18.5          0.049241         0.0239221
              18.7         0.0468468         0.0226494
              18.9         0.0456641         0.0221338
              19.1         0.0438729         0.0218283
              19.3         0.0429663         0.0212326
              19.5         0.0406578         0.0205992
              19.7         0.0391215         0.0193186
              19.9         0.0377426         0.0190093
              20.1         0.0364814         0.0181277
              20.3         0.0350132         0.0170757
              20.5         0.0340837         0.0171705
              20.7         0.0331078         0.0172399
              20.9         0.0319438         0.0162243
              21.1         0.0311121         0.0160274
              21.3         0.0298227          0.015513
              21.5         0.0292115         0.0148341
              21.7         0.0280899         0.0148579
              21.9         0.0278445         0.0150117
              22.1         0.0270559         0.0144302
              22.3         0.0258693         0.0140398
              22.5         0.0251537         0.0135176
              22.7         0.0242689         0.0131073
              22.9         0.0236491         0.0129044
              23.1         0.0230634         0.0124564
              23.3          0.022319         0.0123146
              23.5          0.022027         0.0121165
              23.7         0.0212853         0.0119758
              23.9         0.0208817         0.0118058
              24.1         0.0197138         0.0108757
              24.3         0.0194399         0.0111925
              24.5         0.0188779         0.0104891
              24.7         0.0184912         0.0103232
              24.9         0.0178971         0.0104791
              25.1         0.0174935         0.0100404
              25.3         0.0171587         0.0101234
              25.5         0.0168874        0.00973763
              25.7         0.0163503        0.00970084
              25.9         0.0160763         0.0094943
              26.1         0.0154463        0.00929535
              26.3          0.015163        0.00909847
              26.5         0.0149189        0.00919536
              26.7         0.0145433        0.00885576
              26.9         0.0141944        0.00896769
              27.1         0.0139128        0.00835562
              27.3         0.0132899        0.00816019
              27.5         0.0131665        0.00818494
              27.7         0.0129488        0.00808178
              27.9         0.0125955        0.00798965
              28.1         0.0123345        0.00780916
              28.3         0.0122462        0.00783409
              28.5         0.0118114        0.00767525
              28.7         0.0116533         0.0076051
              28.9         0.0112961        0.00725969
              29.1         0.0109944        0.00739995
              29.3         0.0106989        0.00697957
              29.5          0.010598         0.0072983
              29.7         0.0102158        0.00696916
              29.9         0.0101365        0.00673923
              30.1        0.00977973        0.00669919
              30.3        0.00969697         0.0065476
              30.5        0.00956482        0.00658627
              30.7        0.00925031        0.00631419
              30.9        0.00911199        0.00642676
              31.1        0.00897188        0.00623442
              31.3        0.00862304        0.00599703
              31.5        0.00864343        0.00617502
              31.7        0.00826074        0.00582693
              31.9        0.00823882        0.00581969
              32.1        0.00811751        0.00587688
              32.3        0.00794558        0.00578019
              32.5         0.0078202        0.00574777
              32.7        0.00760096        0.00553311
              32.9        0.00741692        0.00550694
              33.1        0.00745252        0.00558804
              33.3        0.00715896        0.00524944
              33.5        0.00704865        0.00519254
              33.7        0.00680538        0.00512693
              33.9        0.00681782         0.0052157
              34.1        0.00675765        0.00536456
              34.3        0.00646811        0.00498831
              34.5        0.00643986        0.00505405
              34.7        0.00623179        0.00488184
              34.9        0.00623114        0.00499641
              35.1        0.00616535        0.00484313
              35.3        0.00604684        0.00486306
              35.5        0.00593618        0.00485844
              35.7        0.00567534        0.00463919
              35.9        0.00569506        0.00458493
              36.1        0.00555615        0.00459474
              36.3        0.00539921        0.00438685
              36.5        0.00526367        0.00433558
              36.7        0.00525847        0.00436517
              36.9        0.00515064        0.00429113
              37.1        0.00502499        0.00429653
              37.3        0.00496238        0.00425039
              37.5        0.00488123        0.00415385
              37.7        0.00486182        0.00416929
              37.9        0.00476193        0.00411435
              38.1        0.00452787        0.00393076
              38.3        0.00449849        0.00387681
              38.5        0.00446245        0.00391659
              38.7        0.00436962        0.00385589
              38.9        0.00433303        0.00387147
              39.1        0.00429674        0.00383373
              39.3        0.00417095         0.0037283
              39.5         0.0041366         0.0037542
              39.7        0.00408283        0.00377292
              39.9        0.00401461        0.00378998
              40.1        0.00386226        0.00357161
              40.3        0.00379703        0.00352203
              40.5        0.00375525        0.00351589
              40.7        0.00368505        0.00343977
              40.9        0.00360261        0.00335482
              41.1        0.00363026        0.00351204
              41.3        0.00357537        0.00344828
              41.5        0.00339104        0.00329338
              41.7        0.00341088        0.00337106
              41.9        0.00335976         0.0033672
              42.1         0.0032742        0.00318695
              42.3        0.00331373        0.00328887
              42.5        0.00314674        0.00311367
              42.7        0.00317655         0.0032262
              42.9        0.00310544        0.00313716
              43.1        0.00304777        0.00301967
              43.3        0.00299172        0.00301327
              43.5        0.00298833        0.00309997
              43.7         0.0028798        0.00301039
              43.9        0.00287675         0.0030556
              44.1         0.0028307        0.00301643
              44.3        0.00278239         0.0029232
              44.5        0.00278626        0.00306452
              44.7        0.00274045        0.00300685
              44.9        0.00266079        0.00290099
              45.1        0.00263181        0.00288485
              45.3        0.00262761        0.00287013
              45.5        0.00250225        0.00270007
              45.7        0.00254066        0.00281428
              45.9        0.00248648        0.00273361
              46.1        0.00241737         0.0027758
              46.3        0.00242765        0.00269768
              46.5        0.00236307        0.00267577
              46.7        0.00227409         0.0025543
              46.9         0.0022279        0.00260041
              47.1        0.00224973        0.00254625
              47.3         0.0022239        0.00257024
              47.5        0.00217554        0.00257624
              47.7        0.00213244        0.00253533
              47.9        0.00216491         0.0024991
              48.1        0.00209214         0.0025702
              48.3        0.00200566        0.00238064
              48.5        0.00204224        0.00247631
              48.7         0.0019898         0.0024002
              48.9        0.00197521        0.00245084
              49.1        0.00195196         0.0023974
              49.3        0.00194417        0.00246413
              49.5        0.00190153        0.00237759
              49.7        0.00188673        0.00242754
              49.9        0.00182656        0.00226694
              50.1        0.00179747        0.00231553
              50.3         0.0017925        0.00219862
              50.5        0.00177537        0.00223555
              50.7        0.00171512        0.00220503
              50.9        0.00172575        0.00221804
              51.1        0.00168222        0.00215747
              51.3        0.00165234         0.0021483
              51.5        0.00165046        0.00213308
              51.7        0.00160233        0.00210601
              51.9        0.00163933        0.00217788
              52.1        0.00155754        0.00204552
              52.3        0.00156378        0.00209734
              52.5         0.0015356         0.0020908
              52.7        0.00149929        0.00206682
              52.9         0.0014727        0.00198348
              53.1        0.00143157        0.00195822
              53.3        0.00142827        0.00202035
              53.5         0.0013997         0.0019247
              53.7        0.00139598        0.00195383
              53.9        0.00135388         0.0019286
              54.1        0.00136391        0.00194307
              54.3        0.00135697        0.00194409
              54.5        0.00132897        0.00187539
              54.7        0.00128909        0.00185069
              54.9        0.00132822        0.00190114
              55.1        0.00126037        0.00180376
              55.3        0.00126631        0.00186094
              55.5         0.0012484        0.00185221
              55.7        0.00122912        0.00183883
              55.9         0.0012278        0.00179064
              56.1        0.00118577        0.00185979
              56.3        0.00114248        0.00176012
              56.5        0.00115472         0.0017292
              56.7        0.00114978        0.00179164
              56.9        0.00111933        0.00173832
              57.1        0.00109151        0.00165295
              57.3        0.00109773        0.00173869
              57.5        0.00107123        0.00163874
              57.7        0.00104004        0.00162994
              57.9        0.00103052        0.00164717
              58.1        0.00104628        0.00162405
              58.3        0.00103806        0.00170753
              58.5        0.00102546        0.00165345
              58.7        0.00102832        0.00168939
              58.9       0.000992441        0.00160873
              59.1        0.00091844        0.00147399
              59.3       0.000962052        0.00165632
              59.5        0.00093053        0.00157582
              59.7       0.000958053        0.00160582
              59.9       0.000935343        0.00155269
              60.1       0.000920939        0.00154366
              60.3       0.000897207        0.00151483
              60.5       0.000872644        0.00149794
              60.7       0.000899437        0.00153553
              60.9       0.000872955        0.00147189
              61.1       0.000878783        0.00152178
              61.3       0.000842494        0.00148567
              61.5       0.000848059        0.00147058
              61.7       0.000803786        0.00139248
              61.9       0.000797028        0.00141884
              62.1        0.00080081        0.00139492
              62.3       0.000789541        0.00139097
              62.5       0.000795712        0.00141728
              62.7       0.000777069        0.00139761
              62.9       0.000751277        0.00139485
              63.1       0.000772051        0.00138248
              63.3       0.000750799        0.00135827
              63.5       0.000742389        0.00136536
              63.7       0.000723658        0.00135186
              63.9       0.000717642        0.00133446
              64.1       0.000691013        0.00131329
              64.3       0.000702558        0.00135063
              64.5       0.000673517        0.00126555
              64.7       0.000690319        0.00131309
              64.9       0.000678865        0.00132809
              65.1       0.000643619        0.00123952
              65.3       0.000639986        0.00124464
              65.5       0.000646147        0.00124506
              65.7       0.000630019        0.00125447
              65.9       0.000631362        0.00126741
              66.1       0.000633575        0.00128276
              66.3       0.000625661         0.0012769
              66.5        0.00060322        0.00118785
              66.7       0.000595265          0.001179
              66.9       0.000601591        0.00124604
              67.1        0.00058481        0.00118745
              67.3       0.000588399        0.00117073
              67.5       0.000584399        0.00119233
              67.7       0.000542135        0.00111055
              67.9       0.000568103        0.00114625
              68.1       0.000559359        0.00118903
              68.3       0.000543109        0.00113711
              68.5       0.000536749        0.00113113
              68.7       0.000531817        0.00114237
              68.9        0.00053376        0.00116527
              69.1       0.000518322         0.0011065
              69.3       0.000508802        0.00110073
              69.5       0.000508538        0.00112074
              69.7       0.000509172        0.00112698
              69.9       0.000500656        0.00109773
              70.1       0.000493191        0.00110765
              70.3       0.000480922        0.00105365
              70.5        0.00047574        0.00106355
              70.7       0.000476077        0.00106808
              70.9       0.000456363        0.00101723
              71.1       0.000456344        0.00103035
              71.3       0.000453205        0.00104318
              71.5       0.000453941        0.00105415
              71.7       0.000453145        0.00102631
              71.9        0.00043437        0.00100558
              72.1        0.00043806         0.0010155
              72.3       0.000416062       0.000951283
              72.5       0.000433368        0.00103818
              72.7       0.000427655        0.00107215
              72.9       0.000414527       0.000995409
              73.1        0.00039814       0.000981226
              73.3        0.00042577        0.00103524
              73.5       0.000404784       0.000974817
              73.7       0.000388431       0.000933256
              73.9       0.000396296       0.000977852
              74.1       0.000382048       0.000938546
              74.3        0.00038016       0.000984103
              74.5       0.000376232       0.000931579
              74.7       0.000380129        0.00095447
              74.9       0.000375129       0.000944358
              75.1       0.000374399       0.000928607
              75.3       0.000355256       0.000879377
              75.5       0.000360856       0.000933494
              75.7       0.000353056       0.000895756
              75.9       0.000348296       0.000884666
              76.1       0.000343847       0.000848503
              76.3       0.000334879       0.000827561
              76.5        0.00034728       0.000916203
              76.7       0.000329966       0.000848197
              76.9       0.000331179       0.000875505
              77.1       0.000324061       0.000844481
              77.3       0.000308316       0.000819766
              77.5       0.000326493       0.000891449
              77.7       0.000311723       0.000824854
              77.9       0.000307937       0.000827687
              78.1       0.000310279       0.000836103
              78.3       0.000294015       0.000801088
              78.5       0.000292656       0.000813124
              78.7       0.000304422       0.000828133
              78.9       0.000291842       0.000805306
              79.1       0.000297587        0.00083939
              79.3       0.000304419       0.000862328
              79.5       0.000291225       0.000867307
              79.7       0.000289416       0.000812243
              79.9       0.000280616       0.000803627
              80.1       0.000275422       0.000784593
              80.3       0.000273367       0.000783501
              80.5       0.000272813       0.000787213
              80.7       0.000265659       0.000758493
              80.9       0.000257211       0.000752666
              81.1       0.000253197        0.00074517
              81.3       0.000261207       0.000765437
              81.5       0.000264275       0.000774203
              81.7       0.000253841       0.000735997
              81.9        0.00025462        0.00075961
              82.1        0.00026035       0.000807874
              82.3       0.000243849       0.000734393
              82.5       0.000240548       0.000725002
              82.7       0.000230279       0.000696729
              82.9       0.000231135       0.000693072
              83.1       0.000238797       0.000740563
              83.3       0.000235433       0.000753542
              83.5       0.000238281        0.00074432
              83.7        0.00023251        0.00071661
              83.9        0.00023567        0.00073469
              84.1       0.000220394       0.000695329
              84.3       0.000226314       0.000699663
              84.5       0.000218918       0.000684709
              84.7       0.000221484       0.000723802
              84.9       0.000216289        0.00069845
              85.1       0.000203432       0.000644529
              85.3       0.000212184       0.000705399
              85.5       0.000208755       0.000678657
              85.7       0.000198333       0.000649645
              85.9       0.000203615       0.000671762
              86.1        0.00020268       0.000681133
              86.3       0.000196155       0.000640109
              86.5       0.000190296       0.000616215
              86.7       0.000190424        0.00065425
              86.9       0.000194341       0.000626322
              87.1       0.000190087        0.00066166
              87.3       0.000187851       0.000635322
              87.5       0.000190647       0.000660464
              87.7       0.000182352       0.000631686
              87.9       0.000177094        0.00061062
              88.1       0.000185886       0.000657135
              88.3       0.000176056         0.0006039
              88.5       0.000175751       0.000646435
              88.7       0.000174032       0.000609773
              88.9       0.000162139       0.000571964
              89.1       0.000174871       0.000648456
              89.3       0.000168434       0.000611526
              89.5       0.000167008       0.000604707
              89.7       0.000166497        0.00061045
              89.9       0.000160411        0.00058312
              90.1       0.000164507       0.000606646
              90.3       0.000160703        0.00059981
              90.5       0.000159751       0.000595711
              90.7       0.000153301       0.000563694
              90.9       0.000155899        0.00059606
              91.1       0.000156133       0.000576476
              91.3        0.00015378       0.000576117
              91.5         0.0001575       0.000593787
              91.7       0.000145408       0.000566076
              91.9       0.000148186       0.000573566
              92.1        0.00014626       0.000575461
              92.3       0.000144642       0.000564476
              92.5       0.000151896       0.000610262
              92.7        0.00013282       0.000526014
              92.9       0.000144597       0.000588695
              93.1       0.000136272       0.000538012
              93.3       0.000140219       0.000527189
              93.5       0.000134212       0.000522753
              93.7       0.000128413       0.000519042
              93.9       0.000137504       0.000544221
              94.1       0.000128663       0.000509139
              94.3       0.000131254       0.000524956
              94.5       0.000130939       0.000547132
              94.7       0.000128598       0.000518196
              94.9       0.000122785       0.000488497
              95.1       0.000119138       0.000476363
              95.3         0.0001171       0.000475357
              95.5       0.000124709       0.000500967
              95.7       0.000126597       0.000540095
              95.9       0.000122865       0.000509166
              96.1       0.000121345       0.000503883
              96.3       0.000118595       0.000504816
              96.5        0.00011627       0.000485673
              96.7       0.000110186       0.000463469
              96.9       0.000115136       0.000486023
              97.1        0.00010774       0.000479795
              97.3       0.000107939       0.000477515
              97.5       0.000110193        0.00048951
              97.7       0.000110161       0.000478264
              97.9       0.000100346       0.000466227
              98.1       0.000105736       0.000482249
              98.3       0.000112964       0.000495345
              98.5       0.000108805       0.000497342
              98.7       0.000105165       0.000476183
              98.9       0.000105407       0.000468341
              99.1       9.84105e-05       0.000477892
              99.3       9.97463e-05       0.000452939
              99.5       9.57849e-05       0.000425515
              99.7       9.41214e-05       0.000421968
              99.9       9.41787e-05       0.000436526
             100.1       9.90223e-05        0.00062272
             100.3       8.71267e-05       0.000407256
             100.5        9.4242e-05       0.000432692
             100.7       9.50706e-05        0.00044113
             100.9       9.43327e-05       0.000454978
             101.1       9.43288e-05       0.000426842
             101.3       8.60044e-05       0.000408749
             101.5       8.95471e-05       0.000415884
             101.7       8.57877e-05       0.000425945
             101.9       9.40683e-05       0.000431999
             102.1       8.21701e-05       0.000401896
             102.3       8.65703e-05        0.00045694
             102.5       8.09752e-05       0.000392342
             102.7       8.89584e-05        0.00044983
             102.9       8.43705e-05       0.000441266
             103.1       8.10537e-05       0.000415413
             103.3       8.18362e-05       0.000393957
             103.5       7.98557e-05       0.000414065
             103.7       8.06529e-05       0.000409804
             103.9       7.61486e-05       0.000383623
             104.1       8.00019e-05       0.000405498
             104.3       7.93278e-05       0.000391304
             104.5       7.70645e-05       0.000395367
             104.7       7.47161e-05        0.00037131
             104.9       8.04838e-05       0.000407604
             105.1       7.27285e-05       0.000372709
             105.3       7.38812e-05       0.000406344
             105.5       7.21842e-05       0.000380139
             105.7       7.60697e-05       0.000409942
             105.9        7.2958e-05       0.000402735
             106.1       6.99427e-05       0.000364117
             106.3       7.23967e-05       0.000370777
             106.5       6.90534e-05        0.00037487
             106.7       6.85752e-05       0.000358573
             106.9       6.61128e-05       0.000376863
             107.1       6.26925e-05       0.000336224
             107.3       6.47324e-05       0.000361754
             107.5       6.78264e-05       0.000392179
             107.7       6.10708e-05       0.000347748
             107.9       6.84591e-05       0.000418612
             108.1       6.45314e-05        0.00036921
             108.3       6.35782e-05       0.000352438
             108.5       6.60197e-05       0.000359916
             108.7       5.75519e-05       0.000325486
             108.9        6.0392e-05       0.000340452
             109.1        6.0367e-05       0.000333317
             109.3       6.34692e-05       0.000355401
             109.5       5.78849e-05       0.000330672
             109.7       5.93075e-05       0.000344054
             109.9       6.01616e-05       0.000352443
             110.1       5.69811e-05       0.000318763
             110.3       5.89743e-05       0.000330079
             110.5       5.82791e-05        0.00035656
             110.7       5.87742e-05       0.000345642
             110.9       5.77696e-05       0.000366377
             111.1       5.57786e-05       0.000329923
             111.3       5.40924e-05       0.000321985
             111.5       5.55111e-05       0.000349838
             111.7       5.42529e-05       0.000325554
             111.9       5.70499e-05       0.000348309
             112.1       5.53493e-05       0.000330481
             112.3       5.59478e-05       0.000348502
             112.5       5.01357e-05       0.000308037
             112.7       5.00144e-05       0.000312288
             112.9       5.34021e-05       0.000332333
             113.1       4.60042e-05       0.000283828
             113.3       5.04186e-05       0.000312702
             113.5       4.75835e-05       0.000301774
             113.7       5.40632e-05       0.000328722
             113.9       4.83896e-05       0.000313636
             114.1       5.25193e-05       0.000324091
             114.3       4.62678e-05       0.000313209
             114.5       4.74276e-05        0.00029524
             114.7       4.88191e-05       0.000315297
             114.9       4.50074e-05       0.000288137
             115.1       4.66604e-05       0.000328745
             115.3       4.70066e-05       0.000295971
             115.5       4.81364e-05       0.000322336
             115.7       4.21743e-05       0.000282759
             115.9       4.50099e-05       0.000289028
             116.1       4.28644e-05       0.000298668
             116.3       4.20599e-05       0.000267007
             116.5       4.24181e-05       0.000278733
             116.7       4.21315e-05       0.000292915
             116.9       3.93756e-05       0.000257769
             117.1       4.06651e-05       0.000275503
             117.3       4.28005e-05       0.000287176
             117.5       3.85166e-05       0.000273308
             117.7       3.97601e-05       0.000302266
             117.9       4.09791e-05       0.000296027
             118.1       3.74924e-05        0.00028332
             118.3       3.88668e-05       0.000276871
             118.5       4.08609e-05       0.000280708
             118.7       3.86803e-05       0.000259251
             118.9       4.05747e-05       0.000291445
             119.1       3.93863e-05       0.000292355
             119.3        3.8366e-05       0.000265518
             119.5       3.74135e-05       0.000284374
             119.7       3.68399e-05       0.000292804
             119.9       3.76092e-05       0.000273866
             120.1       3.55136e-05       0.000258736
             120.3       3.46731e-05       0.000243561
             120.5       4.05186e-05       0.000293112
             120.7       3.37426e-05       0.000255731
             120.9       3.69032e-05       0.000263732
             121.1       3.40133e-05       0.000251695
             121.3        3.4397e-05       0.000247334
             121.5       3.34288e-05       0.000241035
             121.7        3.4458e-05       0.000273007
             121.9       3.45827e-05       0.000242161
             122.1       3.43039e-05       0.000257906
             122.3       3.21191e-05       0.000237091
             122.5       3.09855e-05       0.000243788
             122.7       3.31612e-05       0.000243173
             122.9       3.14109e-05       0.000238792
             123.1       3.25014e-05       0.000253284
             123.3       3.06156e-05       0.000223451
             123.5         3.181e-05        0.00024419
             123.7       2.72853e-05       0.000218009
             123.9       2.85679e-05       0.000240886
             124.1       2.95471e-05       0.000260484
             124.3       3.06834e-05       0.000247557
             124.5       2.84351e-05       0.000233771
             124.7       2.99889e-05       0.000255147
             124.9       2.89339e-05       0.000233566
             125.1       2.76228e-05       0.000223785
             125.3       2.96867e-05       0.000243894
             125.5       3.11288e-05       0.000243174
             125.7       2.79526e-05       0.000228807
             125.9       2.95079e-05       0.000247297
             126.1       2.84082e-05       0.000238758
             126.3       2.76119e-05       0.000226189
             126.5       2.74486e-05       0.000241173
             126.7       2.72049e-05        0.00023048
             126.9       2.51157e-05       0.000199179
             127.1       2.66578e-05       0.000230584
             127.3       2.61781e-05       0.000222741
             127.5       2.76866e-05       0.000239635
             127.7       2.73766e-05       0.000224933
             127.9       2.52945e-05       0.000217885
             128.1       2.56172e-05       0.000226206
             128.3       2.59157e-05       0.000219714
             128.5       2.34919e-05       0.000205734
             128.7       2.28833e-05       0.000205274
             128.9       2.57603e-05        0.00023018
             129.1       2.46498e-05       0.000211691
             129.3        2.5153e-05       0.000220528
             129.5       2.29091e-05       0.000201598
             129.7       2.41848e-05       0.000203017
             129.9       2.29855e-05       0.000219653
             130.1       2.44792e-05       0.000214492
             130.3        2.0973e-05       0.000183593
             130.5       2.20473e-05       0.000192329
             130.7       2.18272e-05       0.000201118
             130.9       2.19564e-05       0.000190481
             131.1       2.29665e-05       0.000207784
             131.3       2.29261e-05       0.000208439
             131.5        2.2035e-05       0.000202918
             131.7       2.02028e-05       0.000186335
             131.9        2.0552e-05       0.000197076
             132.1       2.15624e-05       0.000193871
             132.3       2.11121e-05       0.000193793
             132.5       2.20703e-05       0.000220144
             132.7       2.07318e-05       0.000196603
             132.9        2.1052e-05        0.00023247
             133.1       2.17283e-05       0.000206799
             133.3       2.03273e-05       0.000190457
             133.5       2.08429e-05       0.000219544
             133.7       2.16928e-05       0.000208792
             133.9       1.91725e-05       0.000182185
             134.1       2.03753e-05       0.000196277
             134.3       1.96523e-05       0.000189588
             134.5       1.89322e-05       0.000201764
             134.7       1.68711e-05       0.000180846
             134.9       1.98112e-05       0.000191881
             135.1       1.97354e-05       0.000197487
             135.3       1.68592e-05       0.000170552
             135.5       1.81272e-05       0.000182594
             135.7       1.85445e-05       0.000186003
             135.9       1.83758e-05       0.000198112
             136.1       1.67889e-05       0.000166051
             136.3       1.76317e-05       0.000181515
             136.5       1.80902e-05       0.000194245
             136.7       1.65189e-05        0.00016565
             136.9       1.62704e-05       0.000169384
             137.1       1.72546e-05       0.000173661
             137.3        1.6983e-05       0.000177337
             137.5        1.5639e-05       0.000167956
             137.7       1.76174e-05       0.000194622
             137.9       1.63816e-05       0.000162319
             138.1       1.60384e-05       0.000190001
             138.3       1.69061e-05       0.000180647
             138.5        1.4893e-05       0.000158851
             138.7       1.59136e-05       0.000161973
             138.9       1.46976e-05       0.000157275
             139.1       1.54293e-05       0.000177606
             139.3       1.59024e-05       0.000176649
             139.5       1.36876e-05       0.000146661
             139.7       1.37185e-05       0.000164485
             139.9       1.27325e-05       0.000150135
             140.1       1.27742e-05       0.000154957
             140.3        1.4415e-05        0.00016238
             140.5       1.51471e-05       0.000169836
             140.7       1.26103e-05       0.000140904
             140.9       1.46208e-05       0.000175461
             141.1       1.36814e-05       0.000148429
             141.3        1.3917e-05       0.000154249
             141.5       1.35004e-05       0.000155157
             141.7       1.35241e-05       0.000156348
             141.9       1.45512e-05       0.000179111
             142.1       1.35405e-05       0.000156626
             142.3       1.29169e-05       0.000144567
             142.5       1.16959e-05       0.000133354
             142.7       1.16753e-05       0.000140255
             142.9        1.3075e-05        0.00015175
             143.1       1.43751e-05       0.000188868
             143.3       1.21457e-05       0.000155269
             143.5       1.16099e-05       0.000143609
             143.7       1.37501e-05       0.000175875
             143.9       1.27508e-05       0.000154852
             144.1       1.24773e-05       0.000149191
             144.3       1.36431e-05       0.000153555
             144.5       1.16025e-05       0.000143474
             144.7       1.18805e-05       0.000147004
             144.9       1.18129e-05        0.00014492
             145.1       1.17086e-05       0.000145559
             145.3       1.16536e-05       0.000153832
             145.5       1.17255e-05       0.000151078
             145.7       1.09198e-05       0.000140049
             145.9       1.11419e-05       0.000142355
             146.1       1.15226e-05       0.000145169
             146.3       8.89619e-06       0.000112655
             146.5       1.05109e-05       0.000128499
             146.7       1.02478e-05       0.000134435
             146.9       1.09269e-05       0.000128262
             147.1       1.06555e-05        0.00014899
             147.3       1.06797e-05       0.000151975
             147.5       1.13053e-05       0.000151284
             147.7       1.11478e-05       0.000146274
             147.9       1.00572e-05       0.000127042
             148.1       1.11088e-05       0.000141333
             148.3       1.09295e-05       0.000135112
             148.5       9.03606e-06       0.000118719
             148.7       9.34062e-06       0.000134172
             148.9          8.46e-06       0.000113517
             149.1       9.79241e-06       0.000140497
             149.3       1.09737e-05       0.000151036
             149.5       1.04272e-05       0.000158677
             149.7        9.1599e-06       0.000131141
             149.9       9.78236e-06       0.000136944
             150.1       8.30058e-06        0.00011336
             150.3        8.5602e-06       0.000116081
             150.5       9.11068e-06       0.000124425
             150.7        9.4101e-06        0.00013131
             150.9       1.00681e-05       0.000143774
             151.1       8.93954e-06       0.000121606
             151.3       7.71835e-06       0.000113249
             151.5        8.1222e-06       0.000119625
             151.7       8.76273e-06       0.000132169
             151.9       9.22428e-06        0.00012369
             152.1       8.41241e-06       0.000119481
             152.3       8.36714e-06       0.000112991
             152.5        8.3406e-06       0.000122814
             152.7       8.76958e-06       0.000130188
             152.9       9.55248e-06       0.000129697
             153.1       8.32232e-06       0.000123079
             153.3       8.94061e-06       0.000124342
             153.5       8.08759e-06       0.000116496
             153.7       8.55782e-06       0.000118439
             153.9       7.38186e-06       0.000109085
             154.1          7.75e-06       0.000118998
             154.3       6.79356e-06       0.000150326
             154.5       7.15003e-06       0.000102656
             154.7       6.85811e-06       0.000104581
             154.9       8.23293e-06       0.000122561
             155.1       8.38869e-06       0.000122813
             155.3       7.15865e-06       0.000107041
             155.5       7.24842e-06       0.000116704
             155.7       8.22116e-06       0.000115114
             155.9       7.64765e-06       0.000115784
             156.1       6.66639e-06       0.000107564
             156.3       6.12198e-06       0.000101674
             156.5       8.27174e-06       0.000140059
             156.7       7.18712e-06        0.00010669
             156.9       7.50707e-06       0.000126994
             157.1       7.70034e-06       0.000120395
             157.3       7.48998e-06       0.000109764
             157.5       7.26531e-06       0.000126209
             157.7       6.81014e-06       0.000112215
             157.9       7.47854e-06       0.000121073
             158.1       6.89761e-06       0.000110947
             158.3       5.94337e-06       0.000100886
             158.5       5.79235e-06       9.04986e-05
             158.7       6.92277e-06       0.000107278
             158.9       6.81001e-06       0.000109952
             159.1       7.13939e-06       0.000116926
             159.3       7.78577e-06       0.000132408
             159.5       7.34849e-06       0.000113076
             159.7       5.56578e-06       9.46477e-05
             159.9       5.55035e-06        9.7797e-05
             160.1       6.28277e-06       0.000104098
             160.3       6.40577e-06        0.00010765
             160.5       6.15679e-06       0.000107214
             160.7        5.6408e-06       0.000101991
             160.9       6.37081e-06       0.000110245
             161.1       5.75224e-06       9.29958e-05
             161.3       5.38654e-06       9.01565e-05
             161.5       6.09186e-06       0.000105192
             161.7        6.5394e-06       0.000110276
             161.9       6.30134e-06       0.000113931
             162.1       6.57346e-06       0.000108244
             162.3       5.55641e-06       0.000100507
             162.5       5.30496e-06       9.45096e-05
             162.7       6.28478e-06       0.000122583
             162.9       5.19994e-06       9.07848e-05
             163.1       5.53212e-06       9.62315e-05
             163.3       4.59756e-06       8.99323e-05
             163.5       5.93252e-06       0.000103464
             163.7       4.51782e-06       9.58503e-05
             163.9       5.53952e-06       9.66268e-05
             164.1       4.79535e-06       8.66516e-05
             164.3       5.32211e-06       8.84333e-05
             164.5       5.95843e-06       0.000112148
             164.7       5.00446e-06       8.94797e-05
             164.9       5.95648e-06        0.00011112
             165.1       4.35826e-06       8.34878e-05
             165.3        5.0626e-06       9.90273e-05
             165.5       5.27182e-06       9.74538e-05
             165.7       4.47363e-06       9.64508e-05
             165.9        5.1704e-06       9.86742e-05
             166.1        4.4008e-06       8.22255e-05
             166.3       4.55045e-06       9.77918e-05
             166.5       4.98456e-06       9.28833e-05
             166.7       4.07084e-06       7.89953e-05
             166.9       3.92706e-06       7.94791e-05
             167.1        4.5101e-06       8.92803e-05
             167.3       3.55863e-06       7.98454e-05
             167.5       3.79958e-06       6.88913e-05
             167.7       3.98681e-06       8.50029e-05
             167.9        4.5467e-06       9.99032e-05
             168.1       5.09635e-06        9.7794e-05
             168.3       3.49661e-06       6.80835e-05
             168.5       5.01706e-06       0.000103637
             168.7         3.755e-06       6.63075e-05
             168.9       3.65813e-06       6.89605e-05
             169.1       3.34955e-06       6.86033e-05
             169.3       3.97534e-06       7.77578e-05
             169.5       3.88583e-06       7.80236e-05
             169.7        3.9421e-06       8.78096e-05
             169.9       4.26247e-06       0.000101653
             170.1       3.56508e-06         8.311e-05
             170.3       3.79107e-06        7.2474e-05
             170.5       4.00158e-06       8.57673e-05
             170.7       3.68816e-06       8.48918e-05
             170.9        3.5983e-06       7.80776e-05
             171.1       3.43953e-06       8.52078e-05
             171.3        3.9566e-06       7.54318e-05
             171.5       4.36453e-06        8.7001e-05
             171.7        3.8203e-06       8.02292e-05
             171.9       3.09009e-06       6.40723e-05
             172.1       3.87383e-06       8.43953e-05
             172.3       3.69999e-06       9.13864e-05
             172.5       2.77994e-06        6.1601e-05
             172.7       3.28797e-06       6.68004e-05
             172.9       3.76135e-06       9.17825e-05
             173.1       3.54992e-06        7.5389e-05
             173.3       3.51455e-06       8.07275e-05
             173.5       2.98468e-06       7.77693e-05
             173.7       3.67045e-06       8.40076e-05
             173.9       4.07668e-06       8.39723e-05
             174.1       4.24501e-06       9.32349e-05
             174.3       3.41292e-06       6.71734e-05
             174.5       2.22607e-06       5.76354e-05
             174.7        3.3662e-06       7.33214e-05
             174.9       3.05171e-06       7.02682e-05
             175.1       3.41914e-06       7.58837e-05
             175.3       3.40515e-06       8.00827e-05
             175.5        2.9207e-06       7.83726e-05
             175.7       3.24308e-06       7.59719e-05
             175.9       2.65092e-06       6.62306e-05
             176.1       3.05475e-06       7.25802e-05
             176.3        3.0163e-06       6.41833e-05
             176.5       2.13516e-06       5.36942e-05
             176.7       2.93759e-06       6.74895e-05
             176.9       3.45689e-06       8.56924e-05
             177.1       2.98191e-06        7.1647e-05
             177.3       3.14488e-06       7.53245e-05
             177.5       3.49404e-06       7.57234e-05
             177.7       2.57169e-06       6.24721e-05
             177.9       2.86734e-06       6.67229e-05
             178.1        2.9079e-06       6.88216e-05
             178.3        3.1552e-06       7.16243e-05
             178.5       2.48412e-06       6.21432e-05
             178.7       3.41585e-06       8.66239e-05
             178.9       2.53344e-06       6.73053e-05
             179.1       2.68229e-06        6.2483e-05
             179.3       2.32698e-06       5.53072e-05
             179.5       2.72063e-06        6.8422e-05
             179.7       2.53603e-06       6.17345e-05
