               0.1          0.780715           0.02459
               0.3          0.773096         0.0262875
               0.5           0.77578          0.027942
               0.7          0.778984         0.0285356
               0.9          0.776554         0.0259996
               1.1           0.77491         0.0302989
               1.3          0.775029           0.03028
               1.5          0.776767         0.0268336
               1.7          0.774969         0.0293246
               1.9          0.772037         0.0296258
               2.1          0.772779         0.0296745
               2.3          0.771319         0.0294791
               2.5           0.77127         0.0301481
               2.7          0.768822         0.0296829
               2.9          0.768023         0.0297009
               3.1          0.766634         0.0311073
               3.3          0.762406         0.0319255
               3.5          0.764585         0.0309809
               3.7          0.760721         0.0300734
               3.9          0.760766         0.0316129
               4.1          0.758334         0.0310483
               4.3          0.756362         0.0324955
               4.5          0.754011         0.0345871
               4.7          0.751242         0.0325154
               4.9           0.74971           0.03477
               5.1          0.747875         0.0340051
               5.3          0.742269         0.0357024
               5.5          0.738449         0.0364017
               5.7          0.739423          0.035618
               5.9          0.732512         0.0385641
               6.1          0.730106         0.0386314
               6.3          0.725932          0.040893
               6.5           0.72045         0.0407496
               6.7          0.717273         0.0421077
               6.9          0.712171         0.0434565
               7.1          0.705813          0.044435
               7.3          0.702546         0.0465071
               7.5          0.696404         0.0457695
               7.7          0.689998          0.047575
               7.9          0.684237          0.048105
               8.1          0.673813         0.0520006
               8.3          0.668452         0.0549768
               8.5           0.65875         0.0560028
               8.7          0.651234         0.0584249
               8.9          0.643727         0.0597358
               9.1          0.631457         0.0649434
               9.3          0.619979         0.0678063
               9.5          0.607359         0.0705341
               9.7          0.592629         0.0741558
               9.9          0.575983         0.0827738
              10.1          0.557662          0.091226
              10.3          0.537939          0.102731
              10.5          0.511718          0.114892
              10.7          0.483107          0.126207
              10.9          0.461601          0.132406
              11.1          0.432844          0.140581
              11.3          0.409808          0.142638
              11.5          0.382415          0.146405
              11.7          0.356549          0.145024
              11.9          0.335687          0.143707
              12.1          0.317038          0.139512
              12.3           0.30197          0.138894
              12.5          0.283132          0.134234
              12.7          0.264909          0.127731
              12.9          0.244592          0.121967
              13.1          0.229565          0.115082
              13.3          0.212862          0.108079
              13.5          0.201941          0.105537
              13.7          0.188413         0.0959123
              13.9          0.175744         0.0863328
              14.1          0.162303         0.0800023
              14.3          0.151126         0.0727963
              14.5          0.140121         0.0647726
              14.7          0.129445         0.0569667
              14.9          0.122756         0.0541223
              15.1          0.113373         0.0485635
              15.3           0.10648         0.0447003
              15.5          0.101578         0.0426467
              15.7         0.0954061         0.0407075
              15.9         0.0891374         0.0380048
              16.1          0.085614         0.0363422
              16.3         0.0810073         0.0342946
              16.5         0.0774992         0.0333372
              16.7         0.0745289         0.0312406
              16.9           0.07033          0.029538
              17.1          0.067417         0.0283839
              17.3         0.0633615         0.0270557
              17.5         0.0604234         0.0254654
              17.7         0.0586883         0.0249374
              17.9         0.0560802         0.0244431
              18.1         0.0533425         0.0229105
              18.3         0.0520921         0.0232488
              18.5          0.049754         0.0220835
              18.7         0.0475966          0.021145
              18.9         0.0455518            0.0199
              19.1         0.0443073         0.0198571
              19.3         0.0421649         0.0189132
              19.5         0.0410856         0.0187784
              19.7         0.0392836         0.0180183
              19.9         0.0381401         0.0177379
              20.1         0.0368142         0.0168982
              20.3          0.035705         0.0163124
              20.5         0.0340357         0.0155571
              20.7         0.0330055         0.0153218
              20.9         0.0317249         0.0149245
              21.1         0.0307813         0.0145551
              21.3         0.0302273         0.0144381
              21.5         0.0291015         0.0136256
              21.7         0.0281555         0.0134567
              21.9         0.0271786         0.0129124
              22.1         0.0263742         0.0127006
              22.3         0.0255241         0.0124106
              22.5          0.024966         0.0118424
              22.7          0.024444         0.0119603
              22.9         0.0236601         0.0115586
              23.1         0.0229589         0.0116596
              23.3         0.0223248         0.0110868
              23.5          0.021629         0.0106822
              23.7         0.0211148         0.0107493
              23.9         0.0206779         0.0105721
              24.1         0.0199593          0.010148
              24.3         0.0196417         0.0101014
              24.5         0.0191878         0.0102732
              24.7         0.0186145        0.00977142
              24.9         0.0179705        0.00960024
              25.1         0.0174861        0.00906208
              25.3         0.0171566        0.00908957
              25.5          0.016912        0.00926237
              25.7         0.0165089        0.00891446
              25.9         0.0159646        0.00859974
              26.1         0.0156747         0.0085244
              26.3         0.0151137        0.00824043
              26.5         0.0147457        0.00843608
              26.7         0.0145163        0.00810731
              26.9         0.0140374        0.00770735
              27.1         0.0136766        0.00757384
              27.3         0.0134696         0.0077048
              27.5          0.013145        0.00741814
              27.7         0.0129021        0.00744887
              27.9         0.0126275         0.0072185
              28.1          0.012186        0.00727758
              28.3         0.0119748        0.00699491
              28.5         0.0117254        0.00677202
              28.7         0.0114231         0.0066146
              28.9         0.0113123        0.00669655
              29.1         0.0108911        0.00657781
              29.3         0.0106789        0.00642165
              29.5         0.0104556        0.00635673
              29.7         0.0103504        0.00630675
              29.9         0.0100896        0.00614312
              30.1         0.0100103        0.00638648
              30.3        0.00981899        0.00610911
              30.5        0.00952867        0.00582739
              30.7        0.00927391        0.00565705
              30.9        0.00908864        0.00588042
              31.1        0.00891955         0.0057352
              31.3        0.00881012         0.0054958
              31.5        0.00853067        0.00547662
              31.7        0.00833604        0.00554216
              31.9        0.00813964        0.00540834
              32.1         0.0081357         0.0052519
              32.3        0.00788947        0.00530046
              32.5        0.00778416        0.00527105
              32.7        0.00762537        0.00530769
              32.9         0.0072789        0.00489326
              33.1        0.00724515        0.00491825
              33.3        0.00718048        0.00483126
              33.5        0.00721032        0.00507359
              33.7        0.00680042        0.00480334
              33.9        0.00673888         0.0045871
              34.1        0.00666406        0.00483049
              34.3        0.00660855        0.00460901
              34.5        0.00636857        0.00447204
              34.7         0.0063231        0.00446801
              34.9        0.00617111        0.00432594
              35.1        0.00606122        0.00435089
              35.3        0.00596171        0.00434577
              35.5        0.00581924         0.0041827
              35.7        0.00570105        0.00410208
              35.9        0.00566355        0.00423633
              36.1        0.00549252        0.00416653
              36.3           0.00535        0.00395497
              36.5        0.00539614        0.00418666
              36.7        0.00526461        0.00402687
              36.9        0.00512248        0.00393099
              37.1         0.0050475        0.00389659
              37.3        0.00491471        0.00374924
              37.5        0.00484473         0.0037307
              37.7        0.00480157        0.00382103
              37.9        0.00468311        0.00370874
              38.1          0.004625        0.00368942
              38.3         0.0045914        0.00357467
              38.5        0.00448394        0.00362664
              38.7        0.00444531        0.00362481
              38.9         0.0042713        0.00344969
              39.1        0.00425936        0.00350343
              39.3        0.00424252        0.00349705
              39.5        0.00405352        0.00338523
              39.7         0.0039759        0.00331336
              39.9        0.00398323        0.00343668
              40.1        0.00390769        0.00325836
              40.3        0.00378986        0.00323754
              40.5        0.00378459        0.00326264
              40.7        0.00371789        0.00328357
              40.9        0.00375156        0.00325931
              41.1        0.00356824         0.0031418
              41.3        0.00349823        0.00302596
              41.5        0.00341655        0.00299162
              41.7        0.00345036        0.00309728
              41.9        0.00336364        0.00294356
              42.1        0.00327478        0.00288192
              42.3        0.00325229        0.00292879
              42.5        0.00320128        0.00296197
              42.7        0.00312165        0.00284519
              42.9        0.00310081        0.00283937
              43.1        0.00306531        0.00279198
              43.3        0.00298681         0.0027801
              43.5        0.00297263        0.00278127
              43.7        0.00290825        0.00275633
              43.9        0.00283849         0.0026509
              44.1        0.00286003        0.00271309
              44.3        0.00279363        0.00268949
              44.5        0.00274223        0.00265708
              44.7        0.00268427        0.00261059
              44.9        0.00264548        0.00256603
              45.1        0.00259213        0.00252355
              45.3        0.00255549        0.00256104
              45.5        0.00252391        0.00257038
              45.7        0.00247435         0.0024793
              45.9        0.00243846        0.00250003
              46.1           0.00241        0.00243737
              46.3        0.00240063        0.00244109
              46.5        0.00232823        0.00240816
              46.7        0.00231252         0.0023872
              46.9        0.00228736        0.00231832
              47.1        0.00222824        0.00230589
              47.3        0.00218258        0.00228832
              47.5        0.00214561        0.00228269
              47.7        0.00214748        0.00224268
              47.9        0.00213336         0.0024721
              48.1         0.0020649        0.00223137
              48.3        0.00205899         0.0022319
              48.5        0.00203613        0.00226067
              48.7        0.00200492        0.00220873
              48.9        0.00196804        0.00213111
              49.1         0.0019458        0.00223454
              49.3        0.00190136        0.00206972
              49.5         0.0018867        0.00214351
              49.7        0.00184354        0.00209849
              49.9         0.0018542        0.00217044
              50.1        0.00182126        0.00210711
              50.3        0.00175298        0.00202831
              50.5        0.00175687        0.00203741
              50.7         0.0017544        0.00204832
              50.9        0.00167178        0.00194456
              51.1        0.00165213        0.00192098
              51.3        0.00163487        0.00195615
              51.5        0.00163654        0.00192305
              51.7        0.00160235         0.0019679
              51.9        0.00156556        0.00186212
              52.1        0.00155752        0.00191333
              52.3        0.00152701         0.0018661
              52.5        0.00152403        0.00185581
              52.7        0.00150447        0.00189648
              52.9        0.00149137        0.00183307
              53.1        0.00145977        0.00181359
              53.3        0.00140929        0.00178446
              53.5        0.00139573        0.00174663
              53.7        0.00139602        0.00178536
              53.9        0.00137697        0.00170971
              54.1        0.00134283        0.00171842
              54.3         0.0013333        0.00170659
              54.5           0.00132        0.00172843
              54.7        0.00130322        0.00170294
              54.9        0.00129236        0.00175872
              55.1        0.00126048        0.00165639
              55.3        0.00124926        0.00166194
              55.5        0.00121815        0.00163005
              55.7        0.00121584        0.00161863
              55.9        0.00120241        0.00163569
              56.1        0.00117699        0.00163195
              56.3        0.00118077        0.00161805
              56.5        0.00113904        0.00157058
              56.7        0.00117043        0.00163642
              56.9        0.00113165        0.00154677
              57.1        0.00110582        0.00156038
              57.3         0.0010693        0.00153951
              57.5        0.00107366        0.00153411
              57.7        0.00105185         0.0015234
              57.9        0.00104792        0.00154254
              58.1        0.00104794        0.00151877
              58.3        0.00101478        0.00147069
              58.5       0.000998473        0.00147004
              58.7       0.000998622        0.00143984
              58.9        0.00100067        0.00154859
              59.1       0.000957471        0.00144058
              59.3       0.000957481         0.0014441
              59.5       0.000950557        0.00143878
              59.7       0.000940564        0.00142516
              59.9        0.00091582        0.00139675
              60.1       0.000904342        0.00139638
              60.3       0.000903077        0.00135376
              60.5        0.00088827        0.00137331
              60.7       0.000871628        0.00134671
              60.9       0.000853462        0.00132652
              61.1       0.000855374        0.00135068
              61.3        0.00083605        0.00131994
              61.5       0.000814994        0.00128058
              61.7       0.000826196        0.00134752
              61.9       0.000810252        0.00132057
              62.1       0.000800364        0.00127811
              62.3       0.000783779        0.00124822
              62.5       0.000773643        0.00125833
              62.7       0.000768915        0.00125802
              62.9       0.000751264        0.00124963
              63.1       0.000755196        0.00123808
              63.3       0.000741731        0.00125242
              63.5       0.000727983        0.00119961
              63.7       0.000742213        0.00125528
              63.9       0.000694326        0.00118589
              64.1       0.000722605        0.00124378
              64.3       0.000684069        0.00118309
              64.5       0.000680919        0.00116077
              64.7       0.000678756        0.00116967
              64.9       0.000665704        0.00117592
              65.1       0.000662228        0.00115801
              65.3       0.000652062        0.00115441
              65.5       0.000633459        0.00113709
              65.7        0.00063809        0.00112366
              65.9        0.00064752        0.00119478
              66.1       0.000637106        0.00115671
              66.3       0.000611258        0.00108163
              66.5       0.000605266        0.00111056
              66.7       0.000606744        0.00109451
              66.9       0.000591337        0.00107091
              67.1       0.000587699        0.00112868
              67.3       0.000592694         0.0011463
              67.5       0.000588695        0.00111724
              67.7       0.000559556        0.00105629
              67.9       0.000560851        0.00103526
              68.1        0.00055349        0.00103074
              68.3       0.000542918        0.00102924
              68.5       0.000540931         0.0010541
              68.7       0.000533989        0.00102233
              68.9       0.000521656        0.00104512
              69.1       0.000535409        0.00103808
              69.3       0.000531459         0.0010618
              69.5       0.000510505        0.00100933
              69.7       0.000497741        0.00097493
              69.9       0.000491358       0.000996617
              70.1       0.000490509       0.000969839
              70.3       0.000469111       0.000947539
              70.5       0.000479987       0.000969787
              70.7       0.000474548       0.000975431
              70.9       0.000472518       0.000990576
              71.1       0.000466434       0.000963673
              71.3       0.000457582       0.000935518
              71.5        0.00045413       0.000930381
              71.7       0.000431491        0.00091386
              71.9       0.000434224       0.000884783
              72.1       0.000440092       0.000946837
              72.3       0.000432742       0.000935989
              72.5       0.000415253       0.000883975
              72.7       0.000419515       0.000882001
              72.9       0.000414002       0.000885238
              73.1       0.000403852       0.000875861
              73.3       0.000407652       0.000898809
              73.5       0.000405036       0.000891391
              73.7       0.000402602       0.000877104
              73.9       0.000386479       0.000875197
              74.1       0.000386386       0.000851779
              74.3       0.000388719       0.000849846
              74.5       0.000385604       0.000868233
              74.7       0.000383476       0.000861817
              74.9       0.000371514       0.000841508
              75.1       0.000371188       0.000850423
              75.3       0.000359505       0.000822012
              75.5       0.000349802       0.000804421
              75.7       0.000355741       0.000810496
              75.9       0.000330187       0.000786882
              76.1       0.000341665       0.000784971
              76.3        0.00034802       0.000837979
              76.5       0.000332179       0.000777742
              76.7       0.000332961       0.000777899
              76.9       0.000328446       0.000783904
              77.1       0.000320223       0.000752436
              77.3       0.000321521       0.000753547
              77.5       0.000323742       0.000764229
              77.7       0.000316444       0.000780762
              77.9       0.000317054       0.000780134
              78.1       0.000311605       0.000763613
              78.3       0.000306218       0.000773788
              78.5       0.000300433       0.000749937
              78.7       0.000310113       0.000798425
              78.9       0.000292325       0.000719544
              79.1       0.000297055       0.000772482
              79.3       0.000288028       0.000735545
              79.5       0.000285381       0.000743329
              79.7       0.000289847       0.000748324
              79.9       0.000285322       0.000724666
              80.1       0.000273461       0.000724615
              80.3        0.00027773       0.000710257
              80.5       0.000268416       0.000694151
              80.7       0.000263681       0.000683215
              80.9       0.000264153       0.000718625
              81.1       0.000251498       0.000649248
              81.3       0.000264348       0.000712929
              81.5       0.000255966       0.000685184
              81.7       0.000254615       0.000706263
              81.9       0.000252307       0.000676887
              82.1       0.000248196       0.000655731
              82.3        0.00024226       0.000669667
              82.5       0.000238891       0.000633493
              82.7       0.000239616       0.000666007
              82.9       0.000234221       0.000647997
              83.1       0.000234207        0.00064662
              83.3       0.000236402       0.000650783
              83.5       0.000224254       0.000624207
              83.7       0.000230584       0.000654103
              83.9       0.000220705        0.00063304
              84.1       0.000219459       0.000608494
              84.3       0.000217447       0.000626937
              84.5       0.000215662       0.000642685
              84.7       0.000215075       0.000633779
              84.9        0.00021455       0.000643192
              85.1       0.000205843       0.000591796
              85.3       0.000209059       0.000630522
              85.5       0.000215642        0.00063884
              85.7       0.000200518       0.000593255
              85.9       0.000194143       0.000594039
              86.1       0.000198648       0.000588048
              86.3       0.000200943       0.000596815
              86.5       0.000189629       0.000577312
              86.7        0.00018281       0.000556862
              86.9       0.000192266       0.000606676
              87.1       0.000183419       0.000565996
              87.3        0.00019205       0.000604153
              87.5       0.000184447       0.000568415
              87.7       0.000181797       0.000550652
              87.9       0.000182921       0.000575819
              88.1       0.000177075       0.000577496
              88.3       0.000182773       0.000582035
              88.5       0.000173337       0.000550386
              88.7       0.000174479       0.000568282
              88.9       0.000179313       0.000580925
              89.1       0.000171246        0.00056729
              89.3       0.000163218       0.000524584
              89.5       0.000163727        0.00051983
              89.7       0.000162356       0.000543206
              89.9       0.000160572       0.000522672
              90.1       0.000161174       0.000538558
              90.3       0.000156823       0.000509252
              90.5       0.000160279       0.000522698
              90.7       0.000159687       0.000534435
              90.9       0.000157275       0.000549864
              91.1       0.000146781       0.000496856
              91.3       0.000162101       0.000546747
              91.5       0.000149254       0.000494264
              91.7       0.000150621       0.000524705
              91.9        0.00014897       0.000499719
              92.1        0.00014894       0.000524826
              92.3       0.000144511       0.000502527
              92.5       0.000139409       0.000489433
              92.7       0.000137809       0.000491447
              92.9       0.000141333       0.000501964
              93.1       0.000140218        0.00051106
              93.3       0.000134024       0.000486211
              93.5       0.000142365       0.000510311
              93.7       0.000128483       0.000462415
              93.9       0.000131625        0.00047324
              94.1       0.000134286       0.000487467
              94.3       0.000129761       0.000470078
              94.5       0.000130137       0.000489284
              94.7       0.000129529       0.000464561
              94.9       0.000124641       0.000462599
              95.1       0.000122168       0.000474707
              95.3        0.00012248       0.000471749
              95.5       0.000122681       0.000454054
              95.7       0.000122018       0.000466532
              95.9        0.00011693       0.000456692
              96.1       0.000118975       0.000464802
              96.3       0.000115224       0.000429556
              96.5       0.000113696        0.00044155
              96.7       0.000114818        0.00043623
              96.9       0.000112136       0.000478729
              97.1       0.000106498       0.000425627
              97.3       0.000110048       0.000445575
              97.5       0.000106664       0.000420399
              97.7        0.00010837       0.000434353
              97.9       0.000114807       0.000471981
              98.1       0.000101575       0.000393652
              98.3       0.000102554       0.000411488
              98.5       0.000101569       0.000397435
              98.7       0.000105073       0.000424909
              98.9       0.000100605       0.000407397
              99.1       0.000104248       0.000427502
              99.3       9.78347e-05       0.000418258
              99.5       0.000104737       0.000430678
              99.7       9.71525e-05       0.000394731
              99.9       9.71884e-05       0.000401101
             100.1       9.24581e-05       0.000386811
             100.3       9.51683e-05       0.000402202
             100.5       9.57316e-05       0.000419102
             100.7       9.37281e-05       0.000407238
             100.9       9.47682e-05        0.00039917
             101.1       9.08893e-05       0.000383256
             101.3       8.96095e-05       0.000375694
             101.5       9.14301e-05       0.000400943
             101.7       9.14741e-05       0.000409124
             101.9       8.42506e-05        0.00037204
             102.1       8.06637e-05       0.000362551
             102.3       8.59392e-05        0.00037693
             102.5       8.57222e-05       0.000385142
             102.7       8.49308e-05       0.000378916
             102.9       8.42118e-05       0.000390162
             103.1       8.41901e-05       0.000384229
             103.3       8.41589e-05       0.000388275
             103.5       8.13882e-05       0.000359906
             103.7       7.66223e-05       0.000334494
             103.9       7.94963e-05       0.000359324
             104.1       7.86314e-05       0.000357209
             104.3       7.66824e-05       0.000356783
             104.5       8.27398e-05       0.000390647
             104.7       7.72827e-05       0.000367331
             104.9       7.56044e-05       0.000357808
             105.1       7.32935e-05       0.000329026
             105.3       7.14615e-05       0.000345273
             105.5       7.46523e-05        0.00034979
             105.7        7.3879e-05       0.000364159
             105.9       7.27759e-05       0.000344858
             106.1       7.16326e-05       0.000330564
             106.3        6.8479e-05       0.000320393
             106.5       7.45925e-05       0.000370848
             106.7       6.68401e-05       0.000330834
             106.9       6.58319e-05       0.000323858
             107.1       6.55772e-05       0.000342812
             107.3       6.43751e-05       0.000316254
             107.5        6.9075e-05       0.000380682
             107.7       6.42321e-05        0.00033278
             107.9       7.06544e-05       0.000346221
             108.1       6.25264e-05       0.000312013
             108.3       6.43135e-05       0.000324023
             108.5       6.25501e-05       0.000312355
             108.7       6.38809e-05       0.000321357
             108.9       6.44634e-05       0.000341044
             109.1       6.01575e-05       0.000308086
             109.3       6.02198e-05       0.000306366
             109.5       6.03511e-05       0.000317618
             109.7       5.82873e-05       0.000307509
             109.9       6.19186e-05       0.000323046
             110.1       6.10202e-05       0.000320177
             110.3       5.65089e-05       0.000301564
             110.5       5.56679e-05       0.000287415
             110.7       5.77906e-05       0.000304591
             110.9       5.82116e-05       0.000314497
             111.1       5.46066e-05       0.000291845
             111.3       5.47426e-05       0.000309776
             111.5       5.51341e-05       0.000300643
             111.7       5.43018e-05       0.000288913
             111.9       5.21936e-05       0.000285558
             112.1       5.29658e-05         0.0002935
             112.3       5.48586e-05        0.00031258
             112.5       5.51539e-05       0.000303048
             112.7       5.14655e-05       0.000296733
             112.9       5.16753e-05       0.000292755
             113.1       5.14761e-05       0.000297449
             113.3       4.64334e-05       0.000269896
             113.5       5.11368e-05       0.000301291
             113.7       4.95856e-05       0.000294822
             113.9       4.97489e-05       0.000287597
             114.1       4.68105e-05       0.000268444
             114.3       4.66039e-05       0.000277732
             114.5       4.68624e-05       0.000277437
             114.7       4.81713e-05       0.000282125
             114.9       4.82722e-05       0.000291933
             115.1       4.80912e-05       0.000280275
             115.3       4.63516e-05       0.000282859
             115.5       4.63661e-05        0.00026529
             115.7       4.33693e-05       0.000252763
             115.9        4.3098e-05       0.000262343
             116.1       4.42191e-05       0.000294719
             116.3       4.31214e-05       0.000262149
             116.5       4.10271e-05       0.000255441
             116.7       4.15987e-05       0.000262732
             116.9       4.04268e-05       0.000251632
             117.1        4.0672e-05       0.000257933
             117.3       4.36759e-05       0.000277511
             117.5       4.11448e-05       0.000260242
             117.7       3.70268e-05       0.000233723
             117.9       4.01559e-05       0.000256336
             118.1       4.23307e-05       0.000281185
             118.3       4.22699e-05       0.000272753
             118.5       4.09115e-05       0.000278632
             118.7       3.79097e-05       0.000231187
             118.9       4.00226e-05       0.000252486
             119.1       3.79058e-05       0.000247894
             119.3        3.8005e-05       0.000237904
             119.5       3.61306e-05       0.000236092
             119.7       3.55853e-05       0.000239535
             119.9       3.62319e-05       0.000236965
             120.1       3.66436e-05       0.000251252
             120.3       3.94903e-05       0.000277755
             120.5       3.77522e-05       0.000252383
             120.7       3.56946e-05       0.000239482
             120.9       3.33431e-05       0.000221158
             121.1       3.52885e-05       0.000235793
             121.3       3.42336e-05        0.00023252
             121.5       3.24928e-05       0.000220809
             121.7       3.53028e-05       0.000261014
             121.9       3.19481e-05       0.000217729
             122.1       3.52094e-05       0.000252027
             122.3       3.29887e-05       0.000225735
             122.5       3.26484e-05       0.000218781
             122.7       3.17914e-05       0.000226897
             122.9       3.23107e-05       0.000239994
             123.1       3.06677e-05       0.000218502
             123.3       3.10235e-05       0.000220664
             123.5       3.07669e-05       0.000224757
             123.7       2.88838e-05       0.000210179
             123.9       3.07106e-05       0.000220296
             124.1       2.68887e-05       0.000191412
             124.3       3.05426e-05       0.000223603
             124.5       2.97071e-05       0.000227819
             124.7       2.94757e-05        0.00021677
             124.9       2.80099e-05       0.000203656
             125.1        2.7387e-05       0.000200873
             125.3        2.7914e-05       0.000216213
             125.5       2.93691e-05       0.000214482
             125.7       2.70068e-05       0.000201309
             125.9       2.87317e-05       0.000221482
             126.1       2.91077e-05       0.000217904
             126.3       2.55311e-05       0.000192744
             126.5       2.66737e-05       0.000204647
             126.7       2.51374e-05       0.000188179
             126.9        2.6319e-05       0.000203917
             127.1       2.80017e-05       0.000218016
             127.3       2.52851e-05       0.000195619
             127.5       2.44134e-05       0.000200952
             127.7       2.56509e-05       0.000206471
             127.9       2.65498e-05       0.000203693
             128.1        2.4441e-05       0.000188394
             128.3       2.61978e-05       0.000205363
             128.5       2.41432e-05       0.000188812
             128.7       2.39273e-05       0.000206274
             128.9       2.66668e-05       0.000215768
             129.1        2.4926e-05       0.000199323
             129.3         2.362e-05       0.000190899
             129.5       2.15487e-05       0.000178533
             129.7       2.29837e-05       0.000193902
             129.9       2.43878e-05       0.000198259
             130.1       2.28342e-05       0.000193744
             130.3        2.5502e-05       0.000213235
             130.5       2.19522e-05       0.000182703
             130.7       2.20298e-05       0.000178846
             130.9       2.22729e-05       0.000178902
             131.1         2.227e-05       0.000210318
             131.3       2.34392e-05       0.000207007
             131.5       2.07693e-05       0.000179986
             131.7       2.06059e-05       0.000169447
             131.9       2.02194e-05       0.000173347
             132.1       2.05289e-05       0.000180462
             132.3       1.99019e-05       0.000169022
             132.5       2.15087e-05       0.000181352
             132.7         1.981e-05        0.00016245
             132.9       2.11764e-05       0.000183879
             133.1       2.22502e-05       0.000201697
             133.3       2.05765e-05        0.00018318
             133.5       1.94463e-05       0.000177875
             133.7        1.7706e-05       0.000158292
             133.9       2.00446e-05        0.00017286
             134.1       1.84819e-05       0.000158955
             134.3       1.87718e-05       0.000177402
             134.5        1.9666e-05       0.000186085
             134.7       1.94778e-05       0.000178112
             134.9       1.86085e-05       0.000165441
             135.1       1.56445e-05       0.000146558
             135.3       1.92068e-05       0.000187167
             135.5       1.82468e-05       0.000170944
             135.7       1.88701e-05       0.000175873
             135.9        1.7213e-05       0.000160327
             136.1       1.80585e-05       0.000167217
             136.3       1.69257e-05       0.000157456
             136.5       1.72961e-05       0.000162545
             136.7       1.57278e-05       0.000145739
             136.9       1.59864e-05       0.000155432
             137.1       1.80329e-05       0.000178989
             137.3       1.67765e-05       0.000157401
             137.5       1.77224e-05        0.00017134
             137.7       1.77853e-05       0.000176777
             137.9       1.59601e-05       0.000153207
             138.1       1.48428e-05       0.000142026
             138.3       1.64754e-05       0.000165368
             138.5       1.50242e-05       0.000144586
             138.7       1.49894e-05       0.000150545
             138.9       1.35357e-05       0.000135296
             139.1       1.62127e-05       0.000166718
             139.3       1.48588e-05       0.000153537
             139.5        1.4075e-05        0.00013628
             139.7       1.60298e-05        0.00016725
             139.9       1.49586e-05       0.000159763
             140.1       1.46666e-05       0.000153265
             140.3       1.41127e-05       0.000140344
             140.5       1.50546e-05       0.000146185
             140.7       1.38178e-05       0.000136503
             140.9       1.50087e-05       0.000146163
             141.1        1.4723e-05       0.000150484
             141.3       1.40743e-05       0.000144097
             141.5       1.36519e-05       0.000135208
             141.7        1.3772e-05       0.000142882
             141.9       1.50779e-05       0.000155784
             142.1       1.35449e-05       0.000148473
             142.3       1.28825e-05       0.000130893
             142.5       1.25338e-05        0.00014614
             142.7       1.22357e-05       0.000132512
             142.9       1.14809e-05       0.000121205
             143.1       1.26958e-05       0.000133404
             143.3       1.19782e-05       0.000124898
             143.5       1.15979e-05       0.000123369
             143.7       1.14916e-05       0.000127996
             143.9       1.15918e-05       0.000133783
             144.1       1.18392e-05       0.000135386
             144.3       1.30891e-05        0.00014073
             144.5       1.16567e-05       0.000127641
             144.7       1.30927e-05       0.000151649
             144.9       1.15917e-05       0.000139596
             145.1       1.11001e-05       0.000123196
             145.3       1.04988e-05       0.000120262
             145.5       1.22874e-05       0.000135827
             145.7       1.14296e-05       0.000128313
             145.9        1.1244e-05       0.000129185
             146.1       1.01769e-05        0.00011771
             146.3       1.08644e-05        0.00012642
             146.5       1.12147e-05        0.00012895
             146.7       1.11779e-05       0.000140197
             146.9       1.04925e-05       0.000121555
             147.1       1.08048e-05       0.000138288
             147.3        1.1743e-05       0.000145102
             147.5       1.02251e-05       0.000129982
             147.7       1.08265e-05       0.000130008
             147.9       1.08412e-05       0.000125626
             148.1       1.05685e-05       0.000127762
             148.3       9.53836e-06       0.000109178
             148.5       9.09878e-06        0.00011668
             148.7       1.17121e-05         0.0001409
             148.9       1.00471e-05       0.000124176
             149.1       1.03473e-05       0.000131116
             149.3       9.10403e-06       0.000115692
             149.5       9.62595e-06       0.000108787
             149.7       8.57378e-06       0.000106891
             149.9       9.05883e-06       0.000112346
             150.1       9.55026e-06       0.000121567
             150.3       9.20885e-06       0.000114992
             150.5       1.02031e-05       0.000129813
             150.7       9.00379e-06       0.000111679
             150.9       8.60388e-06       0.000105393
             151.1       1.02397e-05       0.000133075
             151.3       9.20428e-06       0.000122778
             151.5        8.6388e-06       0.000111013
             151.7       9.10364e-06       0.000128552
             151.9       9.14537e-06       0.000117799
             152.1       8.66255e-06       0.000114322
             152.3       7.89894e-06       9.89026e-05
             152.5       8.91964e-06       0.000111069
             152.7       8.30144e-06        0.00011222
             152.9         7.686e-06       9.47553e-05
             153.1       9.10881e-06       0.000120802
             153.3       7.41588e-06       0.000104264
             153.5       8.20824e-06       0.000108435
             153.7       7.94061e-06       0.000109555
             153.9       7.06009e-06       0.000100471
             154.1       7.56154e-06       0.000106235
             154.3       8.60078e-06       0.000105981
             154.5       8.40481e-06         0.0001111
             154.7       7.50069e-06       0.000102412
             154.9       7.96022e-06        0.00012472
             155.1       8.11104e-06       0.000123584
             155.3       7.68255e-06        0.00011316
             155.5       6.61553e-06       9.03225e-05
             155.7       7.97076e-06       0.000106304
             155.9       7.47195e-06       0.000125762
             156.1       7.79578e-06       0.000108833
             156.3       6.66469e-06       0.000102531
             156.5       7.24222e-06       0.000103097
             156.7       7.67421e-06       0.000112184
             156.9       6.92472e-06       9.76744e-05
             157.1       6.53567e-06       9.44407e-05
             157.3       7.32645e-06       0.000106667
             157.5       6.66449e-06       9.29326e-05
             157.7       6.32725e-06       9.19404e-05
             157.9       6.06962e-06       9.50508e-05
             158.1       6.66218e-06       9.81008e-05
             158.3       6.98135e-06       0.000106033
             158.5       6.53094e-06       9.76514e-05
             158.7       6.22266e-06       8.41972e-05
             158.9          5.94e-06       0.000103397
             159.1       6.55607e-06       9.62727e-05
             159.3       6.55163e-06       9.83477e-05
             159.5       5.79111e-06        9.5841e-05
             159.7       6.11027e-06       0.000102977
             159.9       6.17005e-06       9.11374e-05
             160.1        6.3295e-06       0.000101598
             160.3       6.32524e-06       0.000100229
             160.5       6.94366e-06       0.000108095
             160.7        6.0086e-06       9.16531e-05
             160.9       5.96821e-06       8.84732e-05
             161.1       5.50186e-06       8.93789e-05
             161.3       6.25105e-06       0.000104968
             161.5       5.54556e-06       8.61753e-05
             161.7       6.07101e-06       0.000106366
             161.9       6.27252e-06       0.000100413
             162.1       5.39884e-06       8.45028e-05
             162.3       5.19909e-06       8.66603e-05
             162.5       5.85051e-06       9.60852e-05
             162.7       5.54515e-06       9.03458e-05
             162.9       4.86823e-06       7.80413e-05
             163.1       4.80988e-06       8.25641e-05
             163.3        5.5712e-06       8.96377e-05
             163.5       5.16039e-06       7.83378e-05
             163.7       4.80278e-06       7.14677e-05
             163.9       5.26425e-06       9.81797e-05
             164.1       6.78771e-06       0.000112916
             164.3       5.22083e-06       8.59925e-05
             164.5       5.46036e-06       8.76361e-05
             164.7       5.68426e-06       8.66938e-05
             164.9       4.83853e-06       8.17125e-05
             165.1       5.61338e-06       9.65114e-05
             165.3       3.88485e-06       6.79713e-05
             165.5       5.16505e-06       8.52144e-05
             165.7        3.8063e-06       6.73852e-05
             165.9       4.78569e-06       7.87453e-05
             166.1       5.21878e-06       8.60125e-05
             166.3        4.7395e-06       8.37828e-05
             166.5       5.43123e-06       9.61939e-05
             166.7       4.61315e-06       8.15365e-05
             166.9       4.56829e-06       8.02495e-05
             167.1       4.32209e-06       8.36146e-05
             167.3       4.32547e-06       7.89356e-05
             167.5       4.26699e-06       7.52979e-05
             167.7       4.70703e-06       9.14357e-05
             167.9       5.11993e-06       9.35001e-05
             168.1       4.05905e-06       8.30803e-05
             168.3       3.76935e-06       6.89675e-05
             168.5       4.37251e-06       7.60766e-05
             168.7       4.59477e-06       8.69891e-05
             168.9       4.44705e-06       8.03901e-05
             169.1       4.51805e-06       8.11904e-05
             169.3       3.46707e-06       6.49134e-05
             169.5       4.30034e-06       8.39253e-05
             169.7       3.51815e-06       6.85987e-05
             169.9       4.44362e-06        9.0683e-05
             170.1       3.40523e-06       6.11814e-05
             170.3       4.22865e-06        8.0895e-05
             170.5       4.31584e-06       8.11329e-05
             170.7       3.55709e-06       6.93475e-05
             170.9       3.62217e-06       7.62424e-05
             171.1       4.28999e-06       8.87646e-05
             171.3       4.61964e-06         9.049e-05
             171.5       3.65978e-06       6.77006e-05
             171.7       3.52009e-06       6.67233e-05
             171.9       3.09319e-06       6.22507e-05
             172.1       3.79448e-06       6.89222e-05
             172.3       3.54884e-06       6.48546e-05
             172.5       3.33185e-06       6.57872e-05
             172.7       3.86864e-06       7.32714e-05
             172.9       4.12225e-06       7.64918e-05
             173.1       3.37216e-06       7.66809e-05
             173.3        3.9254e-06       8.13494e-05
             173.5       3.72925e-06       8.17093e-05
             173.7       3.21778e-06       6.98458e-05
             173.9       4.00912e-06       9.76025e-05
             174.1       3.70011e-06       6.91131e-05
             174.3       3.88901e-06       0.000108088
             174.5       3.00837e-06       6.09404e-05
             174.7       3.12754e-06       6.53793e-05
             174.9       3.30686e-06         6.975e-05
             175.1       3.07231e-06       5.94111e-05
             175.3       3.07479e-06       6.27718e-05
             175.5       2.39003e-06        5.1393e-05
             175.7       3.05077e-06       6.35505e-05
             175.9       3.00818e-06       6.14063e-05
             176.1       3.66603e-06       7.16418e-05
             176.3       3.55461e-06       7.03472e-05
             176.5       3.75149e-06       8.12366e-05
             176.7        4.1547e-06       9.00224e-05
             176.9       3.56818e-06       8.58753e-05
             177.1       3.01582e-06       8.12435e-05
             177.3       2.70606e-06       6.17219e-05
             177.5       3.14965e-06       6.59333e-05
             177.7       3.30493e-06       6.77909e-05
             177.9        2.8393e-06       6.13863e-05
             178.1       2.88088e-06       6.13643e-05
             178.3       2.60344e-06       6.50323e-05
             178.5       3.21957e-06       6.71148e-05
             178.7       2.75384e-06       5.77965e-05
             178.9       2.45856e-06       5.85671e-05
             179.1       2.85962e-06       6.47755e-05
             179.3       2.51028e-06       5.88169e-05
             179.5        2.0463e-06       5.13114e-05
             179.7       2.79331e-06       6.18371e-05
