               0.1          0.778689         0.0354097
               0.3          0.779938          0.034457
               0.5          0.778641         0.0386743
               0.7          0.770071         0.0424699
               0.9          0.774756         0.0382946
               1.1          0.778334         0.0393066
               1.3           0.77875         0.0392718
               1.5          0.773832         0.0391207
               1.7          0.774472         0.0423216
               1.9          0.771675         0.0389429
               2.1          0.772573         0.0395817
               2.3          0.770579         0.0406521
               2.5          0.771338         0.0398857
               2.7          0.768302         0.0398625
               2.9          0.766953         0.0412567
               3.1          0.762694         0.0444399
               3.3          0.765653         0.0403561
               3.5          0.761769         0.0421021
               3.7          0.761789         0.0459296
               3.9          0.760893         0.0418898
               4.1          0.761002         0.0432803
               4.3          0.757117          0.042923
               4.5          0.752318         0.0446805
               4.7          0.750533          0.046519
               4.9          0.744868          0.048402
               5.1          0.744832          0.048668
               5.3          0.741764         0.0507326
               5.5          0.739775         0.0511065
               5.7          0.737967         0.0523915
               5.9          0.733307         0.0523969
               6.1          0.727828         0.0505273
               6.3          0.725066         0.0541332
               6.5          0.721165         0.0565905
               6.7          0.717546         0.0561827
               6.9          0.709785          0.059166
               7.1          0.704451         0.0601599
               7.3          0.702079         0.0618042
               7.5           0.69356          0.062681
               7.7          0.685527         0.0665615
               7.9          0.683663         0.0668112
               8.1           0.67462         0.0704147
               8.3          0.666557         0.0753161
               8.5          0.659968         0.0740918
               8.7          0.649648          0.079037
               8.9          0.640487          0.079755
               9.1          0.628527         0.0834491
               9.3          0.619202          0.087633
               9.5          0.604636         0.0910026
               9.7          0.591035         0.0967283
               9.9          0.575735          0.103764
              10.1          0.560908          0.107961
              10.3          0.534299          0.123408
              10.5          0.510385          0.132947
              10.7          0.478358           0.14378
              10.9          0.459308          0.148022
              11.1          0.431096          0.156822
              11.3          0.403217          0.157487
              11.5          0.380987          0.158397
              11.7          0.360199          0.157067
              11.9          0.340284          0.155276
              12.1          0.316953          0.152798
              12.3          0.304864          0.150957
              12.5          0.279472          0.144368
              12.7          0.265159          0.143211
              12.9          0.244064          0.136027
              13.1          0.229453          0.128194
              13.3          0.218709          0.123873
              13.5          0.200135          0.115048
              13.7          0.188082           0.10843
              13.9          0.175096          0.100479
              14.1           0.16369         0.0939315
              14.3          0.148961         0.0842615
              14.5          0.138962         0.0764388
              14.7          0.130884         0.0718534
              14.9          0.121424         0.0669022
              15.1          0.114661         0.0639051
              15.3          0.107552         0.0584992
              15.5          0.101997         0.0568979
              15.7         0.0956083         0.0523945
              15.9         0.0914276         0.0510016
              16.1         0.0869452         0.0494305
              16.3         0.0798574         0.0448651
              16.5         0.0775597         0.0447121
              16.7         0.0746114         0.0416841
              16.9         0.0695897         0.0390018
              17.1         0.0667097         0.0391527
              17.3           0.06558         0.0378716
              17.5         0.0610871         0.0358517
              17.7         0.0589171         0.0338071
              17.9         0.0563287         0.0322079
              18.1         0.0540204         0.0326108
              18.3         0.0509425         0.0308299
              18.5         0.0495084         0.0296426
              18.7         0.0472084         0.0271661
              18.9         0.0459637         0.0278247
              19.1         0.0439986         0.0270974
              19.3         0.0426468         0.0256297
              19.5         0.0411797          0.025135
              19.7         0.0391207         0.0241206
              19.9         0.0377158         0.0233405
              20.1           0.03764         0.0241756
              20.3         0.0355809         0.0218603
              20.5         0.0343008         0.0220152
              20.7          0.033545         0.0213616
              20.9         0.0323969         0.0207269
              21.1         0.0315813         0.0207637
              21.3          0.029981         0.0201255
              21.5         0.0292933         0.0195718
              21.7         0.0286795         0.0192536
              21.9         0.0268187         0.0178354
              22.1         0.0271538         0.0184715
              22.3         0.0257395         0.0174414
              22.5          0.024819         0.0163504
              22.7         0.0241702         0.0157555
              22.9         0.0237374         0.0161773
              23.1          0.022962         0.0158297
              23.3         0.0223362         0.0153417
              23.5         0.0219686         0.0151951
              23.7         0.0211555         0.0146313
              23.9         0.0207132         0.0146011
              24.1          0.020342         0.0147824
              24.3         0.0196202         0.0144074
              24.5         0.0193423          0.014227
              24.7         0.0186942         0.0132945
              24.9         0.0181467         0.0128359
              25.1         0.0174247         0.0126572
              25.3          0.017582         0.0132586
              25.5         0.0168608         0.0123749
              25.7         0.0165974         0.0125206
              25.9         0.0160063         0.0117325
              26.1         0.0156905         0.0116432
              26.3         0.0153415         0.0117084
              26.5         0.0145842         0.0108522
              26.7          0.014517         0.0111504
              26.9         0.0142193           0.01096
              27.1         0.0138192         0.0105085
              27.3         0.0135756         0.0106105
              27.5          0.013165         0.0100461
              27.7         0.0129242         0.0101758
              27.9         0.0127185         0.0103707
              28.1         0.0122152        0.00965981
              28.3         0.0118666         0.0094352
              28.5         0.0118001        0.00951434
              28.7         0.0115161        0.00924056
              28.9         0.0111812        0.00913524
              29.1         0.0112306        0.00927229
              29.3         0.0108715        0.00901497
              29.5         0.0106539        0.00887135
              29.7         0.0103792        0.00868749
              29.9         0.0101924          0.008643
              30.1        0.00996462        0.00854471
              30.3        0.00973027        0.00837617
              30.5        0.00969392        0.00840424
              30.7        0.00934832        0.00834208
              30.9        0.00912055        0.00779023
              31.1        0.00876923        0.00767425
              31.3         0.0086694        0.00761353
              31.5        0.00857122        0.00775489
              31.7        0.00851316        0.00741514
              31.9        0.00810393        0.00717726
              32.1         0.0081041        0.00738732
              32.3        0.00808594        0.00767941
              32.5        0.00781835        0.00721863
              32.7        0.00762631        0.00694026
              32.9        0.00759066        0.00722335
              33.1        0.00745561         0.0069804
              33.3        0.00725524        0.00694159
              33.5        0.00701479        0.00677704
              33.7        0.00690334        0.00640981
              33.9        0.00678924        0.00650957
              34.1        0.00659735        0.00650284
              34.3        0.00656055        0.00645284
              34.5        0.00647017        0.00626379
              34.7         0.0063667         0.0064707
              34.9        0.00618257        0.00609723
              35.1        0.00601303        0.00609419
              35.3        0.00602771        0.00617258
              35.5        0.00597824        0.00614561
              35.7        0.00574413        0.00583466
              35.9        0.00554307        0.00561314
              36.1        0.00554005        0.00568962
              36.3        0.00547376        0.00547326
              36.5        0.00533107        0.00551736
              36.7        0.00527944        0.00562318
              36.9        0.00512993        0.00545629
              37.1        0.00510503         0.0054436
              37.3        0.00502963        0.00541142
              37.5        0.00483795        0.00508441
              37.7        0.00471105        0.00502529
              37.9        0.00477836         0.0051399
              38.1        0.00460024        0.00501859
              38.3        0.00454148         0.0050081
              38.5        0.00449112        0.00494312
              38.7        0.00435502        0.00475399
              38.9        0.00439421        0.00497225
              39.1        0.00430148        0.00481345
              39.3         0.0041447        0.00463329
              39.5        0.00413613        0.00477475
              39.7        0.00389516        0.00452426
              39.9        0.00403336        0.00461834
              40.1        0.00401481        0.00477227
              40.3        0.00385441        0.00463226
              40.5        0.00378065        0.00441513
              40.7        0.00369654        0.00430659
              40.9        0.00370994        0.00473901
              41.1        0.00357577        0.00422316
              41.3        0.00351395        0.00425136
              41.5        0.00347471        0.00418755
              41.7        0.00343306        0.00418475
              41.9        0.00338425        0.00435102
              42.1        0.00325994        0.00413365
              42.3        0.00328322        0.00420149
              42.5        0.00325353        0.00406283
              42.7        0.00319708        0.00399858
              42.9        0.00304093        0.00390423
              43.1        0.00300682        0.00386015
              43.3        0.00296808        0.00382294
              43.5        0.00298026        0.00376805
              43.7        0.00294183        0.00371064
              43.9        0.00287286        0.00368521
              44.1        0.00284016        0.00370062
              44.3        0.00278895        0.00372812
              44.5        0.00276048        0.00358386
              44.7        0.00268306        0.00355367
              44.9         0.0026032        0.00342276
              45.1        0.00262199        0.00361019
              45.3        0.00258269        0.00343692
              45.5        0.00250476        0.00341755
              45.7        0.00250013         0.0034703
              45.9        0.00247422        0.00348556
              46.1        0.00243541        0.00331006
              46.3        0.00240612        0.00330584
              46.5        0.00232773        0.00334172
              46.7        0.00230398         0.0032793
              46.9        0.00231435        0.00323394
              47.1        0.00221882        0.00330793
              47.3        0.00225051        0.00329323
              47.5        0.00220304        0.00344301
              47.7        0.00218246        0.00324603
              47.9        0.00211848        0.00310003
              48.1        0.00207931        0.00307132
              48.3        0.00208828        0.00313001
              48.5        0.00197416        0.00288481
              48.7        0.00201004        0.00303028
              48.9        0.00191117          0.002965
              49.1        0.00196495        0.00298567
              49.3        0.00191452        0.00287619
              49.5         0.0018784        0.00287023
              49.7        0.00187204        0.00298083
              49.9        0.00179354        0.00274872
              50.1        0.00187359        0.00296234
              50.3         0.0018232        0.00286639
              50.5        0.00179711        0.00285937
              50.7        0.00172221        0.00276713
              50.9        0.00169572        0.00271473
              51.1        0.00168516        0.00266878
              51.3        0.00167795        0.00280821
              51.5         0.0016699        0.00269113
              51.7        0.00161977        0.00261164
              51.9        0.00157555        0.00266313
              52.1        0.00156593        0.00259308
              52.3        0.00151693        0.00256171
              52.5         0.0014822        0.00248556
              52.7        0.00154948        0.00277328
              52.9        0.00148184        0.00249808
              53.1        0.00143296        0.00256475
              53.3        0.00146542        0.00249128
              53.5        0.00141046        0.00251617
              53.7        0.00139191        0.00243799
              53.9        0.00138534        0.00247451
              54.1        0.00135725        0.00242279
              54.3        0.00133072        0.00234685
              54.5          0.001321        0.00240405
              54.7        0.00129387        0.00230846
              54.9        0.00130861        0.00234938
              55.1        0.00126943        0.00232938
              55.3        0.00123848        0.00223986
              55.5        0.00124175        0.00227606
              55.7        0.00120877         0.0022297
              55.9        0.00123463        0.00239285
              56.1        0.00120049        0.00220001
              56.3        0.00118996        0.00227569
              56.5        0.00113994         0.0021665
              56.7        0.00116436        0.00224737
              56.9        0.00111009        0.00208185
              57.1        0.00111236        0.00214125
              57.3        0.00112742        0.00221394
              57.5        0.00110762        0.00215944
              57.7        0.00107453        0.00215208
              57.9        0.00107578        0.00215379
              58.1        0.00103515        0.00206672
              58.3        0.00105948        0.00209477
              58.5        0.00102675        0.00208662
              58.7        0.00102646        0.00203261
              58.9       0.000981158        0.00192433
              59.1       0.000970902        0.00198528
              59.3       0.000960134        0.00197244
              59.5       0.000947573        0.00202185
              59.7       0.000953968        0.00203782
              59.9       0.000900672        0.00189476
              60.1       0.000910881        0.00193058
              60.3       0.000896778        0.00189801
              60.5       0.000907511        0.00194082
              60.7       0.000902589        0.00194843
              60.9       0.000854196        0.00176264
              61.1       0.000873446         0.0018735
              61.3        0.00081491        0.00174736
              61.5        0.00086219        0.00186357
              61.7       0.000801046        0.00178648
              61.9       0.000808121        0.00177533
              62.1       0.000798248        0.00175591
              62.3        0.00078779        0.00172512
              62.5        0.00079379        0.00176056
              62.7       0.000760263        0.00173012
              62.9       0.000748044        0.00172327
              63.1       0.000765906         0.0017307
              63.3       0.000737297        0.00171062
              63.5        0.00076119        0.00177079
              63.7       0.000728526          0.001629
              63.9        0.00072399        0.00168844
              64.1       0.000723357        0.00169432
              64.3       0.000678535        0.00164072
              64.5       0.000681092        0.00160017
              64.7       0.000700369        0.00163822
              64.9       0.000681783        0.00162657
              65.1       0.000667562        0.00158938
              65.3       0.000650195        0.00164137
              65.5       0.000640433        0.00153349
              65.7       0.000648919        0.00157364
              65.9       0.000670812        0.00174231
              66.1       0.000604041         0.0014726
              66.3       0.000617861        0.00153268
              66.5        0.00061328        0.00161048
              66.7       0.000597575         0.0015338
              66.9       0.000598747        0.00147051
              67.1       0.000588821        0.00144862
              67.3       0.000604474        0.00154126
              67.5       0.000564038        0.00147303
              67.7       0.000563113        0.00147264
              67.9       0.000555951        0.00144684
              68.1       0.000560427        0.00148414
              68.3       0.000547474        0.00143475
              68.5       0.000544429        0.00143152
              68.7       0.000525411        0.00137756
              68.9       0.000530002        0.00142412
              69.1       0.000540158        0.00146211
              69.3       0.000524162        0.00135045
              69.5       0.000510684        0.00137042
              69.7        0.00051079        0.00132555
              69.9       0.000486606         0.0013612
              70.1       0.000493111        0.00136903
              70.3       0.000468468         0.0012964
              70.5       0.000478706        0.00133967
              70.7        0.00049144        0.00146187
              70.9       0.000490293        0.00137075
              71.1       0.000469777        0.00130405
              71.3        0.00046212        0.00130169
              71.5       0.000453377         0.0012625
              71.7       0.000455588        0.00129543
              71.9       0.000433197        0.00124071
              72.1       0.000447143        0.00129485
              72.3       0.000443621        0.00130719
              72.5       0.000420353        0.00122039
              72.7        0.00043909        0.00127225
              72.9       0.000418928        0.00127749
              73.1       0.000400124        0.00119797
              73.3       0.000390307        0.00119226
              73.5         0.0003889        0.00118241
              73.7       0.000415616        0.00124863
              73.9       0.000384296        0.00117233
              74.1       0.000381707        0.00115202
              74.3       0.000387297        0.00115406
              74.5       0.000386438        0.00120269
              74.7       0.000373116        0.00116112
              74.9       0.000359438        0.00112148
              75.1       0.000374892        0.00113798
              75.3       0.000350613        0.00106292
              75.5       0.000373248        0.00115632
              75.7       0.000344976          0.001098
              75.9       0.000351163         0.0010871
              76.1       0.000343906        0.00109551
              76.3       0.000329655          0.001072
              76.5       0.000325819        0.00106951
              76.7       0.000334149        0.00106537
              76.9       0.000322169         0.0010645
              77.1       0.000325184        0.00106211
              77.3       0.000330636        0.00112915
              77.5       0.000315908        0.00102995
              77.7       0.000323532        0.00111921
              77.9       0.000331901        0.00111409
              78.1       0.000314522        0.00106431
              78.3       0.000314673        0.00106764
              78.5       0.000294772       0.000991345
              78.7       0.000309031         0.0010894
              78.9       0.000294367        0.00103868
              79.1       0.000291954        0.00100292
              79.3       0.000292167        0.00102436
              79.5        0.00027702        0.00095779
              79.7       0.000281843       0.000965024
              79.9       0.000275247       0.000971549
              80.1       0.000282732       0.000998161
              80.3        0.00026857       0.000937781
              80.5       0.000287913        0.00104754
              80.7       0.000268858       0.000975763
              80.9       0.000269603        0.00100345
              81.1       0.000271319        0.00101217
              81.3       0.000261078       0.000956915
              81.5       0.000255572       0.000952036
              81.7       0.000244568       0.000910685
              81.9       0.000259274       0.000971428
              82.1       0.000253057       0.000921486
              82.3       0.000251911       0.000937913
              82.5       0.000248408       0.000913822
              82.7       0.000242679       0.000889604
              82.9       0.000243808       0.000941143
              83.1       0.000227386        0.00087296
              83.3       0.000232717       0.000916429
              83.5        0.00023336       0.000909115
              83.7       0.000227412       0.000890513
              83.9       0.000232528       0.000893814
              84.1       0.000216985       0.000852191
              84.3       0.000231697       0.000951668
              84.5       0.000224127         0.0009003
              84.7       0.000225846       0.000895865
              84.9       0.000224031       0.000873891
              85.1       0.000221671       0.000895281
              85.3       0.000216503       0.000894081
              85.5       0.000205525       0.000842827
              85.7       0.000217772       0.000901438
              85.9       0.000214883       0.000917283
              86.1       0.000203953       0.000873099
              86.3       0.000194236       0.000801813
              86.5       0.000198957       0.000819025
              86.7       0.000202084       0.000880534
              86.9       0.000187903       0.000768832
              87.1       0.000188325       0.000801415
              87.3       0.000181927       0.000808678
              87.5       0.000183349       0.000794616
              87.7       0.000180752       0.000757065
              87.9       0.000178938       0.000747476
              88.1       0.000177287       0.000958178
              88.3       0.000178915       0.000794545
              88.5       0.000179003       0.000817694
              88.7       0.000167704       0.000743525
              88.9       0.000176899       0.000792041
              89.1       0.000178863       0.000781862
              89.3       0.000166822       0.000779577
              89.5        0.00016983       0.000761871
              89.7       0.000156086       0.000699694
              89.9       0.000168589       0.000758664
              90.1       0.000164888       0.000761537
              90.3       0.000157968       0.000736918
              90.5       0.000154225       0.000756913
              90.7       0.000147902        0.00065854
              90.9       0.000159226        0.00078433
              91.1       0.000145965       0.000650965
              91.3       0.000153127       0.000683798
              91.5       0.000151843       0.000686173
              91.7       0.000146231       0.000702975
              91.9       0.000148077       0.000700171
              92.1       0.000148795       0.000683936
              92.3        0.00014272       0.000670526
              92.5       0.000141905       0.000686001
              92.7       0.000143663       0.000697774
              92.9       0.000136888       0.000655345
              93.1        0.00013223       0.000618194
              93.3       0.000134905       0.000712509
              93.5       0.000131778       0.000671838
              93.7       0.000140284       0.000680289
              93.9         0.0001363       0.000678557
              94.1        0.00013711       0.000691683
              94.3       0.000139422       0.000674776
              94.5       0.000125634       0.000656995
              94.7       0.000127605       0.000647476
              94.9       0.000127823       0.000633356
              95.1       0.000117672       0.000623792
              95.3       0.000126913       0.000656175
              95.5       0.000118284       0.000609933
              95.7       0.000120992       0.000638712
              95.9       0.000121765       0.000684968
              96.1       0.000123594       0.000616666
              96.3       0.000118197       0.000623392
              96.5       0.000108705       0.000595151
              96.7       0.000113341       0.000579938
              96.9       0.000117508       0.000610599
              97.1        0.00011864       0.000649976
              97.3       0.000107297       0.000582405
              97.5       0.000112226       0.000595236
              97.7       0.000108073       0.000616203
              97.9       0.000110391       0.000597871
              98.1       0.000102511       0.000566944
              98.3       0.000108592       0.000581646
              98.5       0.000102675       0.000577177
              98.7       0.000102574       0.000564325
              98.9       9.99399e-05       0.000557669
              99.1       0.000107571       0.000613055
              99.3       0.000107097       0.000588707
              99.5       9.86551e-05       0.000550519
              99.7       9.85641e-05       0.000542616
              99.9       9.35594e-05       0.000528427
             100.1       9.22548e-05       0.000512483
             100.3       0.000101541       0.000581363
             100.5       8.61908e-05       0.000484852
             100.7        9.4546e-05       0.000554239
             100.9       9.18456e-05       0.000556291
             101.1       9.02856e-05        0.00051867
             101.3       9.04548e-05       0.000518681
             101.5       8.81656e-05       0.000497406
             101.7       9.32343e-05       0.000574608
             101.9       9.81846e-05       0.000569876
             102.1       9.04832e-05       0.000532627
             102.3       8.61226e-05       0.000531824
             102.5       9.04994e-05       0.000541522
             102.7       8.70018e-05       0.000496931
             102.9       8.56095e-05       0.000530389
             103.1       8.37405e-05       0.000539866
             103.3        8.5373e-05       0.000498687
             103.5       8.06976e-05        0.00051482
             103.7       8.29115e-05       0.000505357
             103.9       8.63796e-05       0.000532111
             104.1       7.83496e-05        0.00048937
             104.3       7.39432e-05       0.000458355
             104.5       7.92619e-05       0.000501675
             104.7       7.27722e-05       0.000472329
             104.9       7.74982e-05       0.000489126
             105.1       7.46837e-05       0.000469334
             105.3       7.35469e-05       0.000465783
             105.5       7.58841e-05       0.000479362
             105.7       7.17582e-05       0.000467149
             105.9       7.06512e-05       0.000460247
             106.1       7.27708e-05       0.000478786
             106.3       7.25846e-05        0.00049151
             106.5       7.09232e-05       0.000481345
             106.7       6.81698e-05       0.000476778
             106.9       7.16699e-05       0.000484431
             107.1       6.09504e-05       0.000413884
             107.3        6.6178e-05       0.000489065
             107.5       6.48059e-05        0.00046294
             107.7       6.14694e-05       0.000433419
             107.9       6.92226e-05       0.000475372
             108.1       6.28076e-05       0.000434786
             108.3       6.82593e-05       0.000460785
             108.5       6.08245e-05       0.000435008
             108.7       6.12511e-05       0.000414746
             108.9       6.21881e-05       0.000464265
             109.1       5.32974e-05       0.000386643
             109.3       6.53834e-05       0.000475588
             109.5       6.12845e-05       0.000413081
             109.7       5.76888e-05       0.000387704
             109.9       5.68205e-05       0.000408915
             110.1       6.18664e-05        0.00048363
             110.3       6.03272e-05       0.000424113
             110.5       5.92264e-05       0.000449147
             110.7       5.58529e-05       0.000406884
             110.9       5.53521e-05       0.000427848
             111.1       5.73672e-05       0.000432242
             111.3       6.10668e-05       0.000500078
             111.5       5.18866e-05       0.000399446
             111.7       5.14627e-05       0.000386654
             111.9       5.72492e-05       0.000426728
             112.1       5.68198e-05       0.000422921
             112.3       4.95948e-05       0.000368344
             112.5       4.54987e-05       0.000374551
             112.7       5.35608e-05       0.000435509
             112.9       5.06846e-05       0.000380113
             113.1       4.85837e-05       0.000392369
             113.3       5.17698e-05        0.00041708
             113.5       4.73785e-05       0.000371915
             113.7       4.68883e-05       0.000367659
             113.9       4.82083e-05        0.00037545
             114.1       4.81374e-05       0.000365077
             114.3       4.89661e-05        0.00038412
             114.5       4.80804e-05       0.000391867
             114.7       4.91389e-05       0.000400958
             114.9       5.13866e-05       0.000402281
             115.1       4.79978e-05       0.000363574
             115.3       4.53014e-05       0.000356041
             115.5       4.36513e-05       0.000355649
             115.7       4.39393e-05        0.00036768
             115.9       4.43381e-05       0.000398878
             116.1       4.63759e-05       0.000389691
             116.3       4.15214e-05       0.000337204
             116.5       4.11793e-05       0.000356468
             116.7       4.10185e-05       0.000356031
             116.9       4.52846e-05       0.000362681
             117.1       4.34995e-05       0.000400266
             117.3       4.31434e-05       0.000362839
             117.5       3.66813e-05       0.000318584
             117.7       3.98292e-05       0.000344236
             117.9       3.97136e-05       0.000341102
             118.1        4.0986e-05       0.000348049
             118.3       3.97025e-05       0.000330726
             118.5        4.0087e-05       0.000343963
             118.7        3.8714e-05       0.000349429
             118.9       4.14596e-05       0.000396574
             119.1       3.82468e-05       0.000326759
             119.3       3.70176e-05       0.000321034
             119.5       3.77144e-05       0.000334372
             119.7       4.02322e-05       0.000368199
             119.9        3.4991e-05       0.000344816
             120.1       3.72355e-05       0.000337634
             120.3       3.34221e-05       0.000315604
             120.5       3.51315e-05       0.000334592
             120.7       3.34603e-05       0.000309172
             120.9       3.23512e-05       0.000308806
             121.1       3.53073e-05       0.000316159
             121.3        3.5468e-05       0.000350998
             121.5       3.67459e-05       0.000349717
             121.7       2.94992e-05        0.00028615
             121.9       3.33878e-05       0.000325744
             122.1       3.22519e-05       0.000321611
             122.3       3.16521e-05       0.000297492
             122.5       3.58171e-05       0.000333779
             122.7       3.02789e-05       0.000290022
             122.9       3.14129e-05        0.00031119
             123.1       3.01323e-05        0.00030523
             123.3         3.243e-05       0.000320468
             123.5       3.13873e-05       0.000300444
             123.7       3.09207e-05       0.000314239
             123.9       3.06895e-05       0.000304187
             124.1       3.06447e-05       0.000282425
             124.3       2.73158e-05       0.000285362
             124.5       2.81492e-05       0.000289439
             124.7       2.60819e-05       0.000263907
             124.9       2.90125e-05       0.000293765
             125.1        2.9216e-05       0.000292772
             125.3       3.14997e-05       0.000320821
             125.5        3.0626e-05       0.000320587
             125.7       3.08953e-05       0.000337605
             125.9        2.9248e-05       0.000291111
             126.1       2.76563e-05       0.000303336
             126.3       2.84888e-05       0.000283139
             126.5       2.77028e-05       0.000280039
             126.7       2.55774e-05        0.00027265
             126.9       2.65197e-05       0.000291063
             127.1       2.81998e-05       0.000318975
             127.3       2.86936e-05       0.000301229
             127.5       2.65983e-05       0.000290014
             127.7        2.5385e-05       0.000253819
             127.9       2.73457e-05       0.000273581
             128.1       2.31851e-05       0.000240655
             128.3       2.81066e-05        0.00031147
             128.5        2.4129e-05       0.000270175
             128.7       2.42206e-05       0.000262652
             128.9       2.16593e-05       0.000243151
             129.1       2.62252e-05       0.000290369
             129.3       2.41192e-05       0.000254388
             129.5       2.11363e-05        0.00024972
             129.7        2.2984e-05       0.000246051
             129.9       2.19756e-05       0.000247175
             130.1       2.39525e-05       0.000264462
             130.3       2.51454e-05       0.000289638
             130.5       2.12473e-05       0.000232021
             130.7       2.31504e-05       0.000275905
             130.9       2.22392e-05       0.000251081
             131.1       1.96768e-05       0.000234622
             131.3       2.18612e-05       0.000275057
             131.5       2.16287e-05       0.000247814
             131.7       1.91358e-05       0.000222301
             131.9       1.90574e-05       0.000229201
             132.1       2.05499e-05       0.000238327
             132.3       2.04873e-05       0.000248052
             132.5        1.9198e-05       0.000235344
             132.7       2.26252e-05       0.000294385
             132.9       2.05373e-05       0.000252968
             133.1       1.87648e-05       0.000224272
             133.3       2.18833e-05       0.000261894
             133.5       2.10792e-05        0.00027739
             133.7        1.6512e-05       0.000203462
             133.9       1.68392e-05       0.000204835
             134.1       1.80493e-05       0.000239824
             134.3       1.75569e-05       0.000212638
             134.5       1.90544e-05       0.000245058
             134.7       1.97249e-05       0.000240281
             134.9       1.89879e-05       0.000243349
             135.1       1.79339e-05       0.000230636
             135.3       1.78579e-05       0.000224178
             135.5       2.03864e-05        0.00024804
             135.7       1.86318e-05        0.00023257
             135.9       1.64924e-05       0.000206424
             136.1       1.96537e-05       0.000254075
             136.3       1.87072e-05       0.000224747
             136.5       1.52556e-05       0.000193462
             136.7        1.6632e-05       0.000215178
             136.9       1.74697e-05       0.000217964
             137.1       1.99762e-05       0.000256796
             137.3       2.11114e-05       0.000287096
             137.5       1.77381e-05       0.000222926
             137.7       1.75969e-05       0.000235788
             137.9       1.57008e-05        0.00020316
             138.1       1.75744e-05       0.000216555
             138.3       1.71919e-05       0.000264889
             138.5       1.61536e-05       0.000212781
             138.7       1.62905e-05       0.000215798
             138.9       1.52336e-05       0.000217749
             139.1       1.71181e-05       0.000218898
             139.3       1.59514e-05       0.000232059
             139.5       1.62821e-05       0.000212189
             139.7       1.56663e-05       0.000234115
             139.9       1.64439e-05       0.000218572
             140.1       1.49673e-05       0.000238136
             140.3       1.33429e-05       0.000177843
             140.5        1.5535e-05       0.000211621
             140.7       1.33635e-05        0.00019391
             140.9       1.50003e-05       0.000201775
             141.1       1.49662e-05        0.00021157
             141.3       1.29129e-05        0.00020206
             141.5       1.22525e-05       0.000183005
             141.7       1.21371e-05       0.000174811
             141.9       1.37062e-05       0.000209788
             142.1       1.34997e-05       0.000193702
             142.3       1.40191e-05       0.000199882
             142.5        1.2921e-05       0.000190087
             142.7       1.21448e-05       0.000181814
             142.9       1.29926e-05       0.000179419
             143.1       1.34548e-05       0.000215075
             143.3       1.26079e-05       0.000176156
             143.5       1.15652e-05       0.000176024
             143.7       1.19358e-05       0.000188135
             143.9       1.38591e-05       0.000232174
             144.1       1.14046e-05       0.000189334
             144.3       1.14773e-05         0.0001646
             144.5       1.44487e-05       0.000216207
             144.7       1.07706e-05       0.000180908
             144.9       1.15849e-05       0.000192003
             145.1       1.21071e-05        0.00018979
             145.3       1.09666e-05       0.000173983
             145.5       1.16327e-05       0.000186399
             145.7       1.18566e-05        0.00018809
             145.9       1.23978e-05       0.000195773
             146.1       1.12812e-05       0.000181306
             146.3       1.21821e-05       0.000189014
             146.5       9.99108e-06       0.000147951
             146.7       1.29939e-05        0.00019641
             146.9       1.05607e-05       0.000160142
             147.1       1.02011e-05       0.000168527
             147.3       9.36081e-06       0.000152212
             147.5       1.05916e-05       0.000180107
             147.7       9.57864e-06       0.000150313
             147.9        1.1054e-05       0.000181706
             148.1       1.04658e-05       0.000155058
             148.3       9.97877e-06       0.000175635
             148.5       8.21676e-06       0.000135694
             148.7       1.06214e-05       0.000168858
             148.9       1.14344e-05       0.000175758
             149.1       1.08774e-05       0.000211702
             149.3       9.03484e-06       0.000162557
             149.5       8.40152e-06       0.000129065
             149.7       9.24811e-06       0.000175492
             149.9       9.75629e-06       0.000160522
             150.1       8.55466e-06       0.000142719
             150.3        9.7044e-06       0.000171955
             150.5       8.57558e-06       0.000139836
             150.7       9.55166e-06       0.000160126
             150.9       9.93819e-06       0.000159853
             151.1        9.8743e-06       0.000169205
             151.3       1.00519e-05       0.000165093
             151.5       8.71646e-06       0.000152361
             151.7       8.46309e-06       0.000149612
             151.9        9.4729e-06       0.000179891
             152.1       8.98505e-06       0.000183016
             152.3       7.01891e-06        0.00013996
             152.5       9.46116e-06       0.000158315
             152.7       6.63613e-06       0.000111824
             152.9       7.78238e-06       0.000148411
             153.1       7.68847e-06       0.000138169
             153.3       7.17567e-06       0.000131759
             153.5       7.57005e-06       0.000128995
             153.7       8.22138e-06       0.000148824
             153.9       7.61022e-06       0.000141846
             154.1        6.4773e-06       0.000114852
             154.3       7.20533e-06       0.000134035
             154.5       8.51125e-06       0.000165663
             154.7        6.7934e-06       0.000139541
             154.9       7.32985e-06       0.000141471
             155.1       7.52261e-06       0.000141058
             155.3       7.49501e-06       0.000150035
             155.5       9.26113e-06       0.000173469
             155.7       7.32488e-06       0.000154195
             155.9       7.39401e-06       0.000156514
             156.1       8.10959e-06       0.000155312
             156.3       6.91107e-06       0.000131926
             156.5       8.56104e-06       0.000189134
             156.7       6.68535e-06       0.000126667
             156.9       6.92299e-06       0.000127552
             157.1        6.8412e-06       0.000139718
             157.3       6.83172e-06       0.000141366
             157.5       8.38066e-06       0.000154444
             157.7       6.69076e-06       0.000123045
             157.9       6.98197e-06       0.000145018
             158.1        6.0809e-06       0.000119673
             158.3       5.15184e-06       0.000115125
             158.5         6.936e-06       0.000129641
             158.7       7.01565e-06       0.000144327
             158.9       6.26963e-06        0.00012713
             159.1       7.25749e-06       0.000138554
             159.3       7.01618e-06       0.000145505
             159.5       5.94609e-06       0.000125822
             159.7       6.14234e-06       0.000121914
             159.9       5.85771e-06       0.000117688
             160.1       5.42469e-06       0.000133986
             160.3       5.77692e-06       0.000123753
             160.5       5.32752e-06       0.000126449
             160.7        6.1065e-06       0.000141044
             160.9       5.84911e-06       0.000124631
             161.1       5.50454e-06       0.000116534
             161.3        4.8152e-06       9.91605e-05
             161.5       6.48805e-06       0.000126629
             161.7       6.27475e-06       0.000144595
             161.9       5.60102e-06       0.000136329
             162.1       5.99229e-06       0.000133123
             162.3       3.99471e-06       8.78448e-05
             162.5       5.24823e-06       0.000108123
             162.7       4.73324e-06       0.000111666
             162.9       5.44827e-06       0.000119534
             163.1        6.1722e-06       0.000131319
             163.3       5.05266e-06       0.000123839
             163.5       6.00401e-06       0.000134772
             163.7       5.41713e-06       0.000135371
             163.9       4.99695e-06       0.000118622
             164.1       5.79016e-06       0.000117573
             164.3       5.07589e-06       0.000120629
             164.5        4.7416e-06       0.000103327
             164.7       4.70868e-06       9.86539e-05
             164.9       5.24638e-06       0.000136214
             165.1        5.3899e-06       0.000124522
             165.3       4.88989e-06       0.000120937
             165.5       5.74529e-06        0.00013194
             165.7       4.20177e-06        0.00010469
             165.9       3.95614e-06       0.000112434
             166.1       5.13189e-06       0.000129318
             166.3       6.34904e-06       0.000141426
             166.5       3.44428e-06       8.18031e-05
             166.7       4.78958e-06       0.000112853
             166.9       4.56648e-06       0.000104512
             167.1       5.58332e-06       0.000145499
             167.3       5.46774e-06       0.000143175
             167.5       4.60523e-06        0.00010104
             167.7       3.98794e-06       9.68377e-05
             167.9       4.08954e-06       0.000106769
             168.1       3.77363e-06        8.8653e-05
             168.3       5.28698e-06       0.000127488
             168.5       3.99273e-06       9.36861e-05
             168.7       4.36332e-06       0.000105975
             168.9       3.17887e-06       8.40765e-05
             169.1       3.98365e-06       9.55223e-05
             169.3       3.80405e-06       9.73253e-05
             169.5       4.71126e-06       0.000117887
             169.7       3.87786e-06       0.000100235
             169.9       3.22113e-06       0.000103506
             170.1       3.65721e-06       9.75374e-05
             170.3       3.78226e-06        9.3625e-05
             170.5       4.89646e-06       0.000114458
             170.7       3.79405e-06       9.42223e-05
             170.9       4.85659e-06       0.000125263
             171.1       4.08861e-06       0.000100732
             171.3       3.51941e-06       0.000112032
             171.5       4.26835e-06       0.000109417
             171.7       4.22894e-06       9.87763e-05
             171.9       3.39348e-06       0.000103511
             172.1       2.17511e-06       6.28467e-05
             172.3       3.38383e-06       8.47097e-05
             172.5       3.01157e-06       8.21936e-05
             172.7       4.21049e-06       0.000108216
             172.9       4.74378e-06       0.000146441
             173.1        3.3623e-06       0.000102093
             173.3        2.7439e-06       7.82029e-05
             173.5        3.3169e-06       8.77081e-05
             173.7       3.50585e-06         0.0001019
             173.9       2.45774e-06        7.1189e-05
             174.1       3.69766e-06       9.63087e-05
             174.3       3.77834e-06       0.000101299
             174.5       3.57142e-06       9.44674e-05
             174.7       4.49732e-06       0.000117538
             174.9       3.03278e-06       9.20658e-05
             175.1       3.13387e-06       8.14342e-05
             175.3       3.23792e-06       9.02251e-05
             175.5       3.24162e-06       9.05535e-05
             175.7       4.06575e-06       0.000103936
             175.9       3.52195e-06       9.51479e-05
             176.1       3.27628e-06       8.80841e-05
             176.3       3.30218e-06       9.06436e-05
             176.5       2.94241e-06        0.00010014
             176.7       2.93817e-06       9.09572e-05
             176.9        2.6802e-06       8.43311e-05
             177.1       3.32361e-06       9.72568e-05
             177.3       2.67573e-06       8.26731e-05
             177.5        3.7743e-06       0.000119798
             177.7       2.66448e-06       8.43172e-05
             177.9       2.78134e-06       8.11523e-05
             178.1       2.83323e-06       7.67044e-05
             178.3       2.83327e-06       8.02099e-05
             178.5       2.17603e-06       6.55932e-05
             178.7       4.05612e-06        0.00014483
             178.9       3.27468e-06       8.64426e-05
             179.1       2.91684e-06       9.45011e-05
             179.3        2.5167e-06       7.97285e-05
             179.5       2.90624e-06       9.88151e-05
             179.7       3.04053e-06       8.93375e-05
